0.000000000000000000e+00 0.000000000000000000e+00 0.000000000000000000e+00
-5.842643076577240180e+01 -5.842643076577240180e+01 9.761330826322568016e-03
-1.159347399792630000e+02 -1.031593356289820065e+02 -7.664660778682602649e-02
-1.249301201845116509e+02 -1.031408432947286542e+02 -3.258707528390960007e-01
-1.519635656358460096e+02 -1.192202941263939948e+02 -1.207699681666420055e+00
-1.625964892267463426e+02 -1.326009278813139929e+02 -2.105793760948900140e+00
-1.609056542921726702e+02 -1.322234180358116475e+02 -2.838285066089750064e+00
-3.821851941067448877e+01 -9.856923424733867023e+01 -3.717176166798250136e+00
2.306261950599449051e+01 -6.209591853569307318e+00 -4.386020431504199735e+00
1.301018987807345297e+02 1.834707781432051092e+02 -4.826897724580070381e+00
5.592522582210848725e+01 1.367999633949792155e+02 -4.923367591577989977e+00
9.506971627576999140e+01 1.637050642855708134e+02 -5.924153057363829689e+00
6.817818035241501207e+01 1.799936483781169159e+02 -6.493612542295839951e+00
1.584717494575025114e+02 2.661214251585585089e+02 -7.167729700382629687e+00
1.827255557231185321e+02 2.628268260234931972e+02 -7.040973235941709873e+00
1.416316372305415143e+02 2.290849248443474266e+02 -8.373213148356889235e+00
1.440479320313025084e+02 2.449853575476244032e+02 -8.215640457748040859e+00
1.644583067177374858e+02 2.403279107024671077e+02 -8.929987402388050555e+00
1.732670868613359971e+02 2.600569416349362655e+02 -8.712340839324930641e+00
1.331921934457395480e+02 2.184275200697317132e+02 -1.055211312788880029e+01
1.466822231452109975e+02 2.508028847202269844e+02 -1.019984498214950008e+01
1.292338506227929997e+02 2.331908442096475369e+02 -1.028209851947899978e+01
1.604158346331794860e+02 2.695415262821522902e+02 -1.185929613332140065e+01
1.370440384790645396e+02 2.263222818903105917e+02 -1.130062428098220018e+01
1.463186753124495567e+02 2.347839064449946420e+02 -1.258249044339850009e+01
1.360663835988639789e+02 2.377537053026636329e+02 -1.275766770954779972e+01
1.274361433079889991e+02 2.153813786519138205e+02 -1.239367561464229972e+01
1.731995793511345028e+02 2.616794668965472965e+02 -1.338749404250570052e+01
2.063671015061810010e+02 3.151108039115997599e+02 -1.196291665696590023e+01
1.763227216886444921e+02 2.641419044381283925e+02 -1.283441696807479993e+01
1.773853250362805056e+02 2.654132709237495646e+02 -1.375101136628670062e+01
2.071577003175574418e+02 2.867210253895726169e+02 -1.347814209907330074e+01
2.001941304914754483e+02 3.051806813535222886e+02 -1.619132275432859913e+01
1.495809350387660004e+02 2.246425213136384116e+02 -1.421709518690149920e+01
1.679315775608023955e+02 2.475217141689872165e+02 -1.561793009879469984e+01
2.078978443791137920e+02 2.806722764869153934e+02 -1.398372077447480066e+01
1.983803005791873204e+02 2.729603981789977070e+02 -1.410457230983170085e+01
1.860052578548875033e+02 2.645568144836506690e+02 -1.529009076877020057e+01
2.412738774582085171e+02 3.228900756864065897e+02 -1.520369779981549918e+01
1.587570307306249333e+02 2.402835613632547336e+02 -1.565828721154720071e+01
2.244725923358130046e+02 2.971528593901206818e+02 -1.458508215422479992e+01
1.817071804368894163e+02 2.577303315446496299e+02 -1.446894898164929977e+01
1.627065520490751283e+02 2.409801100751446370e+02 -1.467567238247159978e+01
2.057521197307285092e+02 2.630445512999871767e+02 -1.563467607235659962e+01
2.648748970917671954e+02 3.243569301719209079e+02 -1.314317308542280038e+01
2.003532994418705186e+02 2.664965544171766965e+02 -1.444373735686249915e+01
2.527468963663902173e+02 3.075683089924737033e+02 -1.511578218458419975e+01
2.400414525684981868e+02 2.977867141952707470e+02 -1.433067577055740038e+01
2.186892961093590202e+02 2.654177418097480654e+02 -1.382902755338390044e+01
2.559174720708302857e+02 3.076540564357043195e+02 -1.440035992745239923e+01
2.831921807583620421e+02 3.240996600829905105e+02 -1.523767706641529962e+01
2.654847651253804202e+02 2.985297885195997765e+02 -1.512823385506739982e+01
2.531477402742749518e+02 3.079247682462665807e+02 -1.406675153054430005e+01
2.506410293791391268e+02 2.912216259431812659e+02 -1.456483659807289932e+01
2.770361004953198290e+02 3.065183959725501950e+02 -1.460475313787640061e+01
2.597238354333596817e+02 3.076452883762506190e+02 -1.605659166944069938e+01
2.556068006791737730e+02 2.990081842444513427e+02 -1.435610477774680049e+01
2.503485556074238048e+02 2.917762217543805718e+02 -1.456445794051609965e+01
2.953714467008082920e+02 3.323748358604069040e+02 -1.604182419761700018e+01
2.742105861888489926e+02 2.817964164504602991e+02 -1.456443518033820084e+01
3.002118731914810041e+02 3.237461340360385407e+02 -1.629075610916699901e+01
2.576238012329100115e+02 2.822866330023787782e+02 -1.478121123952490024e+01
2.978254216980678848e+02 3.235615674769518364e+02 -1.539036078282919995e+01
3.059014162454843131e+02 3.168601842158718682e+02 -1.520987961679800016e+01
2.996475413599819149e+02 3.235796272796953872e+02 -6.542328518831665107e+00
3.085172030351810122e+02 3.323870508803601069e+02 -1.608862056297069998e+01
2.727317206970866437e+02 2.904193691087309617e+02 -1.478604537837260047e+01
2.619972803054504880e+02 2.905041910325579693e+02 -1.533033379518849948e+01
2.986698347807006257e+02 3.167637813284449066e+02 -1.561347486941489926e+01
2.649127328841055942e+02 2.740441613768811067e+02 -1.460221041853250057e+01
3.109928117927863127e+02 3.226075999159523917e+02 -1.490475919802629967e+01
3.144595106065573873e+02 3.236837498220232305e+02 -1.481708398580549968e+01
3.217217054189795817e+02 3.326932968479545139e+02 -1.521310271673860015e+01
2.629953465049708257e+02 2.724275911176571299e+02 -1.548136540322370003e+01
3.294238049069902559e+02 3.385526016083530862e+02 -7.645690891255563670e+00
2.865364030885241391e+02 2.992549165773640425e+02 -1.606143415469869851e+01
3.290419937903722598e+02 3.324734815378178041e+02 -6.487939920188464882e+00
3.616089425700828315e+02 3.735395881389401893e+02 -7.744669519182664885e+00
3.366334902324491622e+02 3.499015591860995755e+02 -1.654775046994890175e+01
3.258617166804846761e+02 3.245981778018511932e+02 -1.556417782268930061e+01
3.065218198093205046e+02 3.242890103345961279e+02 2.920689093085684362e-01
3.390107274132893735e+02 3.338028128924631233e+02 -1.713566435150130118e+01
2.950684746855549747e+02 2.973904964380257638e+02 -8.531328661237562727e+00
3.407077545698955987e+02 3.647541758094110378e+02 -7.803967718343965743e+00
3.353555762096169701e+02 3.476600766643551879e+02 -1.537511705904320003e+01
2.912815194679155866e+02 2.999364026974572539e+02 -7.905036357706762828e+00
3.352856016051109691e+02 3.318379198186984809e+02 -8.979508736749064468e+00
3.020965264320078063e+02 2.990389092376907456e+02 1.988237607950066987e+00
3.169281953362485069e+02 3.249479855423689969e+02 -1.679741638418530059e+01
3.783571576153859155e+02 3.665876164484568562e+02 2.768247424095662268e-01
3.159886647201718120e+02 3.236294977869918057e+02 -8.079039250132964867e+00
3.603111012901841264e+02 3.664174901881502251e+02 1.051889991099868027e+00
3.234291879470725917e+02 3.327623355722471956e+02 9.920792681466899410e+00
2.986382346230199119e+02 2.991931591764319478e+02 -1.683821602394619887e+01
3.590025904255466571e+02 3.734176925565495253e+02 -8.524553571789162731e+00
3.747859446335364737e+02 3.811913590459619741e+02 1.768395753474423771e+01
3.034871701153384720e+02 2.985010630372159426e+02 -7.488910125965663411e+00
3.376480229606756893e+02 3.414505710212858958e+02 4.897075707557689839e-01
3.519565620498174781e+02 3.582398316692462004e+02 1.840687360886761326e-02
3.679786385017906127e+02 3.583680480266285713e+02 7.952382164274698795e+00
3.211276337063009123e+02 3.155723020871876656e+02 -1.130843252017328382e-01
2.987018659105925167e+02 2.989983716105838312e+02 -8.294566617965163147e+00
3.104855332646935722e+02 3.149325434093747731e+02 1.791188780360993604e+01
3.038806496870511751e+02 3.063692990587082932e+02 4.234418913529579953e+01
3.183316512685948396e+02 3.248415967007589416e+02 3.266198172718630133e+01
3.457583286562011722e+02 3.313831280172627771e+02 -7.767774306621063829e+00
3.069081662615407140e+02 3.070746584076085242e+02 5.056124289279010497e+01
3.455217905239493348e+02 3.493591227486784874e+02 2.678241346321966176e+01
3.427430931587989562e+02 3.404858609689890727e+02 5.015217351046089789e+01
3.167655753604544202e+02 3.316926027539815891e+02 5.062979629276060223e+01
3.368687151277985095e+02 3.399865695063400040e+02 6.790704453689410514e+01
3.264853087604607254e+02 3.237617498976395041e+02 6.705446847277710276e+01
3.311250373490436232e+02 3.225203077372935354e+02 4.155504972608619596e+01
3.097407534469382995e+02 3.153351527443460895e+02 6.666358333111969614e+01
3.460253789492431338e+02 3.486315819003414731e+02 9.152055585732819054e+01
3.123619415794090060e+02 3.154677211088265949e+02 5.151543255261120180e+01
3.383126255276794723e+02 3.394919032090799078e+02 5.887891820856690117e+01
3.444592254083803482e+02 3.569695655927272924e+02 1.336206517697094114e+02
3.811055476869091194e+02 3.815467429650237818e+02 5.947316790125859853e+01
3.641304094868283414e+02 3.654433412680412516e+02 6.582024776110679909e+01
3.355603517589671014e+02 3.496102705283306591e+02 1.167303346777069919e+02
3.548615222650435044e+02 3.573284236815397890e+02 1.173140588260940831e+02
3.282317508872246208e+02 3.243240310378166100e+02 5.861040465989010073e+01
3.134878397697237915e+02 3.054085969265307199e+02 1.001447216500696982e+02
3.376825241070606580e+02 3.318371700629596148e+02 6.695806091406619487e+01
3.688281770718435268e+02 3.737265869471889346e+02 1.168728608977582866e+02
3.602505771446654421e+02 3.644573698689227399e+02 1.596367107439627944e+02
3.878375079338136970e+02 3.899673318426607693e+02 9.240673385947799545e+01
3.798028300998138889e+02 3.729983451494182418e+02 1.323786454927819136e+02
3.800383884005947834e+02 3.810168054054723825e+02 1.338362976793939083e+02
3.290797498741945901e+02 3.313253782461271157e+02 1.502235892263559833e+02
3.281458714589821852e+02 3.310143440676544060e+02 1.837552808092200962e+02
3.526494108049428178e+02 3.565413221730485702e+02 1.673010848422737809e+02
3.262759972387353855e+02 3.238350442421667026e+02 1.510331524190857806e+02
2.974351310380011455e+02 2.991377904705427682e+02 1.931166300717881086e+02
3.470544807755381385e+02 3.492265731500441461e+02 1.665245120690125873e+02
3.405308771993487653e+02 3.413899782509747638e+02 1.425669813127694852e+02
3.532218752114275730e+02 3.489927093401218485e+02 1.670205279661114730e+02
3.319727902740729064e+02 3.321449911836465958e+02 1.260662667066407892e+02
3.481018555368431748e+02 3.489493748500046877e+02 1.743677233089261165e+02
3.566223937735600202e+02 3.495377235955572814e+02 1.921574684558066224e+02
3.790443903715050169e+02 3.754004883497199216e+02 2.010656899908502169e+02
3.640442949719316630e+02 3.575497270975656079e+02 1.753541199004458235e+02
3.294742103078640980e+02 3.332610390288663780e+02 1.835728471722667905e+02
3.045626229386955970e+02 3.071428132097153139e+02 2.258816869147269131e+02
3.376332398814172961e+02 3.413331368782514801e+02 2.006583786334793160e+02
3.631155004851854642e+02 3.652881386215403268e+02 2.335948448144013980e+02
3.471651737788264427e+02 3.402961348791230876e+02 2.083340746908934022e+02
3.273970534527168752e+02 3.316281045271155108e+02 2.261684549703170148e+02
3.293069967834235285e+02 3.227059439881390972e+02 1.594155250329968965e+02
2.977189242831660749e+02 2.992971188613739741e+02 2.010220984603742238e+02
3.544425959240413135e+02 3.575251660275760059e+02 2.334480292041465930e+02
3.179791673886680883e+02 3.233315877174341040e+02 2.089878363957895999e+02
3.553324688067884836e+02 3.569330026029726923e+02 2.255313566301396122e+02
3.737766483361987184e+02 3.740983236879420133e+02 2.335891619239611998e+02
3.888746007994346883e+02 3.818456581652733917e+02 2.083284597444566089e+02
3.959075874849776255e+02 3.988418305656010148e+02 2.670444065037870018e+02
3.387931673959749901e+02 3.405753923506923115e+02 2.172170488279316203e+02
3.616427174703614469e+02 3.726920467050734942e+02 2.330951124688575931e+02
3.239112443971795301e+02 3.241776656838513873e+02 1.917790462373994274e+02
3.800707488144298054e+02 3.821412955525624966e+02 2.673341558394694744e+02
3.807584468035200871e+02 3.823870849236167828e+02 2.170848330287690260e+02
3.315819848967103098e+02 3.235739435080254225e+02 2.675570864237988076e+02
3.218828418002328249e+02 3.242721958063544321e+02 2.582514430836002930e+02
3.561014174486639945e+02 3.489164304612903607e+02 2.422760063104374524e+02
3.896088633341412901e+02 3.913607226669234933e+02 2.667186982845436773e+02
3.637488356181950167e+02 3.487121948567651657e+02 2.579432639564224132e+02
3.646670362627540385e+02 3.646490174085192280e+02 2.509026646993944212e+02
3.390397990355360776e+02 3.398183499715647713e+02 2.923347817630385634e+02
3.299374355226628950e+02 3.326843204994926850e+02 2.587704800424560290e+02
3.700228769338804113e+02 3.734299170020503880e+02 2.422972134666009367e+02
3.715831980027082864e+02 3.733535110822674028e+02 2.922364130764385663e+02
3.732247143862704206e+02 3.746286559954531867e+02 3.009546826726431732e+02
3.597002694885718483e+02 3.651221023675906281e+02 2.745132032134750375e+02
3.806157932437578211e+02 3.830312041051050755e+02 2.840863095873694988e+02
3.478944206422552838e+02 3.486400815124549695e+02 3.096394447514318244e+02
3.404702574543673563e+02 3.404984439341698135e+02 2.761998459626382214e+02
3.877182567935143993e+02 3.902487279363469952e+02 3.167110762439270957e+02
3.788708518616168703e+02 3.816029733355451299e+02 2.589572399170277777e+02
3.547118775271462709e+02 3.568666398490872780e+02 2.257058545185355172e+02
3.774680798868405986e+02 3.808227918470552140e+02 2.915543952195100701e+02
3.729396331846602948e+02 3.659624971325572460e+02 3.170266315764041565e+02
3.765421726625335737e+02 3.821764662790083094e+02 2.838186848972903249e+02
3.883772078272810973e+02 3.902475648481158714e+02 3.095630364625307038e+02
3.707351190437944410e+02 3.815407106212527992e+02 2.921432510086103207e+02
3.559442024125638113e+02 3.572925916290676014e+02 2.759227444291674942e+02
3.714430218483813064e+02 3.652044366264736368e+02 3.342379959859815131e+02
3.622037420117250122e+02 3.647202604572345308e+02 3.341631350205066155e+02
3.650707611596229185e+02 3.670787471016926702e+02 2.925565883657336599e+02
3.153562092487968016e+02 3.144753234686039605e+02 2.912665725622391619e+02
3.395910910097994702e+02 3.409522636993314109e+02 2.849537939360583891e+02
4.221499612389844742e+02 4.067772053546001985e+02 3.256710630672957905e+02
3.469400241378513670e+02 3.483837161279588486e+02 2.588087509182786903e+02
3.892308945716084736e+02 3.829452344526599177e+02 2.918524537886628423e+02
3.236644441337330136e+02 3.246535623992596129e+02 2.668812243763682091e+02
3.407147822554535992e+02 3.331234432786160937e+02 2.923165536280076253e+02
3.488336405118728862e+02 3.414603235867961075e+02 2.920728181477620637e+02
3.891291680295557853e+02 3.830161248778110235e+02 3.087673530579837120e+02
3.563362718743363189e+02 3.670798230907685138e+02 2.503038856652717072e+02
3.295069605153497037e+02 3.318064396577253774e+02 2.836052001519465193e+02
3.375897724104430608e+02 3.405337698169356031e+02 2.921317768139727491e+02
3.732808027570338254e+02 3.571939861111890195e+02 2.927408514521550273e+02
3.387302674088853678e+02 3.408951706271433864e+02 3.261637672387446969e+02
3.601450705070332674e+02 3.650537684816003434e+02 3.008755781203631727e+02
3.803903793134876992e+02 3.745802694932795021e+02 3.093303262945748884e+02
3.616336051770623499e+02 3.657011288026585589e+02 3.266604770039049299e+02
3.774879116458503745e+02 3.826420749491953188e+02 3.421169896515328901e+02
3.721262665842785964e+02 3.735135984794507067e+02 2.918048153506396147e+02
3.874161250565624073e+02 3.900958462588070006e+02 3.424531650995263021e+02
3.455274366339746734e+02 3.482156604972304876e+02 3.088019442815356115e+02
3.459720237911950562e+02 3.488674695303694762e+02 3.010963699486128462e+02
3.891334133981674768e+02 3.917664570823527015e+02 3.089546597152527170e+02
3.808816604453236891e+02 3.743250997051039235e+02 3.009831734873117739e+02
3.309861348492287902e+02 3.318942036949401881e+02 3.426231422729705969e+02
3.884889078206248882e+02 3.897284403089863645e+02 3.592531847098715048e+02
3.479631684740593300e+02 3.490800073391877731e+02 3.261928646012806894e+02
3.401596853426082703e+02 3.410578034558307081e+02 2.760468164055359352e+02
3.466005587509843622e+02 3.498741003114905652e+02 3.416491422875845956e+02
3.817493044215875102e+02 3.831027558429120177e+02 3.160584244485636987e+02
3.975567662568795981e+02 3.992518782276783327e+02 3.008430140490559666e+02
3.574784597755987079e+02 3.582110848762819160e+02 2.999473325089489322e+02
3.979853151482438989e+02 4.072070023070119760e+02 2.924916317277455278e+02
3.458508827943038568e+02 3.488764044868892711e+02 3.174712093849851726e+02
3.742125489387956918e+02 3.741698991353943029e+02 3.174261725083068768e+02
3.906425176554743075e+02 3.913022988346784814e+02 3.340234666583544936e+02
3.718697260944568370e+02 3.740378376542961973e+02 3.079960816311671010e+02
3.970753164099922969e+02 3.987349940698688329e+02 3.581418792245694931e+02
3.823109463918443112e+02 3.833863015993034082e+02 3.085882419904975222e+02
3.968892074413571436e+02 3.987327390605004211e+02 3.590305313032208119e+02
3.811627589419770175e+02 3.817215348977505300e+02 3.259934907113267286e+02
4.059594087106918892e+02 3.993993868580799358e+02 3.173140022761284058e+02
3.526395965540348243e+02 3.582174116699014803e+02 3.338303346347349816e+02
3.979941506641522437e+02 3.990604638088815364e+02 3.662099750094524211e+02
3.734172509228696413e+02 3.745179843482944193e+02 3.172763592714223932e+02
3.821240046882824117e+02 3.820723545723898837e+02 3.262471068101688161e+02
3.632905530272396391e+02 3.669501989109753595e+02 3.509338756321734536e+02
3.897142214572451735e+02 3.912359277160442730e+02 3.674763343302949465e+02
4.062058553442342941e+02 4.069440709729822743e+02 3.335817211387043812e+02
3.736535018941968360e+02 3.750527348126759080e+02 3.093599388928557232e+02
3.786106150126828993e+02 3.822172389413642009e+02 3.670065391289195418e+02
4.045267110368923227e+02 4.079664813886523120e+02 3.342242576745554175e+02
3.803566672264886961e+02 3.827766927378389710e+02 3.335752511434225198e+02
4.154322882846893208e+02 4.155506623071098602e+02 3.596650470149854755e+02
4.219589073716470580e+02 4.243086290356657742e+02 3.593230546671072716e+02
3.806938626285913188e+02 3.830113968027927740e+02 3.015508786117758291e+02
4.071574797955727831e+02 4.089457547966098900e+02 3.925447060057720705e+02
3.570451392296761242e+02 3.582136747763186122e+02 3.168601472975260549e+02
4.043257551840374049e+02 4.159602090328982626e+02 3.424731318730873681e+02
3.738250742658096897e+02 3.739083813521469892e+02 3.093543570101014097e+02
3.789103515811680154e+02 3.820581363896700964e+02 3.680618478338952286e+02
3.734973711240656939e+02 3.749141000932960424e+02 3.017106542859962701e+02
3.955466653989855104e+02 3.992126673960755170e+02 3.503454983462955852e+02
3.573782973346172867e+02 3.574955828155624999e+02 3.008032837010826483e+02
3.896199144122389839e+02 3.905507537599435750e+02 3.678685531906183428e+02
3.759771424935897812e+02 3.813844470204276149e+02 3.495430591857974605e+02
3.704806907113584202e+02 3.649378172067388277e+02 3.667313780353509287e+02
3.481427665345318587e+02 3.494273449514359413e+02 3.924617442541006653e+02
3.800731904888638155e+02 3.740382379973198113e+02 3.171481462141574070e+02
3.638631320696140392e+02 3.653584441352954286e+02 3.340331836420862146e+02
3.728545546125408237e+02 3.731904529556376247e+02 3.269667572033127385e+02
3.720777340976040364e+02 3.734831418896380910e+02 3.673687744128164354e+02
4.067409788933362051e+02 4.075959439606211845e+02 3.759056483052004296e+02
3.730660525633215912e+02 3.747246424058907337e+02 3.423262353091604950e+02
4.305923871129326130e+02 4.324888066716629282e+02 3.582444458753486742e+02
4.016649995177750156e+02 4.074892725674939129e+02 3.841321234051479223e+02
3.960391822335467396e+02 3.990213190007457911e+02 3.671536785041721487e+02
3.902166792282880579e+02 3.825866828361299099e+02 3.340850793598168025e+02
3.569786266909338224e+02 3.573919511143353134e+02 3.264731245561895321e+02
3.814009823693920112e+02 3.820107476319100783e+02 3.670567416648531207e+02
3.769098642669965784e+02 3.819271380947707257e+02 3.248079871926290139e+02
3.805388987154419169e+02 3.818513378128354816e+02 3.174098364738703140e+02
3.648287204197264373e+02 3.650558522804900576e+02 3.499483795979691649e+02
3.813970719488577856e+02 3.824281265133382703e+02 3.592342910787040182e+02
3.880933985811154798e+02 3.898853012495529811e+02 3.836595300798483095e+02
3.553864721725964273e+02 3.574946845932897759e+02 3.173644799968307666e+02
3.877488853579724832e+02 3.908706558202877659e+02 3.506065837095516713e+02
3.798452427922812831e+02 3.818543346059187229e+02 2.842557517496052242e+02
4.137679069530482252e+02 4.156564955736480442e+02 3.593477357408748958e+02
4.193910406182730526e+02 4.232291829885260768e+02 4.009900939010553884e+02
3.876634074698880568e+02 3.905621224276873704e+02 3.833835499550989994e+02
4.039504644387977237e+02 4.064980574107394204e+02 3.672317342999699576e+02
3.713901321806253009e+02 3.746212571469015415e+02 3.758446000684646151e+02
3.733939607770117277e+02 3.744036592989598944e+02 3.012054749200535753e+02
3.474611537496923575e+02 3.486072916648256523e+02 3.341570649937726216e+02
3.975695640809254883e+02 3.989647502479386958e+02 3.672319511286637521e+02
3.485271336038223353e+02 3.415407545976294728e+02 3.172776603434296590e+02
4.214720854839331423e+02 4.151102090181094582e+02 3.920622790792546084e+02
3.805536961830753171e+02 3.740545280339080136e+02 3.757340658500648942e+02
4.067354409826255051e+02 3.987420939922267280e+02 3.587419638561478905e+02
3.790456826743246097e+02 3.812888694641113148e+02 3.840959953189016005e+02
3.948865934881314388e+02 3.982948715903384027e+02 3.670847606340412312e+02
3.967299721436015147e+02 3.978857585776647170e+02 3.674927761042158636e+02
4.136764390448517474e+02 4.159514384848393433e+02 3.672013910143246562e+02
3.630529175022445543e+02 3.644174109932082501e+02 3.662512118522183187e+02
4.057441445236162281e+02 3.988993079076417416e+02 3.674435639165395173e+02
3.800875668740782203e+02 3.820141338018743795e+02 3.840076886426721217e+02
3.814544449930081100e+02 3.743859573913721306e+02 3.515315585104374350e+02
3.723563028222552020e+02 3.738074495271845308e+02 3.919439676092486025e+02
4.056315491892140130e+02 3.900799803358478925e+02 3.746003268259700008e+02
3.890474831676571057e+02 3.904109251960961728e+02 3.998910551264602304e+02
3.806748741187046789e+02 3.811582513026086190e+02 3.336344381122892173e+02
3.631938528180109529e+02 3.659033891715068307e+02 4.089531170756907841e+02
3.888336201583682623e+02 3.894920145935224127e+02 3.846485103169187028e+02
3.553227642079376096e+02 3.496050298287009355e+02 3.339678074077788210e+02
4.133020561246878515e+02 4.153586137788386168e+02 3.421462286497487639e+02
3.808917446157831819e+02 3.817311506680255775e+02 3.497495071554461674e+02
4.050389033014723168e+02 4.068402407935442966e+02 3.669253143848768559e+02
3.789197638075738723e+02 3.823638534370934963e+02 3.581922367652034040e+02
3.628821170042037352e+02 3.664765557043656372e+02 3.335283291638447167e+02
3.980307265850419185e+02 3.989390009763673106e+02 4.165967633089748574e+02
3.971336284596201267e+02 3.902693799885848875e+02 3.834613654865054855e+02
3.813160056427736890e+02 3.821198444303453812e+02 3.502475675663951620e+02
3.897424751417440802e+02 3.819396830689175886e+02 3.670131838697420221e+02
3.697415599401838904e+02 3.737514993607404108e+02 3.506047008191602572e+02
3.877662240847103021e+02 3.906192000072248902e+02 3.580399866966761238e+02
3.826253603664804928e+02 3.831013751343365925e+02 3.825254020642781256e+02
3.648455668068462501e+02 3.664834891034759607e+02 3.588223341653426814e+02
3.477105161592879767e+02 3.494322321481015479e+02 3.502278975065412396e+02
3.568841324891890849e+02 3.575349878636351946e+02 3.419447884510282734e+02
4.320019244692068128e+02 4.327478870114596248e+02 3.917905303401959713e+02
4.232077369109979372e+02 4.239968737682401638e+02 4.081617702166482218e+02
4.241359784794874486e+02 4.160570461124697204e+02 3.752030656555110113e+02
4.320875097941378158e+02 4.328477674739659733e+02 3.918548380785850895e+02
4.149722083634903242e+02 4.156255603153127254e+02 4.082053478974104905e+02
4.048051203267665983e+02 3.994530632048210350e+02 3.594597739207642917e+02
4.134630800652109315e+02 4.155005795359374474e+02 3.509647839829234499e+02
3.884582506908774917e+02 3.904068395309965922e+02 3.673560565962415581e+02
4.060417513993349985e+02 4.072756775731245966e+02 3.919557537395122608e+02
4.059638039478173823e+02 4.076594740118184745e+02 3.758594137555801353e+02
3.799615564942944275e+02 3.810431800082081963e+02 3.584570806127883884e+02
4.053243548061631145e+02 3.989434147124121068e+02 4.084217464379635771e+02
3.964933728206867158e+02 3.982057198926138994e+02 3.175672347642425848e+02
3.740875958331550351e+02 3.744655263697986243e+02 3.417525737121991938e+02
3.902846668883527741e+02 3.913918432977210955e+02 3.923036843095292738e+02
3.906423656976405709e+02 3.916394559919378935e+02 3.677947807440326642e+02
4.146614581619477349e+02 4.072655094104217142e+02 4.004557738117375152e+02
4.125919688316896554e+02 4.150594263967558391e+02 3.915061673132804003e+02
4.131677755484577119e+02 4.149752493108934459e+02 3.922794720050468982e+02
3.898949549613241743e+02 3.904786680066166014e+02 3.583873262230998193e+02
3.987076396642163445e+02 3.995356314840886967e+02 3.753730055445598168e+02
3.976763207437431902e+02 3.995456980879517914e+02 3.671668543113953547e+02
3.730451496683319306e+02 3.745139030450844189e+02 3.515606373791705437e+02
4.309819206771122140e+02 4.164403449193641222e+02 4.090619099238243166e+02
3.973225097843130129e+02 3.999324565369481093e+02 3.587707205252323774e+02
4.152446282678704392e+02 4.160533153058340190e+02 3.663376715163941526e+02
3.471759835250338710e+02 3.480705701883192660e+02 3.673261140453000166e+02
4.065585901511965972e+02 4.078097797534854863e+02 3.752220029146571392e+02
3.822265462207034261e+02 3.827076408098520801e+02 3.759522280490548951e+02
4.070192053459579711e+02 4.079351337685552039e+02 3.834433617671057846e+02
3.637664489365906206e+02 3.574858358323207881e+02 3.664971982717118522e+02
3.903745454585574066e+02 3.909508478267040914e+02 3.746175055750850902e+02
3.985403097814563012e+02 3.909824236604911789e+02 3.580850770517459978e+02
4.132293854648626166e+02 4.148262988250024250e+02 4.005049582486014970e+02
3.822454820470849768e+02 3.827759686780972856e+02 3.584236245910000775e+02
3.901978117378486104e+02 3.912432769232539727e+02 3.592462666565526206e+02
4.039038104188365992e+02 4.074523767453305823e+02 3.755038009709797961e+02
3.985992578137316400e+02 3.996289876097504248e+02 3.498684492818099443e+02
3.982084908327129256e+02 3.999625044700267154e+02 3.582430930810633072e+02
3.795663868779716950e+02 3.828884900670939828e+02 3.918502530335196070e+02
3.642970503153582627e+02 3.666397445005389386e+02 3.426456064638095995e+02
3.892692598925650032e+02 3.911200223902852713e+02 3.996464435138419162e+02
4.217672152852438785e+02 4.238489870233100874e+02 4.329460294430816703e+02
3.650633938793530433e+02 3.659897401568625241e+02 3.416560450058310607e+02
3.859291627243522953e+02 3.907337166902547665e+02 3.505594678235003698e+02
3.908984957169963650e+02 3.911094150326599106e+02 3.588525147764876237e+02
3.740433078108933955e+02 3.656583100839140457e+02 3.334146697052653963e+02
4.074301777592228859e+02 4.085093283585763970e+02 3.840751014062710169e+02
3.989459535625405238e+02 3.916390066157757701e+02 3.918118150163161886e+02
3.983904272043650963e+02 3.990611637291278271e+02 3.679424864895272549e+02
3.988410185513949955e+02 3.996977735930180415e+02 3.758685453655602942e+02
3.884905415261641792e+02 3.910550343247180649e+02 3.938153867480874055e+02
3.900329102622496862e+02 3.911320004697479931e+02 4.005729990620490071e+02
4.158959211749066185e+02 4.168485670485261494e+02 4.092156796528606151e+02
4.143656339727693307e+02 4.159997399051007392e+02 3.999672897867330903e+02
3.636769159693958500e+02 3.663561906403422199e+02 3.747256909693900297e+02
3.982786534476655902e+02 3.996006830929121065e+02 3.844711395570710124e+02
3.806996890281395736e+02 3.832188002922787291e+02 3.926205315799603000e+02
3.908540307735585770e+02 3.911291054902092128e+02 3.758175774130799027e+02
4.302563125830719741e+02 4.325753962159706134e+02 4.003762373677595860e+02
4.237288394217616769e+02 4.251022754843745588e+02 3.921255429960884840e+02
3.893015727698268051e+02 3.912660234191313862e+02 3.750256394809240987e+02
3.959827352009245942e+02 3.996760809359792006e+02 4.088736880929477024e+02
3.900830381083176803e+02 3.911885908550929116e+02 3.835779468441198219e+02
3.975865036035420985e+02 4.073507049679496959e+02 4.172181416156192313e+02
4.074874930673100266e+02 4.086622090426606064e+02 3.770902401880824186e+02
3.980108117338094189e+02 3.994715083114236904e+02 4.083030024207104134e+02
4.141189633079557666e+02 4.160936353642302379e+02 4.007788705999105332e+02
3.821170309548800788e+02 3.831580526974552754e+02 3.743843981628382949e+02
3.985186953226036053e+02 3.998581245541824387e+02 3.829263070998891862e+02
3.814107728846481109e+02 3.831850465515252040e+02 3.590894380732290756e+02
3.667746740561200340e+02 3.666579478050284706e+02 3.587868155044320702e+02
3.990758490321534282e+02 3.998581973901925153e+02 3.588936132571299140e+02
4.037458343430524224e+02 4.065375495249604114e+02 3.339714921314292155e+02
4.039373726967036191e+02 4.077930018625398816e+02 4.001957524171967293e+02
4.144399114717750194e+02 4.157847571654385206e+02 4.090941841891914237e+02
3.323971132943971725e+02 3.335940106522984934e+02 3.416215767206628584e+02
3.737041345643552859e+02 3.746830478242700337e+02 3.835762446587222030e+02
4.319747816435054233e+02 4.246167938647611777e+02 3.848835692705977181e+02
4.150407049974882625e+02 4.164298168963873650e+02 3.998352713954087108e+02
3.981395979184196108e+02 4.083914498501729895e+02 3.675561005974068394e+02
4.387914756693351137e+02 4.329080552357906981e+02 3.924399162217503090e+02
4.070661378119393703e+02 4.079933170588784037e+02 3.584078545232013084e+02
3.892317479841609611e+02 3.907672144510397629e+02 4.075550861512538177e+02
3.962726844905006942e+02 3.999917604890385974e+02 4.005748801537184249e+02
3.810354159348931944e+02 3.746921026095367893e+02 3.427004577518018777e+02
3.992335525769669289e+02 3.995386301828324349e+02 3.665893619155180545e+02
4.074270287227097924e+02 4.088041249704700135e+02 3.753404640037510944e+02
3.892093865258914889e+02 3.902370094879497060e+02 4.088584667841086002e+02
3.903801963367178018e+02 3.913592018043544840e+02 3.838246406045199137e+02
4.231083332273359474e+02 4.247801640513696384e+02 4.083486906404427828e+02
3.981413229633589026e+02 4.079539651914495266e+02 3.758864662489299349e+02
4.148957669281859353e+02 4.165051540725565360e+02 3.669029729482869584e+02
4.227464881404184780e+02 4.243642292733206318e+02 3.919116697789193609e+02
4.106711455588882700e+02 4.072673339916435111e+02 4.094847070180857145e+02
3.831116673621713744e+02 3.833869780042593902e+02 3.847893167650436794e+02
4.145440041910811715e+02 4.164361805323726458e+02 4.007896430096554354e+02
4.076156220787788129e+02 4.078148177934360774e+02 3.669618682543015211e+02
3.994140626800495397e+02 3.996717177557808895e+02 3.751286292138286171e+02
3.975843717084676427e+02 3.908934632694922584e+02 3.839258944967384082e+02
3.898708164333457944e+02 3.907421971547470889e+02 3.578017477061355862e+02
3.801080951787047866e+02 3.832670972625638797e+02 4.091487294962630017e+02
3.822955968690994837e+02 3.747845159229746059e+02 3.420102274652438723e+02
4.107962374728499526e+02 4.147087404285909429e+02 3.928941923951683748e+02
3.900286649718369745e+02 3.912875845858179673e+02 4.012690664475111362e+02
4.309634654126559781e+02 4.328015490466194706e+02 3.672976260173348351e+02
4.142785439032384147e+02 4.159633220331223242e+02 4.086927001325308879e+02
3.966248619930794916e+02 3.989218378850073350e+02 3.839417662926558137e+02
3.900326006822742784e+02 3.909181058511591118e+02 4.091940558286182750e+02
4.232743755898166569e+02 4.327504748302678195e+02 4.182610891191293376e+02
3.969995811303236337e+02 3.998308533024306257e+02 4.010320040981133047e+02
3.985528959704200247e+02 3.991879072477827322e+02 4.087636923925592782e+02
4.223134543074693283e+02 4.245143839531324375e+02 3.999772795075945169e+02
4.162662296946551237e+02 4.158551950261711454e+02 3.924243313874391674e+02
4.478095558140881849e+02 4.496459002253637323e+02 4.419172485649708619e+02
4.231381503665724608e+02 4.234047672903528792e+02 4.001348907064411264e+02
4.149501612980609480e+02 3.996122337261405164e+02 4.001957518610313400e+02
4.062727386577279844e+02 4.068405602331592945e+02 4.005143885132351897e+02
4.073863839696163041e+02 4.080011232135120167e+02 4.083107307339560066e+02
3.971102971755425983e+02 3.985420973670931062e+02 4.003552564512127105e+02
4.230790102318974846e+02 4.242102444494469751e+02 3.756313132591777162e+02
4.072720588255297116e+02 4.076233760583646699e+02 3.843856277014176044e+02
3.998934983112848158e+02 4.002903482163110311e+02 3.920183696213806570e+02
4.226579408072641399e+02 4.248485494979815371e+02 4.010145242556874337e+02
4.152678712106497301e+02 4.158755779639214438e+02 4.087520979900014026e+02
3.900967735080571970e+02 3.827422837911835813e+02 3.836602171695569155e+02
4.076199490595510042e+02 4.085361122701219188e+02 3.929165983459715790e+02
3.808459101164290246e+02 3.829218120916726207e+02 3.925762774579129655e+02
3.975291332173763408e+02 3.984443093255507051e+02 3.510763721922684795e+02
3.986351356366133132e+02 3.900211161901609671e+02 4.167984254968503137e+02
4.315389983338276920e+02 4.325977233609892778e+02 3.839082880678574838e+02
4.140125210071495303e+02 4.162005153040639698e+02 3.924598056029349777e+02
3.985401102314680202e+02 3.997795470211606244e+02 3.757389456046659006e+02
4.320908991500826914e+02 4.326305586826234730e+02 4.003704538717956325e+02
4.230744174792453691e+02 4.243093275061674490e+02 4.267061469295883853e+02
3.711561272954963897e+02 3.748293121572954192e+02 3.421923076769846830e+02
3.906583752522514033e+02 3.914689972272169598e+02 3.749922068529477315e+02
4.077666993198461114e+02 4.085846744945624209e+02 4.009579057740440362e+02
3.823234670318350936e+02 3.829977134511536860e+02 3.833584037878385971e+02
4.067821682144723923e+02 4.072143244737445116e+02 4.172522645043057423e+02
4.244895724591815451e+02 4.239610147265215687e+02 4.175372991893077597e+02
4.149770841152244429e+02 4.159273521124300714e+02 4.089649065822688954e+02
4.073360867209767093e+02 3.994307929623307132e+02 3.933054058938722051e+02
3.967158154815519993e+02 3.993103731610769387e+02 3.503837406492921787e+02
4.224544164225591771e+02 4.247180892802111316e+02 4.015609465568697942e+02
4.061539357152478829e+02 4.078207731439712234e+02 3.917925393652311641e+02
4.135618466950604670e+02 4.164381179906303601e+02 3.759083856973485354e+02
3.879838299758445714e+02 3.903449704401887743e+02 3.676481034119151445e+02
4.158237714112072467e+02 4.165303167989777648e+02 4.002155119005611255e+02
4.243059434144012698e+02 4.254927956321246825e+02 4.184367485118237369e+02
3.984686721046784328e+02 3.994210430098825100e+02 3.921144926260811872e+02
3.652309353219178547e+02 3.661364163871505184e+02 3.751673029156474399e+02
3.824718421406636821e+02 3.833433164205721937e+02 3.671197609082608437e+02
3.827529196724485701e+02 3.836887077688926979e+02 3.918985302747669834e+02
4.156120643362333453e+02 4.160606056529495618e+02 3.839329908914605198e+02
4.404685351007038889e+02 4.412796848508527887e+02 4.177235768207001456e+02
4.159885731051241464e+02 4.076025608993381866e+02 4.093846067399167055e+02
3.828468391113963776e+02 3.829561995551082987e+02 3.670101322581668342e+02
3.811698427608087059e+02 3.830428925278322936e+02 3.587609420013703811e+02
3.979830419702778386e+02 3.990773612952773988e+02 3.672120635551943337e+02
3.811373471094838123e+02 3.829940590295079801e+02 3.839353129086230183e+02
4.069313686867436104e+02 4.074708062430383961e+02 3.751341788080461015e+02
3.988482427582471246e+02 3.994974276202813144e+02 3.417444896318509677e+02
4.070967698934193209e+02 4.082069946871569073e+02 4.009847627382300175e+02
4.232637157388143692e+02 4.163817022167171444e+02 4.010635600120891127e+02
3.990560985129158098e+02 3.997949404040712125e+02 4.254697098030047755e+02
3.633144789289420373e+02 3.663168800591153627e+02 3.834586866270856262e+02
4.240270707583598551e+02 4.238555157129465556e+02 4.006475307242415056e+02
3.828111689344568163e+02 3.834489687710599242e+02 3.846027238302592082e+02
4.040222400266214891e+02 4.078000957731657081e+02 3.756119180285614902e+02
4.233265564518185329e+02 4.251249631508516700e+02 4.090438912429087850e+02
4.152216293654724382e+02 4.158409664800436190e+02 4.170740499515676447e+02
4.072022685976411935e+02 4.001464514611060963e+02 3.922440578097418893e+02
3.982398579299795074e+02 3.992243254476115339e+02 4.089875813474279767e+02
3.902360283194784074e+02 3.911304598654031111e+02 3.921268249764675602e+02
4.228647616707887664e+02 4.243082635445473443e+02 4.088291392933613793e+02
4.065975421632035136e+02 4.076377222203703923e+02 3.919583110292070955e+02
3.989044084255651228e+02 3.996702852557843357e+02 3.932132544288276108e+02
4.059084422234698764e+02 4.077838154323936806e+02 3.924434133059256737e+02
4.059319249385364969e+02 4.083323838216300032e+02 4.012703923848807221e+02
3.968158039441941014e+02 3.992435863384714025e+02 4.175646976895447438e+02
3.990969777712842301e+02 3.988287499069411979e+02 4.004454888643128356e+02
