1.751307008802883515e-13 1.130233374255912880e-08 1.455068269434355443e-05 -3.772526919885231902e-04 -2.084181123711693721e-03 4.229751340407839413e-03 -3.564227156371391854e-04 1.245019434353796264e-06 -3.843991021609614552e-09 -1.082106256670271749e-11 -1.502310553185974793e-17
5.914411520964104190e-08 1.621228880708237786e-04 2.195115814563884313e-03 -2.505139672451424729e-02 7.282150098198678090e-02 8.808658843866169763e-02 4.319400299506585134e-02 3.399908544149820352e-03 -7.031048978630364654e-05 -2.020267545836939450e-07 -2.885007711506988390e-13
-2.344208702990995192e-04 -6.988691204614574937e-02 -1.888827931573248575e+00 -1.247980325303806648e+00 2.265020781209908129e+00 3.815696534062376633e-01 -1.692160893501399449e-02 2.565551997946672810e-02 8.205673658491528582e-04 1.450215180068052692e-05 1.815503888683631128e-09
-4.037176218275006362e-02 -3.236247879939566197e+00 -1.372226267434348657e+01 -1.836800185620682146e+00 1.435853551613733847e+00 -9.893586601436185624e-02 -1.022993694128631476e-01 7.276479627213214285e-03 2.200888097089552520e-02 3.790495103473997228e-03 3.071558637725109648e-05
-2.160091328855251180e-01 -7.972186253715701554e+00 -1.138846603695128579e+01 -1.302202297538529452e+00 2.603892372948559131e-01 -7.770774686760576616e-03 -2.003079316340489451e-03 2.431812273895281231e-03 -6.062668001394715817e-02 -4.082489442352710274e-02 -6.436205520786527148e-03
-6.380881297589167112e-01 6.552614743741779213e-01 7.324641086963541436e-01 1.111191540808637301e-01 4.951462956643043478e-02 3.018989152248473945e-03 6.993926685165384200e-04 3.690068978766209914e-03 2.513833940209856954e-01 3.161694361409792681e-02 -1.470068844620269280e-02
3.658548620017565978e-01 7.524614448337866968e+00 1.146703570629703606e+01 1.241782202373917565e+00 -1.224127130652047091e-01 -3.179050965170599624e-02 3.085577383319728327e-03 1.323031866344936448e-03 3.818337500250323230e-02 5.076641894674045058e-02 1.051498344693261910e-04
1.068060565610603058e-01 3.800493298633469408e+00 1.347946220211532520e+01 1.873482743199149647e+00 -1.335483827705467474e+00 -2.123897901367602370e-01 2.728622157757292638e-02 -3.261735729535342274e-03 1.211503054189511965e-02 -3.757462743166367029e-03 6.839703039326447301e-05
1.166066720365234151e-03 8.807395542338521122e-02 1.251327551340674971e+00 3.598273076041271223e-01 -1.121804565544950449e+00 -3.854905287235351752e-01 4.198135000284144991e-01 1.701764998142700491e-01 1.760259631363860194e-03 7.853666055707902787e-06 -1.109561040604804134e-07
4.005082239885678551e-08 -3.988770873931037227e-04 2.227882539879654650e-02 1.122885373174492551e-01 -1.139133435850703258e-01 9.536019082475394315e-02 -2.645399402105662670e-02 4.803738942249310799e-03 7.579353113640597757e-06 2.185785054979521598e-07 8.365339816132076631e-13
-4.468902159669292733e-13 -2.519581252974731160e-08 -1.209955297289881486e-05 -5.249627089414112381e-04 -8.936110574402250303e-03 -9.741448226395938229e-03 -1.526845138028272387e-03 -4.548931668572850113e-05 -1.018773344014983553e-07 8.018148039946463601e-13 1.746569037746345015e-18
