0.000000000000000000e+00 0.000000000000000000e+00 0.000000000000000000e+00
-5.842643076577240180e+01 -5.842643076577240180e+01 9.761330826322568016e-03
-1.159347399792630000e+02 -1.031593356289820065e+02 -7.664660778682602649e-02
-1.332634535178449937e+02 -1.114741766280619970e+02 -3.258707528390960007e-01
-1.519635656358460096e+02 -1.192202941263939948e+02 -1.207699681666420055e+00
-1.792631558934129998e+02 -1.326009278813139929e+02 -2.105793760948900140e+00
-1.942389876255060130e+02 -1.405567513691449903e+02 -2.838285066089750064e+00
-1.548851860773409896e+02 -1.319025675806720130e+02 -3.717176166798250136e+00
-1.102707138273389944e+02 -9.787625852023579398e+01 -4.386020431504199735e+00
-1.115647678859319996e+02 -5.819588852346139873e+01 -4.826897724580070381e+00
-1.274081075112249977e+02 -3.820003660502079867e+01 -4.923367591577989977e+00
-1.299302837242300086e+02 -4.462826904776269998e+01 -5.924153057363829689e+00
-1.318218196475849879e+02 -3.667301828854959922e+01 -6.493612542295839951e+00
-1.331949172091640037e+02 -3.387857484144149822e+01 -7.167729700382629687e+00
-1.256077776102149954e+02 -3.717317397650680277e+01 -7.040973235941709873e+00
-1.250350294361250008e+02 -3.758174182231910265e+01 -8.373213148356889235e+00
-1.226187346353640066e+02 -3.001464245237560036e+01 -8.215640457748040859e+00
-1.188750266155959991e+02 -2.633875596419940024e+01 -8.929987402388050555e+00
-1.267329131386640029e+02 -2.327639169839720168e+01 -8.712340839324930641e+00
-1.251411398875939938e+02 -2.323914659693479834e+01 -1.055211312788880029e+01
-1.283177768547890025e+02 -2.419711527977300136e+01 -1.019984498214950008e+01
-1.207661493772070003e+02 -2.514248912368600131e+01 -1.028209851947899978e+01
-1.229174987001539989e+02 -2.212514038451420006e+01 -1.185929613332140065e+01
-1.212892948542690021e+02 -2.367771810968940116e+01 -1.130062428098220018e+01
-1.120146580208839993e+02 -2.354942688833889974e+01 -1.258249044339850009e+01
-1.139336164011360069e+02 -2.057962803066990176e+01 -1.275766770954779972e+01
-1.225638566920110009e+02 -2.628528801475270171e+01 -1.239367561464229972e+01
-1.184670873155319981e+02 -2.165386643678619905e+01 -1.338749404250570052e+01
-1.186328984938189990e+02 -1.822252942173370016e+01 -1.196291665696590023e+01
-1.070106116446890070e+02 -1.919142889520509954e+01 -1.283441696807479993e+01
-1.059480082970529935e+02 -1.792006240958389895e+01 -1.375101136628670062e+01
-1.095089663491090022e+02 -2.161230794376090003e+01 -1.347814209907330074e+01
-1.164725361751909958e+02 -1.981931864647770070e+01 -1.619132275432859913e+01
-1.004190649612339996e+02 -1.702414535302809995e+01 -1.421709518690149920e+01
-9.873508910586410536e+01 -1.914495249767929863e+01 -1.561793009879469984e+01
-9.210215562088619379e+01 -1.932772351308459946e+01 -1.398372077447480066e+01
-9.328636608747919468e+01 -1.870626848766880101e+01 -1.410457230983170085e+01
-8.899474214511249670e+01 -1.877651884968280172e+01 -1.529009076877020057e+01
-1.003927892084579980e+02 -1.877659098025990048e+01 -1.520369779981549918e+01
-9.957630260270859424e+01 -1.804977197007880108e+01 -1.565828721154720071e+01
-1.005274076641869954e+02 -1.951380727654580127e+01 -1.458508215422479992e+01
-9.329281956311059787e+01 -1.726966845535039852e+01 -1.446894898164929977e+01
-9.562678128425839930e+01 -1.735322325818890121e+01 -1.467567238247159978e+01
-8.591454693593800584e+01 -2.028878203334630115e+01 -1.563467607235659962e+01
-7.679176957489930544e+01 -1.730973649474560006e+01 -1.314317308542280038e+01
-9.131336722479599644e+01 -1.683677891615679911e+01 -1.444373735686249915e+01
-7.225310363360979693e+01 -1.743169100752630030e+01 -1.511578218458419975e+01
-8.495854743150179900e+01 -1.887995247139570054e+01 -1.433067577055740038e+01
-7.297737055730749489e+01 -1.791559152358540175e+01 -1.382902755338390044e+01
-6.908252792916970009e+01 -1.734594356429569828e+01 -1.440035992745239923e+01
-5.847448590830450144e+01 -1.756700658367600099e+01 -1.523767706641529962e+01
-5.951523487461960116e+01 -1.813687814706669954e+01 -1.512823385506739982e+01
-6.351892639239149929e+01 -1.707523175373340152e+01 -1.406675153054430005e+01
-5.769230395419440072e+01 -1.711170739015230069e+01 -1.456483659807289932e+01
-6.463056617134670034e+01 -1.848160402744980146e+01 -1.460475313787640061e+01
-5.694283123330679786e+01 -1.735471162374939880e+01 -1.605659166944069938e+01
-6.105986598749269945e+01 -1.765848242221510134e+01 -1.435610477774680049e+01
-4.965144439257620235e+01 -1.655711157895299834e+01 -1.456445794051609965e+01
-5.462855329919170089e+01 -1.762516413959309958e+01 -1.604182419761700018e+01
-5.078941381115100029e+01 -1.820358354953970093e+01 -1.456443518033820084e+01
-4.978812680851900296e+01 -1.792053263062799928e+01 -1.629075610916699901e+01
-4.237619876709000266e+01 -1.771336699762120048e+01 -1.478121123952490024e+01
-4.384124496859860187e+01 -1.810509918971470000e+01 -1.539036078282919995e+01
-3.576525042118220199e+01 -1.647314911746159893e+01 -1.520987961679800016e+01
-3.368579197335159847e+01 -1.808703938697109947e+01 -1.487566185216500081e+01
-4.148279696481900203e+01 -1.761294911963990018e+01 -1.608862056297069998e+01
-3.560161263624689809e+01 -1.791396422460260140e+01 -1.478604537837260047e+01
-3.800271969454949783e+01 -1.782914230077560092e+01 -1.533033379518849948e+01
-4.299683188596590355e+01 -1.656955200488859958e+01 -1.561347486941489926e+01
-3.508726711589439873e+01 -1.762250528978540132e+01 -1.460221041853250057e+01
-3.067385487388019882e+01 -1.905906675071409850e+01 -1.490475919802629967e+01
-3.554048939344259850e+01 -1.798291684464329876e+01 -1.481708398580549968e+01
-2.827829458102040050e+01 -1.730670315204550036e+01 -1.521310271673860015e+01
-2.867132016169570008e+01 -1.923907554900939942e+01 -1.548136540322370003e+01
-3.724286175967620238e+01 -1.978073172498039867e+01 -1.597902422458889937e+01
-3.013026357814230138e+01 -1.741175008930240153e+01 -1.606143415469869851e+01
-2.929133954296120024e+01 -1.752651846218219944e+01 -1.482127325352180058e+01
-3.005772409658370137e+01 -1.812707852772630090e+01 -1.607800285251600059e+01
-3.003317643421729954e+01 -1.676510748056690048e+01 -1.654775046994890175e+01
-2.413828331951529904e+01 -1.706848886481530059e+01 -1.556417782268930061e+01
-3.514484685734600333e+01 -1.737765633207040139e+01 -1.637459775735809941e+01
-2.765593925337709891e+01 -1.619718710753690161e+01 -1.713566435150130118e+01
-2.993152531444500042e+01 -1.927617022864070151e+01 -1.686466199457089843e+01
-3.429224543010440129e+01 -1.857915752392250042e+01 -1.613730105167730144e+01
-3.131109045704949878e+01 -1.900659000231129880e+01 -1.537511705904320003e+01
-2.538514719875090009e+01 -1.673026396920920078e+01 -1.623836969104009853e+01
-2.304773172822250160e+01 -1.816208018130150137e+01 -1.731284207008240017e+01
-2.290347356799220080e+01 -1.762775742897569842e+01 -1.467842905871660086e+01
-2.473847133041800106e+01 -1.671868112429750042e+01 -1.679741638418530059e+01
-2.164284238461409871e+01 -1.674571688487669974e+01 -1.638984192425710162e+01
-2.567800194649469958e+01 -1.803716887967469873e+01 -1.641237258346630057e+01
-2.302223204314940119e+01 -1.691584314518329890e+01 -1.561477667556679982e+01
-2.657081205292740123e+01 -1.723766442775280083e+01 -1.507920731853310059e+01
-2.636176537698009881e+01 -1.747350749023449978e+01 -1.683821602394619887e+01
-2.433074290778689885e+01 -1.824897411011700044e+01 -1.685788690512249843e+01
-2.521405536646350143e+01 -1.880864095403800107e+01 -1.564937579858909977e+01
-2.151282988466149959e+01 -1.816560362945050144e+01 -1.582224345929899911e+01
-2.068531037265779915e+01 -1.688276231204759981e+01 -1.617695909591089887e+01
-2.304343795018250063e+01 -1.676016833075379964e+01 -1.664825979305780024e+01
-2.368802816487589880e+01 -1.663195197337140030e+01 -1.704761783572530121e+01
-2.053903296036559922e+01 -1.776103124614580153e+01 -1.677975099186840069e+01
-2.629813408940750108e+01 -1.766829505608259865e+01 -1.662789995129849885e+01
-2.284780006863989854e+01 -1.840078992395870117e+01 -1.542144552972339966e+01
-2.111935031294880005e+01 -1.863070094129169973e+01 -1.598914419803769960e+01
-2.333501539807170033e+01 -1.682506996590759840e+01 -1.733801827281369867e+01
-2.090833801046530027e+01 -1.861687198273720156e+01 -1.610110763995439953e+01
-2.642516707179279933e+01 -1.792534159239150071e+01 -1.610542377387639945e+01
-2.114487614271709859e+01 -1.730754391798799929e+01 -1.488425320344700076e+01
-2.392357350786749848e+01 -1.784747236434440154e+01 -1.651449315620559943e+01
-2.490109130621209843e+01 -1.830739724601840024e+01 -1.603687037390589865e+01
-2.146461820553500033e+01 -1.834676382699349872e+01 -1.542628879643939932e+01
-2.351469123953929952e+01 -1.790491676902700036e+01 -1.627886486055639992e+01
-1.887496265095640169e+01 -1.914635892937300099e+01 -1.677828360724729961e+01
-2.359257988639519965e+01 -1.799818058898739892e+01 -1.666975000221379943e+01
-2.064128771742329960e+01 -1.803508476632499935e+01 -1.681277747600530148e+01
-2.097139175392450028e+01 -1.786561222450690067e+01 -1.515123411405530085e+01
-2.002070780565399843e+01 -1.884143012425359842e+01 -1.612108179143309883e+01
-2.220744125828609938e+01 -1.803043440727270053e+01 -1.637934823029059928e+01
-1.889445231309089834e+01 -1.845325703497620040e+01 -1.552683209874139969e+01
-1.920292384650520034e+01 -1.788999206529230079e+01 -1.751308557222670004e+01
-2.277298157436640125e+01 -1.705639613833579915e+01 -1.660299865562650012e+01
-2.013847773495649918e+01 -1.767157631846020038e+01 -1.601927450723939828e+01
-2.176824911277540053e+01 -1.734263562884990151e+01 -1.638959534010989927e+01
-1.984549356360970052e+01 -1.959140307346930143e+01 -1.652194501659679915e+01
-2.065080922627279847e+01 -1.816282993704039939e+01 -1.637527241926730071e+01
-2.283848959482299890e+01 -1.794007971947759827e+01 -1.646047243557519835e+01
-2.308275618866809964e+01 -1.887596346441079831e+01 -1.536328925603720030e+01
-2.049582539951979854e+01 -1.836600149067270138e+01 -1.592659947385550012e+01
-2.019716990018610048e+01 -1.866832151724830169e+01 -1.762135450721810059e+01
-1.996161159940519880e+01 -1.898319459452759972e+01 -1.616370232060609879e+01
-2.092025012580539922e+01 -1.867462175387289847e+01 -1.644307744031049978e+01
-2.185412854101780056e+01 -1.898565593234560112e+01 -1.624471919077990023e+01
-2.235058919505719999e+01 -1.845867782695140136e+01 -1.603224849105970051e+01
-2.372400276126460028e+01 -1.783162242449979829e+01 -1.563351424758070074e+01
-1.923153562866529853e+01 -1.752887619612370074e+01 -1.521670326154539943e+01
-1.961218589112829846e+01 -1.744009351662230145e+01 -1.680882126432090118e+01
-1.780245613398469828e+01 -1.694335508235869980e+01 -1.576635202056399976e+01
-2.177812478857239853e+01 -1.767395732654459906e+01 -1.631280536722200125e+01
-1.802720972592710069e+01 -1.785500881635340065e+01 -1.560039996002569929e+01
-1.856481112982330117e+01 -1.771729181666179898e+01 -1.729894335774039860e+01
-1.837760622644000108e+01 -1.712894307110920167e+01 -1.617586487752690161e+01
-2.095560962849500086e+01 -1.626617831694660055e+01 -1.560097667581629999e+01
-1.928903836140190009e+01 -1.745027290243439921e+01 -1.631254676622069866e+01
-2.052578969213589843e+01 -1.673896097113360071e+01 -1.642715282773319885e+01
-2.043737706130439946e+01 -1.785718679028470035e+01 -1.578497975193960023e+01
-2.070009345191619943e+01 -1.700019645508200128e+01 -1.600828803318719906e+01
-2.021783284814809889e+01 -1.804519471179320078e+01 -1.640515518559859842e+01
-1.950149288784000134e+01 -1.803719845421040091e+01 -1.666592530910660130e+01
-2.260294654728309993e+01 -1.837189547288449987e+01 -1.549821169634950024e+01
-2.069300321657649988e+01 -1.896072267852740012e+01 -1.558447496700309998e+01
-1.894774238350040108e+01 -1.736954780529249831e+01 -1.564456820629230016e+01
-2.055740407595870067e+01 -1.747483397242400116e+01 -1.655197079585339992e+01
-2.368749927799839838e+01 -1.833507894923240045e+01 -1.601216360421040008e+01
-1.966753119321149867e+01 -1.806699739702730056e+01 -1.613531003652689932e+01
-1.789001833046780021e+01 -1.756834297872449824e+01 -1.641083807603880018e+01
-1.945873253389880020e+01 -1.815434183472660123e+01 -1.667154025554339825e+01
-2.075907918168890021e+01 -1.782483610106550032e+01 -1.628892682954650084e+01
-1.954016593735849838e+01 -1.775794098264119825e+01 -1.611628450540190016e+01
-2.169061586297209843e+01 -1.897461996159299957e+01 -1.690488753114239984e+01
-1.775542226948699920e+01 -1.748900098281509941e+01 -1.655428709593410019e+01
-1.992925118557020170e+01 -1.785870444743749985e+01 -1.599917749386399990e+01
-1.924155319647989870e+01 -1.761291507638319942e+01 -1.624850030456450156e+01
-1.841801510328970082e+01 -1.809272315864109970e+01 -1.577624690953470044e+01
-1.978382486643370086e+01 -1.739447086031210077e+01 -1.674855691639969990e+01
-1.889858255133599840e+01 -1.775023620537610114e+01 -1.605732702289610003e+01
-1.872446999919219834e+01 -1.697261066640999871e+01 -1.661463504878980046e+01
-1.958449771513850024e+01 -1.795447180990129965e+01 -1.705673604357760098e+01
-1.866629707057949972e+01 -1.868431592481429959e+01 -1.576400196727209924e+01
-1.929353429779740026e+01 -1.851498336176869941e+01 -1.599855157029499964e+01
-2.006256447733710147e+01 -1.731567950050730076e+01 -1.622951995754399945e+01
-2.164378973278610019e+01 -1.823674966461609870e+01 -1.603611986673260148e+01
-2.008346866395820030e+01 -1.831315558439910163e+01 -1.609692025689500028e+01
-1.844195228039610157e+01 -1.703801067121329993e+01 -1.571198399402329926e+01
-2.363306384476170052e+01 -1.821123096574289946e+01 -1.715346345319149890e+01
-1.938420675624220024e+01 -1.696879589489489959e+01 -1.591369041263049944e+01
-1.877224602441119927e+01 -1.802658515421149943e+01 -1.536055524856820043e+01
-1.786307587896610016e+01 -1.783488939916369986e+01 -1.546682070402830078e+01
-2.061507653981909982e+01 -1.808460539698650038e+01 -1.662225708940639990e+01
-2.112914813838310124e+01 -1.839702666445489854e+01 -1.604276008297220102e+01
-2.028812247285370063e+01 -1.813336015091270070e+01 -1.596081214813099969e+01
-2.253192011315940135e+01 -1.917720815294480019e+01 -1.677893811382350009e+01
-1.872703348200619899e+01 -1.737083620077629931e+01 -1.630670175692930002e+01
-2.345782733746640147e+01 -1.782353372099170130e+01 -1.618131510270969997e+01
-1.995612550605239832e+01 -1.808576848521759928e+01 -1.543696353746929972e+01
-2.093154762287209891e+01 -1.845928937874720077e+01 -1.619008232472319975e+01
-1.905579758743619934e+01 -1.770740837093239861e+01 -1.574392223749899955e+01
-2.022364481828520155e+01 -1.812889670685990140e+01 -1.576200401401849938e+01
-2.112959132160850118e+01 -1.861307287609900030e+01 -1.583686497949340044e+01
-1.826257217371059838e+01 -1.625458623164090000e+01 -1.577674496759989964e+01
-1.797712408453670108e+01 -1.885800986472949958e+01 -1.706676077109440115e+01
-1.874224232353400055e+01 -1.738106963400209892e+01 -1.504620606394160021e+01
-1.951670542768199823e+01 -1.822279464539980154e+01 -1.599560359937069975e+01
-1.972664252881509839e+01 -1.828295053870759901e+01 -1.619124908172129906e+01
-1.910243876172500066e+01 -1.705476554734010008e+01 -1.648087954467069949e+01
-1.800222253293350150e+01 -1.701310426740689863e+01 -1.645210895696530073e+01
-1.761855107787989994e+01 -1.687655672138389917e+01 -1.601677970532589868e+01
-1.783302615479360043e+01 -1.687300974653739871e+01 -1.626051518557149933e+01
-1.920416530377769959e+01 -1.698387512218900142e+01 -1.623264694201629865e+01
-1.866372812566369888e+01 -1.625351024256499954e+01 -1.636278100139480074e+01
-2.049303948465029990e+01 -1.819356034227460128e+01 -1.639479984805349844e+01
-2.074356092289039921e+01 -1.779956351639789958e+01 -1.620155651936079977e+01
-1.838586390963270034e+01 -1.780601388881099822e+01 -1.559248188117850020e+01
-1.960306592444809937e+01 -1.743816270619009856e+01 -1.550289942792180042e+01
-2.318826282630029922e+01 -1.827956485173319834e+01 -1.579108854630329972e+01
-1.960962068651230084e+01 -1.708639717338699882e+01 -1.566967370542509919e+01
-2.169972815627119900e+01 -1.763220453067500060e+01 -1.500618966276159938e+01
-2.251208835414960063e+01 -1.735792505080469894e+01 -1.621634368180059838e+01
-1.954040008238790094e+01 -1.815306818721580129e+01 -1.652851798269389860e+01
-2.091720827677109895e+01 -1.823748707452649853e+01 -1.588016823380720055e+01
-2.113923003269179901e+01 -1.845100616943599903e+01 -1.619805571846439918e+01
-2.069464287547139847e+01 -1.779919713629699984e+01 -1.557029671805359961e+01
-1.919991993516600104e+01 -1.656687625098080119e+01 -1.604534028474730079e+01
-1.911833955467630020e+01 -1.734156696156259869e+01 -1.568349317935470033e+01
-1.901386515077119910e+01 -1.810579630505980120e+01 -1.571019106036290047e+01
-1.984442551270860022e+01 -1.860489302434709913e+01 -1.574681529012850056e+01
-1.870349819260709978e+01 -1.758665932747869931e+01 -1.547380206538580083e+01
-1.817364799072520043e+01 -1.727552987750280167e+01 -1.561985026113059938e+01
-2.006610791568209962e+01 -1.679256635517590013e+01 -1.668419104574890000e+01
-1.825069557841250045e+01 -1.689724415708800009e+01 -1.727490888476980047e+01
-1.910990040978689919e+01 -1.741478843898820017e+01 -1.582365261761050057e+01
-1.752154022440129921e+01 -1.678891512371809824e+01 -1.671933415771750120e+01
-1.868135151842259845e+01 -1.779299769298799916e+01 -1.584170160558799978e+01
-2.081578387236260141e+01 -1.779026217977720137e+01 -1.586212394834829986e+01
-1.745411772787079840e+01 -1.749676753127220152e+01 -1.590716082502659923e+01
-1.769081567785919873e+01 -1.703103449865499996e+01 -1.597653334164549932e+01
-1.979694057220969938e+01 -1.762882901237029998e+01 -1.700391836883289898e+01
-1.959135025667420038e+01 -1.793167259679769998e+01 -1.685812077543049980e+01
-1.768905360815569949e+01 -1.661369840069659887e+01 -1.641175800950249908e+01
-1.977745922530939993e+01 -1.793392760616610104e+01 -1.596946869677920056e+01
-1.883724105802300031e+01 -1.827846510224949839e+01 -1.567317595533980068e+01
-1.904059128930810019e+01 -1.726727980858660061e+01 -1.601933105720510042e+01
-2.236040344596520058e+01 -1.678258833009849837e+01 -1.616966536526500064e+01
-1.867251600251429977e+01 -1.760620285778500005e+01 -1.712335832388109935e+01
-1.824941574379689868e+01 -1.714868231837209933e+01 -1.605697406191109877e+01
-1.787599531171759892e+01 -1.792764542761009849e+01 -1.541955985649770078e+01
-2.004278030609389916e+01 -1.638313442235820006e+01 -1.573279103449299932e+01
-1.861911187608830076e+01 -1.709740561728920127e+01 -1.585699900303860055e+01
-1.879414465576569881e+01 -1.805592902701770086e+01 -1.641827886129560099e+01
-1.801316477246970038e+01 -1.661393185399060002e+01 -1.564006110714429987e+01
-2.138938498731710069e+01 -1.778276105863579915e+01 -1.632679420441399998e+01
-2.047328896310769863e+01 -1.703351861134769862e+01 -1.577574232544460031e+01
-1.964333277351130036e+01 -1.722330726216100061e+01 -1.642474885657750150e+01
-1.790104504864419965e+01 -1.778267102622369933e+01 -1.533495298501449966e+01
-1.970775929501940027e+01 -1.735803763100069830e+01 -1.567694533289269998e+01
-1.930613737140869901e+01 -1.698860319720720113e+01 -1.511578805489060073e+01
-1.784252020442719910e+01 -1.605424520339009931e+01 -1.578862732756140019e+01
-1.795486077032390071e+01 -1.678632522368139846e+01 -1.647318603580740159e+01
-2.067424481596259866e+01 -1.737312430043530043e+01 -1.586020146024610078e+01
-1.784159240085680054e+01 -1.775828531451950099e+01 -1.564564298989859914e+01
-2.108964841883199881e+01 -1.794186361032990007e+01 -1.527148549943830069e+01
-1.816929554260079982e+01 -1.675256657337050115e+01 -1.495601238067020056e+01
-2.112000126768100117e+01 -1.745399927059100165e+01 -1.632116832037090148e+01
-1.762170266538269914e+01 -1.750441718443750005e+01 -1.586338296558379923e+01
-1.871341892109450100e+01 -1.778257957338989925e+01 -1.546478014271520074e+01
-2.402285750641020101e+01 -1.861555297957239929e+01 -1.712360748086900131e+01
-2.118597595530809841e+01 -1.839551612659469981e+01 -1.660195529798259884e+01
-1.852390013213459952e+01 -1.723932171523049917e+01 -1.587158907923280005e+01
-1.992680951113619869e+01 -1.762842866934670027e+01 -1.618518711917609920e+01
-1.947020126371949900e+01 -1.797488919803809893e+01 -1.596681635791379961e+01
-1.881211205412569853e+01 -1.847621371102890109e+01 -1.469990946335379967e+01
-1.958893256906250002e+01 -1.818352477702839920e+01 -1.596455892051709924e+01
-1.825902110666379841e+01 -1.740405603937880130e+01 -1.576101836146609969e+01
-1.860061410334489906e+01 -1.694202426077579915e+01 -1.600709802417300054e+01
-1.940761288706740118e+01 -1.751119332833710018e+01 -1.675555412465130090e+01
-2.333500048222499856e+01 -1.751072743250610131e+01 -1.586787659485210078e+01
-2.062748443311980040e+01 -1.764534766592069914e+01 -1.617965482916140019e+01
-1.811665410504539864e+01 -1.741331716387010076e+01 -1.591492064018319930e+01
-1.802137330906619894e+01 -1.760804888566470083e+01 -1.519354211047700076e+01
-1.859901763060799951e+01 -1.798925236808990036e+01 -1.627659166848039973e+01
-2.309013573300340028e+01 -1.807286190522929914e+01 -1.685867947403750122e+01
-1.946110128455810084e+01 -1.814866218716450064e+01 -1.592349685946319937e+01
-1.850461291360710092e+01 -1.827748105284349833e+01 -1.671828706869730041e+01
-1.860292805114220016e+01 -1.757187348666170124e+01 -1.576570892129599955e+01
-2.023993475221800153e+01 -1.844803208378050030e+01 -1.634046992015170119e+01
-1.961352782740360112e+01 -1.750531540671019926e+01 -1.596885333650270056e+01
-2.058444797536100168e+01 -1.746267751304570126e+01 -1.606008295711480116e+01
-2.015475720771869916e+01 -1.814566539408129842e+01 -1.574424825039480069e+01
-1.956542638028529879e+01 -1.767683775968550108e+01 -1.565226425912510066e+01
-2.227562604839339855e+01 -1.843748367814039923e+01 -1.567657276561110002e+01
-2.066992586344539973e+01 -1.777121090564610029e+01 -1.661645004490100064e+01
-2.104953556120230118e+01 -1.850194258926060087e+01 -1.610159903336359832e+01
-2.027653448604120001e+01 -1.704540951976499841e+01 -1.582206659820189998e+01
-1.827270588965480158e+01 -1.726300736770659938e+01 -1.546119174661290074e+01
-1.920551291697410079e+01 -1.805937500184079880e+01 -1.584293500622739970e+01
-1.909710258574099839e+01 -1.770191641872780153e+01 -1.610138220466980030e+01
-1.813953306284410161e+01 -1.679257873570400150e+01 -1.605567298990380110e+01
-2.019458118273330172e+01 -1.822312431522410137e+01 -1.627105425407890138e+01
-1.944630381692470067e+01 -1.761213863275850144e+01 -1.593260081660159955e+01
-1.826455901737449850e+01 -1.792457267443980129e+01 -1.625803614385209883e+01
-2.095431732567540095e+01 -1.871113053588869946e+01 -1.590400468109839949e+01
-2.178007317853510116e+01 -1.837179507632810171e+01 -1.624857269929229986e+01
-1.993669452306500034e+01 -1.878090808900180164e+01 -1.584055722911769948e+01
-1.965689428848180142e+01 -1.738189484849419841e+01 -1.613194231900889974e+01
-2.028041583108900170e+01 -1.891592234012529872e+01 -1.708212148111519824e+01
-1.925585547638380035e+01 -1.776735875902479833e+01 -1.588976941679399957e+01
-1.991243312592180104e+01 -1.798586619812559917e+01 -1.599231135732789966e+01
-1.854555500699190063e+01 -1.728070927529439871e+01 -1.513510815622900019e+01
-1.931036384441129883e+01 -1.785921713948199852e+01 -1.638936572408490022e+01
-1.936845081078600117e+01 -1.825335299748559947e+01 -1.706633984069650012e+01
-1.928585016567640054e+01 -1.792240813723730142e+01 -1.677561154020629886e+01
-1.932512588129529973e+01 -1.884174869739139879e+01 -1.636556188771080045e+01
-2.013948051532259953e+01 -1.742994416182670037e+01 -1.604688292430920171e+01
-1.949971317496520129e+01 -1.884131873981110061e+01 -1.535148968308130080e+01
-1.967723579206240103e+01 -1.706163683796550146e+01 -1.603219259222120030e+01
-2.003127720864570094e+01 -1.797471955449490011e+01 -1.618710468358469967e+01
-1.910825538421680037e+01 -1.826884933197440120e+01 -1.691715951122030148e+01
-1.996109669852770097e+01 -1.815975920645569985e+01 -1.640801894845670006e+01
-2.108023619242609925e+01 -1.763614656290650018e+01 -1.680776323479659951e+01
-2.045121632912979948e+01 -1.685677762896790099e+01 -1.647167083615530103e+01
-1.863594008162460014e+01 -1.772766569029920092e+01 -1.673657002435869856e+01
-1.953303820704639904e+01 -1.806395334474860093e+01 -1.653863451349450031e+01
-1.868399435722630031e+01 -1.788015556965460107e+01 -1.641909910027129982e+01
-1.859085819158940112e+01 -1.806031693108240077e+01 -1.632014946359149832e+01
-2.192510672648259984e+01 -1.791516730592610074e+01 -1.606196584750620104e+01
-2.056710924862320056e+01 -1.771413332610859825e+01 -1.696001330332390111e+01
-1.737463963351950014e+01 -1.689862486566340039e+01 -1.747459793572189923e+01
-1.848776652648729879e+01 -1.684984422985759878e+01 -1.617766583465730079e+01
-1.895615050737849927e+01 -1.723443451856489972e+01 -1.643876916012520084e+01
-1.811586751081090085e+01 -1.746501213636479832e+01 -1.638854488230520090e+01
-1.799807553079320144e+01 -1.725211298854040010e+01 -1.654280299313749936e+01
-1.845892975566849969e+01 -1.766979289842630152e+01 -1.683822978335179954e+01
-1.753068818717899902e+01 -1.727628722086380009e+01 -1.646360101115550023e+01
-1.791249020586219842e+01 -1.715223252603399828e+01 -1.647849525474839893e+01
-1.836112496984319975e+01 -1.770777301802079862e+01 -1.679465210258949881e+01
-2.019487967323340172e+01 -1.721360346184550139e+01 -1.554022607923569943e+01
-1.987025326812259962e+01 -1.783275379739610145e+01 -1.570188268374299945e+01
-1.987508264245600031e+01 -1.792649380233689982e+01 -1.597727673709199969e+01
-1.895824860066500150e+01 -1.772432242687539983e+01 -1.637757959382119921e+01
-1.903619605218259991e+01 -1.734052598818150059e+01 -1.580725291108639929e+01
-2.003844350570560096e+01 -1.895681999179180011e+01 -1.654291938721160093e+01
-1.967564519383689969e+01 -1.772325195425440114e+01 -1.657825356203640155e+01
-2.017329384597979924e+01 -1.846094677405260143e+01 -1.576609856909090013e+01
-1.757907083351150135e+01 -1.720114029686790147e+01 -1.658075962113429824e+01
-1.804866644498070016e+01 -1.694149003561240008e+01 -1.602964902380420043e+01
-1.769096763569289976e+01 -1.669387734139559853e+01 -1.553855258930090066e+01
-1.867187517138579977e+01 -1.773449058957830005e+01 -1.621089285492899990e+01
-2.074136450164390055e+01 -1.827390693657769916e+01 -1.682716602005309880e+01
-2.016555778487580142e+01 -1.835808402244009940e+01 -1.605386132828660095e+01
-1.843837837200929997e+01 -1.785466532671690132e+01 -1.661267377690019842e+01
-1.795902700245019901e+01 -1.713103518257780067e+01 -1.629366112210669826e+01
-1.899034592292330004e+01 -1.712096857871469879e+01 -1.616647902193820130e+01
-1.862151699833459872e+01 -1.715276362158209977e+01 -1.510602928749590035e+01
-1.901807932288780023e+01 -1.689298841396940176e+01 -1.593809007617569939e+01
-1.934415688235349862e+01 -1.673421012971839872e+01 -1.622927947476760124e+01
-1.808870506546309898e+01 -1.728001802749950144e+01 -1.699566181693939981e+01
-1.949068314163260141e+01 -1.859609647834719937e+01 -1.600721928803350025e+01
-1.844140984880339929e+01 -1.719022024651449954e+01 -1.644466375200940078e+01
-1.777345377929659875e+01 -1.729235919014789857e+01 -1.571443861761160043e+01
-1.798079465404200050e+01 -1.706486623144479964e+01 -1.655663823289420122e+01
-1.956688439674289981e+01 -1.751416416767920126e+01 -1.683613506162170026e+01
-1.795878787477609961e+01 -1.738248550662940062e+01 -1.704916109158140003e+01
-1.812635688521019972e+01 -1.735090967284229890e+01 -1.691492294825399867e+01
-2.010394786847090032e+01 -1.850703450833109898e+01 -1.616170841806500036e+01
-1.775451795291499835e+01 -1.722403132190270014e+01 -1.657637540899990114e+01
-1.813552159548489939e+01 -1.709005641007950160e+01 -1.575373334344740073e+01
-2.109618958116340082e+01 -1.754762325466939998e+01 -1.616286569568670117e+01
-1.806740885293489995e+01 -1.703767905691610096e+01 -1.679821738485649973e+01
-1.845817583395360018e+01 -1.670416219663979973e+01 -1.675690691893669992e+01
-2.043361312202830149e+01 -1.711150993290599942e+01 -1.648308029981389922e+01
-1.903628301797530042e+01 -1.669358883279459960e+01 -1.568772686952389961e+01
-1.906407344076849952e+01 -1.721331094304819942e+01 -1.702022315282459886e+01
-1.989945138142260106e+01 -1.781767964335639931e+01 -1.705397055691830133e+01
-1.826993945398049846e+01 -1.734359317647099985e+01 -1.667728832750239931e+01
-2.240417060898120027e+01 -1.759961664307870066e+01 -1.610719884316609907e+01
-1.743483761633709861e+01 -1.722391830067359919e+01 -1.614748522351240112e+01
-1.762335885577309824e+01 -1.767502324941949965e+01 -1.658533029473460019e+01
-1.756982224077709986e+01 -1.649067164142359943e+01 -1.592489859372900085e+01
-1.772071310412599843e+01 -1.669432671755770059e+01 -1.652151831701729989e+01
-1.827623946230140106e+01 -1.760550293753869866e+01 -1.539084684380629930e+01
-1.782564811527149828e+01 -1.696889307364849842e+01 -1.579812130110619961e+01
-1.984279180716929858e+01 -1.727829900861539869e+01 -1.451794658524610071e+01
-1.830042307108379873e+01 -1.720133286358549896e+01 -1.609366760461750090e+01
-1.743741215842689840e+01 -1.648476628480739947e+01 -1.578432034713939913e+01
-1.896769936056420036e+01 -1.733359342823279903e+01 -1.669937687993339992e+01
-1.965641736393769889e+01 -1.697714269299130052e+01 -1.694097569727649955e+01
-1.838801321900090002e+01 -1.706598357375440145e+01 -1.552886044292900003e+01
-1.930031097186040157e+01 -1.678119970772129932e+01 -1.571280175337319918e+01
-1.747930255977490077e+01 -1.720422784312430053e+01 -1.584908925358659992e+01
-1.974368741692800100e+01 -1.742460378402940080e+01 -1.629042929890690061e+01
-1.793782724490479907e+01 -1.656439118229189944e+01 -1.620779033724500096e+01
-1.903176056350670109e+01 -1.706730991420209875e+01 -1.664102718574239859e+01
-2.068393146574189956e+01 -1.699058573068730027e+01 -1.612631190705230111e+01
-1.825029522501580104e+01 -1.714474247824060171e+01 -1.642205315588019943e+01
-1.908016306312439880e+01 -1.764929503205030059e+01 -1.611519171771429981e+01
-1.751250693268999825e+01 -1.633779095733940068e+01 -1.457642647858410001e+01
-1.865585493285709973e+01 -1.719515835524279979e+01 -1.669699757928960082e+01
-1.921437002537780003e+01 -1.723969796910330032e+01 -1.588779606675599965e+01
-1.788296904511989993e+01 -1.684194730254469974e+01 -1.728226850382819890e+01
-1.814797134406289913e+01 -1.680854211248410124e+01 -1.707369290011079954e+01
-1.858922711535189976e+01 -1.681495344847479956e+01 -1.591056192677089953e+01
-1.655865927721350062e+01 -1.667538552830509957e+01 -1.621318449556790142e+01
-1.759081763451310110e+01 -1.680846927647399980e+01 -1.610638674287010019e+01
-2.125416565694759896e+01 -1.846245047503959924e+01 -1.602850786857079868e+01
-2.106262730329639865e+01 -1.720699813746010065e+01 -1.647091424946979998e+01
-1.889342186155850101e+01 -1.754857616789499986e+01 -1.590581581080859941e+01
-1.760288670560279911e+01 -1.640598934770149953e+01 -1.671175661267060164e+01
-1.796253210231120079e+01 -1.698361884239649910e+01 -1.642375534127780057e+01
-1.802521835649460158e+01 -1.704987280190529830e+01 -1.511643072940229970e+01
-1.829262833584530057e+01 -1.690351643694620165e+01 -1.683139527125780077e+01
-1.852706874824690075e+01 -1.660855014982699984e+01 -1.577723273592670061e+01
-1.954185766399839963e+01 -1.709194476420929831e+01 -1.589341711158320081e+01
-1.793386218806060128e+01 -1.700668294112159984e+01 -1.659214547679869867e+01
-1.910158534917249895e+01 -1.756611888229370066e+01 -1.744491384874620010e+01
-2.039398217616579956e+01 -1.667490617762789995e+01 -1.609178651294810081e+01
-1.896458406510679850e+01 -1.697456405712970096e+01 -1.563287558153160006e+01
-1.743311408969960041e+01 -1.712803648383410149e+01 -1.674397141781550147e+01
-1.757297127729020048e+01 -1.619587502953000069e+01 -1.632620266291539934e+01
-1.912394680744199960e+01 -1.809632384538380023e+01 -1.614153321589139978e+01
-1.795313699661570084e+01 -1.697413152897900090e+01 -1.617535939548010049e+01
-1.855833343933050017e+01 -1.688650261529679852e+01 -1.665130935955719949e+01
-1.852534370330759828e+01 -1.704603480855049824e+01 -1.578020041773659976e+01
-1.843756640514759937e+01 -1.682817926077699866e+01 -1.643036038504660112e+01
-1.892017852624800156e+01 -1.730243739334580155e+01 -1.642166355441409920e+01
-2.266218777444530019e+01 -1.773266600835649953e+01 -1.551529298191429973e+01
-1.688833263782860072e+01 -1.661302199574059912e+01 -1.521068323495629926e+01
-1.878932914225239870e+01 -1.689715280096089955e+01 -1.587702365701109919e+01
-1.738437792122120129e+01 -1.718518220656390127e+01 -1.637146507903199932e+01
-1.725260398661700023e+01 -1.699494891088560067e+01 -1.653803745283790150e+01
-1.908229495819890076e+01 -1.743987006384120164e+01 -1.607410550326159893e+01
-1.846251689998770118e+01 -1.759113617858639955e+01 -1.719825229386439958e+01
-1.989190482129519921e+01 -1.673290273743609902e+01 -1.585127050373700008e+01
-1.770440313090049855e+01 -1.688215074369189850e+01 -1.632310586808959840e+01
-2.253709586048359981e+01 -1.862459290474259888e+01 -1.543914093816509947e+01
-1.830466836149649978e+01 -1.704574874751549984e+01 -1.539760021915540023e+01
-1.903653458734400061e+01 -1.719845095338050101e+01 -1.603570731599869958e+01
-1.905478943009509862e+01 -1.737001130021119977e+01 -1.630729986746910143e+01
-2.004180467358699858e+01 -1.774482878165920141e+01 -1.605823370734420052e+01
-1.830073265105919944e+01 -1.741522748217440153e+01 -1.580594417138170016e+01
-1.839229107684980136e+01 -1.724952516973219829e+01 -1.507224421420420057e+01
-1.966708553634289913e+01 -1.683581336423590002e+01 -1.563466256855319969e+01
-1.811377069624650105e+01 -1.747875941888380069e+01 -1.623630760744070045e+01
-1.935321235919710148e+01 -1.715228271353399947e+01 -1.668938715907200177e+01
-1.706710363867840030e+01 -1.747813830716239991e+01 -1.590900194589429972e+01
-1.885711085257830177e+01 -1.702076644130280059e+01 -1.641608476836260166e+01
-1.852851630009400097e+01 -1.826189937631360038e+01 -1.653177596022539930e+01
-1.838317203527260091e+01 -1.705443294052599867e+01 -1.647091480563519994e+01
-1.872726134227200134e+01 -1.815943976684069838e+01 -1.615227815343130047e+01
-1.761361603038369950e+01 -1.699887678648800104e+01 -1.668926926604400052e+01
-1.955636949112389900e+01 -1.812456929957339824e+01 -1.631141021545380099e+01
-1.858765643476899854e+01 -1.745642221721950094e+01 -1.603535340748879889e+01
-1.772794117447029905e+01 -1.737662394163530166e+01 -1.561437229858239917e+01
-1.677316835538169926e+01 -1.637631845035550171e+01 -1.631496371195279949e+01
-1.900872585940230053e+01 -1.681811716868489981e+01 -1.565214241097909920e+01
-1.806546212268380103e+01 -1.745775536941210149e+01 -1.624790200999860090e+01
-1.823655982527629860e+01 -1.725771620881640089e+01 -1.633978283044309876e+01
-1.738005094044899934e+01 -1.646388772987809901e+01 -1.541673498736190062e+01
-1.915408988357100029e+01 -1.707818790832740063e+01 -1.575705587542049990e+01
-1.913753344929019917e+01 -1.822235734111579930e+01 -1.559029447439800009e+01
-1.803153103005319835e+01 -1.831221714317250004e+01 -1.653490783648319962e+01
-1.846100166617230087e+01 -1.740227663901070088e+01 -1.609171193214249840e+01
-1.932081232618400080e+01 -1.713281802926960040e+01 -1.587352773039850007e+01
-1.812655643519849846e+01 -1.688711964550590139e+01 -1.592772106200060023e+01
-1.790910084991730145e+01 -1.736944131737649855e+01 -1.629621279487090035e+01
-1.859224918742109978e+01 -1.735733916049899861e+01 -1.496051973707809957e+01
-2.051053937117010051e+01 -1.683735450937109945e+01 -1.614102565634879838e+01
-1.767495808108209943e+01 -1.686433610611650025e+01 -1.667445981371880137e+01
-1.723330068015389926e+01 -1.641532550543760038e+01 -1.570876089262250019e+01
-1.767653296816489927e+01 -1.700228654884629975e+01 -1.664159621216139939e+01
-1.821783178552760063e+01 -1.778567552625549908e+01 -1.608106882902779944e+01
-1.717709420748489890e+01 -1.770565194014490018e+01 -1.579603414402579986e+01
-1.835624921810909882e+01 -1.740598122090349875e+01 -1.603509341773110108e+01
-1.766391327902330133e+01 -1.723587370433579835e+01 -1.502792743946129939e+01
-1.995085118511450162e+01 -1.735629350558960127e+01 -1.628292601737430090e+01
-1.921225024410729887e+01 -1.694857738645530176e+01 -1.510572010979669955e+01
-1.884606428475209938e+01 -1.717922685602880151e+01 -1.654079396810229952e+01
-1.977148663827309960e+01 -1.689521534270319947e+01 -1.575828096931799926e+01
-2.034950335748889927e+01 -1.798836289314469994e+01 -1.568522992141840078e+01
-1.750956192212629858e+01 -1.680301653435579823e+01 -1.645115476610540028e+01
-1.736072325226519908e+01 -1.617387103454180064e+01 -1.489658482150979957e+01
-1.819799456198810006e+01 -1.724562365678400155e+01 -1.621884070725230131e+01
-1.810239801141570126e+01 -1.719691694618299849e+01 -1.649936375101910002e+01
-1.752815785933630011e+01 -1.665668357942779920e+01 -1.621357242507270158e+01
-1.724708032755140152e+01 -1.631129223110729853e+01 -1.643480305856650148e+01
-1.772126899710019998e+01 -1.727272768038400130e+01 -1.606700910853950148e+01
-1.786479823262959954e+01 -1.705364848248069976e+01 -1.560975651263339969e+01
-1.734476022820939889e+01 -1.739743910066179922e+01 -1.561539326008329986e+01
-1.715316088860360111e+01 -1.704380044489170132e+01 -1.632320107516670049e+01
-1.883015723919130124e+01 -1.695710747216769931e+01 -1.623905799862960109e+01
-1.868362469638870138e+01 -1.758930537138909855e+01 -1.612126977813920092e+01
-1.886265289051619831e+01 -1.700594097049199860e+01 -1.606468709137699946e+01
-1.806863131325640026e+01 -1.752919375696160031e+01 -1.653248785862039938e+01
-1.781842390841940116e+01 -1.716923904638520071e+01 -1.658884370148249943e+01
-1.790323010658070046e+01 -1.679300531284309983e+01 -1.568190392843649938e+01
-1.840295092785209974e+01 -1.695163111661640087e+01 -1.560310665457740065e+01
-1.761056815375070173e+01 -1.687172626259529906e+01 -1.619695686366170051e+01
-2.001885440439150088e+01 -1.701645327421820042e+01 -1.654131337291439863e+01
-1.763959590830659963e+01 -1.781115095371989909e+01 -1.601913594242499883e+01
-1.718883106554320150e+01 -1.655103122894010070e+01 -1.539727616974080071e+01
-2.097775997337850029e+01 -1.719990422683429898e+01 -1.605474863810499997e+01
-1.834011021484790049e+01 -1.654170351581479892e+01 -1.595610875709120080e+01
-1.811170396786110004e+01 -1.749236685328990148e+01 -1.625928338176590060e+01
-1.779773140235879936e+01 -1.652021520556040102e+01 -1.608927552359159918e+01
-1.842680873668700059e+01 -1.744234121905499890e+01 -1.601241865257199848e+01
-1.809730501385509882e+01 -1.720287346793039873e+01 -1.620650835686589986e+01
-1.880190499587769892e+01 -1.735840312211909975e+01 -1.617086070663859942e+01
-1.840245783679650060e+01 -1.736227777962960062e+01 -1.637502230412640003e+01
-1.776225824110139939e+01 -1.699638141088220067e+01 -1.512007890450590075e+01
-1.909155777653009878e+01 -1.721618456760630167e+01 -1.588992002740780052e+01
-1.906807506146349951e+01 -1.666761617837000031e+01 -1.539627428178580004e+01
-1.985086272247239947e+01 -1.742308032819509833e+01 -1.576863564378879978e+01
-1.756968889538229917e+01 -1.783791675972529944e+01 -1.622117780235370077e+01
