-1.043088106306310389e-11 -2.500186092145922980e-07 -1.247256607662648254e-03 -3.320150014542191386e-01 -3.587926567994339067e+00 -5.664967781109382372e+00 -1.544433545314971123e+00 -5.447461019715638814e-02 -1.169661364056218692e-04 -1.254463370777276338e-09 -1.628998592303511887e-14
-4.356572925214671047e-06 -9.481067797243879561e-03 -6.260163135954583957e-01 -1.004480693284965120e+01 -3.263843507750222983e+01 -2.835942248652694531e+01 -1.714078347253488843e+01 -2.506403104461220277e+00 -3.170024989326121478e-02 -2.449364947948136291e-05 -6.501990151725700019e-09
-1.236130295713987193e-02 -2.328443073755549708e+00 -2.160470645580986115e+01 -2.171559422150374985e+01 -4.296154834330558003e+00 6.140439264539700126e+00 9.188127190218516205e+00 4.523234969844273756e+00 4.979868742372897672e-01 -9.498561446195019284e-04 -7.823499074172897172e-07
-8.023611135260105831e-01 -2.709089162972288278e+01 -3.771975308647450476e+01 8.666401211001659721e-01 1.297532678563525188e+01 1.422971507907575983e+01 1.242205422386337865e+01 1.416489795778599614e+01 8.452421965156641903e+00 5.831503536725540782e-01 2.478412148067083917e-03
-1.665306300815517337e+00 -2.505597667733125533e+01 -1.679382479602332978e+01 7.422275411574312365e+00 8.431400078835208589e+00 5.768336346508697865e+00 3.301204820906217918e+00 4.357595130822092599e+00 1.405551476320316340e+01 1.374071008408305694e+01 2.027232174258880304e-01
8.196004801564816811e-01 -1.990834416004798602e+00 -2.663647194937064810e+00 -8.486256924204893526e-01 1.290596433072821014e+00 9.960003557395888940e-01 -8.798048305101928424e-02 -2.031918698769862863e-01 2.378313699480491206e+00 -1.185851647962491651e+00 -2.274132352828172887e-01
1.386477879480169095e+00 2.829410252888656530e+01 1.470046900304781623e+01 -9.223140546044517052e+00 -7.205108883716660806e+00 -4.039248290153333976e+00 -3.023475476815764118e+00 -4.924485868211458950e+00 -1.360257806440603723e+01 -1.399896625441335551e+01 -2.240910515745355713e-01
4.962774236866003275e-01 2.457072118067185684e+01 3.171080652632965169e+01 1.871796774849878053e+00 -1.007701309985441007e+01 -1.301709518266968324e+01 -1.345626314564454873e+01 -1.538567971592294192e+01 -9.251133108408296835e+00 -8.207267165411542553e-01 -3.685684574195616670e-03
8.060917137998774643e-03 1.640077648927887211e+00 2.590072466582452648e+01 3.391759255704226206e+01 -6.876443454984291215e-01 -1.006143821388051407e+01 -7.157592888224803218e+00 -3.926132351354794103e+00 -2.254925888236485876e-01 -8.234928669735224610e-03 -9.498263977811111398e-06
3.297630995976622402e-07 2.048501540913316710e-02 1.938711545748172282e+00 1.787002819422174937e+01 2.362575417050617688e+01 1.905541596987697162e+01 1.041097996471001430e+01 1.690797676216861500e+00 3.776324689995132905e-02 5.426155855777739008e-05 1.101664227441280063e-09
2.299617158476843339e-11 6.031055753772200611e-06 1.069659689837574104e-02 2.628988236469627648e-01 1.307191522336496714e+00 1.942014802000344265e+00 4.052655436955046042e-01 9.047612702973708773e-03 7.987382187167843301e-05 4.052187564431604965e-09 1.851859792259869674e-14
