-1.963582406003292550e-13 -3.714360631603826132e-08 -2.286579288467522827e-04 -2.885275934310824186e-02 -2.108886667052848052e-01 -1.148263717051639515e-01 4.005990842718072653e-02 1.224594273622139733e-02 3.133654173331225606e-04 -9.997722425909083605e-08 -1.271833905902155080e-12
-5.465473473870018281e-08 -6.653424268569058065e-04 -1.436788666221043564e-01 -2.759876275464112183e+00 -5.643374384329362670e+00 -7.947642393768378222e-01 1.080035399821763636e-01 1.618899747452665350e-01 -1.306588527560762630e-02 -2.489763314078538331e-04 1.634586593053182936e-09
-4.964571507283618195e-04 -2.918327111694463127e-01 -8.495438037212345250e+00 -2.220652051450120013e+01 -7.935158821848357746e+00 6.193409897823356935e+00 1.104158795467538745e+01 3.592665899948588759e+00 -8.311705864252505460e-02 -9.114868401144912355e-03 1.444800736747232765e-04
-7.677437621549548785e-02 -8.934852552899171130e+00 -4.653007285314840402e+01 -3.334571856067306328e+01 -6.494943165702270704e+00 1.341275464083843350e+00 3.292138430318054976e+00 2.238819702097748277e+00 2.021531096257658699e+00 4.184019983641985019e-01 -2.947257974748205330e-03
-8.777828613622989939e-01 -3.230998620382534625e+01 -4.535392917187436268e+01 -6.528845127971393048e+00 5.346077534817306187e-01 -5.353299778967593459e-02 -1.794880144024910140e-01 2.928577811993775537e-01 -2.135308393201864330e-01 -1.727324931303276245e-01 8.809436782206681027e-02
3.895942902288145743e-02 3.079496245108588881e-01 -2.663382417560812565e-02 -1.785943829122211557e-01 -8.615840468114831230e-02 4.616793150716387573e-02 -1.712939210013676994e-01 -1.320101216786333798e-01 1.133064295713487879e-01 1.294017606334148640e+00 3.388326910135019410e-01
8.969249984086280492e-01 3.347072351949575619e+01 4.563804412159089452e+01 6.905604166561931656e+00 -2.589698230108741783e-01 -3.002017593402115936e-01 -3.410591258221475353e-01 -1.042297232211972791e+00 -8.024984311809312265e-01 8.846234652161556467e-01 9.404018411735404204e-02
8.634821236197573469e-02 9.364877905419024984e+00 4.692366758156166640e+01 3.399752421532532054e+01 5.589320898281821215e+00 -1.341037896698775156e-01 -3.846936329669039090e+00 -2.448947750058724893e+00 -1.240325347331421080e+00 -6.631481197083851642e-01 -1.195637371869021732e-03
5.464938736827550493e-04 3.226942837903604144e-01 8.559895673813661787e+00 2.120063540756565246e+01 9.607871441923624189e+00 -6.097763316136055600e+00 -1.157959318736976151e+01 -2.716394326695519723e+00 -4.450470505384377384e-01 -7.179958751160921138e-02 3.198230002610141960e-04
6.076090115480589423e-08 7.510569750616565791e-04 1.471483199722421198e-01 2.629997586881033023e+00 5.518054356692631224e+00 1.721532414494266972e+00 -1.359326647405078914e+00 -2.035930171042223957e-01 -2.393145761331386817e-02 -4.807175052328929829e-04 -1.942463217753639320e-07
2.423348868184310770e-13 7.284636345714418045e-08 1.140705869152770232e-04 2.472119107650770295e-03 1.555863591691268866e-01 1.601665899509979729e-01 2.390059544780781878e-02 -7.832261412687039140e-03 -1.313858951955785301e-04 2.102097742809744887e-08 -2.099544696535124182e-13
