-4.598324901966682229e-12 -1.464727551709482179e-07 -9.876690272780505250e-04 -1.272904389855802898e-01 -1.644934941830867581e-01 6.651631582910390028e-01 1.253505081921939990e+00 5.868491394614369638e-02 8.378626891971208775e-05 1.955945109677094316e-09 3.254813317540544930e-14
-3.951009070268331596e-06 -4.744932315623271758e-03 -2.947471500984589210e-01 -4.777452104629776208e+00 -2.391096978959464270e+00 1.801513133346803386e+01 2.102500054799595119e+01 4.993027758519451353e+00 7.287637332634458454e-02 9.087145476933585484e-05 3.146765202570130484e-08
-1.620896119758483481e-02 -1.942591286918127436e+00 -6.788629563585767634e+00 1.403022622703587530e+01 2.247495772511708623e+01 2.222901431912550052e+01 2.099798697082202992e+01 1.783886898408397670e+01 3.014236011548546035e+00 5.495497611634971719e-02 1.007554320991092670e-04
-1.253474217069204366e+00 -2.514601698172909394e+01 6.484139757144644634e+00 2.675933282516797718e+01 2.168929295030465809e+01 1.660333502940151007e+01 9.033490910662580475e+00 1.070720971924938425e+01 9.326082599760590952e+00 9.557422731034032060e-01 6.259651714860613170e-03
-4.333818676548323978e+00 -2.715596510279473463e+01 2.568225035789008714e+01 2.897971858103856846e+01 1.916608449903552724e+01 7.746548215096364487e+00 1.859890702910736104e+00 1.985066086689525999e+00 7.798094930536078273e+00 -1.937478037162649658e+00 -6.231164351312385580e-02
-8.655525460613775479e+00 -2.792516879459511259e+01 2.662271697337250842e+01 2.791231359451663607e+01 1.963605629503682692e+01 5.237614927753400096e+00 1.661432274893839545e-01 4.731298017406502798e-01 2.796555319770070369e+01 -4.577857343802887158e+01 -1.829705682971940695e+00
-5.059891517448114939e+00 -2.361994337285173273e+01 2.562476669658031625e+01 2.975456683642079980e+01 1.766434671292946845e+01 7.052607175158944308e+00 1.640855956964644591e+00 2.108435387734044486e+00 9.013255094626552832e+00 -1.951181711700576304e+00 -1.383652186329736300e-01
-1.668501483242277539e+00 -2.350267171537860023e+01 6.018769628349609491e+00 3.030787796247270549e+01 2.018001050319356438e+01 1.439362615574474269e+01 9.298135455187475529e+00 9.932083159576384546e+00 1.090500388830503731e+01 1.173921219110962477e+00 4.839358425088972904e-03
-1.579750452163386151e-02 -1.589435972705617095e+00 -1.022284281016790075e+01 1.613152788236214885e+00 1.924394693501705689e+01 2.201116488107972557e+01 2.170768021866690489e+01 1.956604821417367290e+01 3.461452748097738841e+00 5.529087010847147377e-02 3.195092208312775195e-05
-4.090230581686627885e-06 -1.060102367071489964e-02 -1.292430532617036221e+00 -6.676390403723318379e+00 1.001004781386020959e+01 1.625041568206448872e+01 1.527613337371273161e+01 3.685467133403815154e+00 8.182573680446816877e-02 1.669041964201154425e-04 -2.415718197173010429e-09
-1.639497143419964830e-11 -1.921890089854832550e-06 4.461800734768604066e-04 -5.672935142298336786e-03 -1.924292301748088338e-02 3.024119757079354875e-01 1.929726399180452523e-01 1.345438860661871475e-02 7.605933901261180429e-05 5.860479527596643467e-09 2.393874255954000188e-14
