-9.817732480438641367e-14 -6.381490951205621892e-09 -3.229521228095215657e-05 -6.733133598414391802e-05 7.573597842411243508e-02 2.963204149218933159e-01 2.274404348486643856e-01 1.548003283707191126e-02 5.284840108873021451e-05 2.355503918700267390e-08 8.636116162422853661e-13
-1.101410882068955216e-07 -2.832220729457737905e-04 -2.578157648418299280e-02 8.621003745615797298e-01 7.683658628061513340e+00 1.128048766955399351e+01 5.533960390209677449e+00 1.435866644799151715e+00 7.468981233356115912e-02 8.361342114546309193e-04 1.322131752971464572e-07
-6.600424409318267566e-04 -1.028340481654926725e-01 2.298448951013382313e+00 3.021186934856164186e+01 3.956752517837944794e+01 2.848502215688482764e+01 1.977960793117915017e+01 6.782982034970383545e+00 1.895470186290249437e+00 1.217818329204919114e-01 3.814354717948366608e-04
-7.445698744588703788e-02 -1.420908159731881115e+00 3.522641539197580585e+01 4.793485506452910982e+01 2.252095357960175193e+01 8.425423735840956496e+00 3.234733718744037034e+00 2.641189442869813941e+00 1.073526073763895861e+00 5.863378134286995058e-01 1.402456020232485147e-02
-1.127686078765853139e+00 -3.603825851434948824e+00 4.073354969923010316e+01 2.145056248898036344e+01 3.030337240349999739e+00 5.430284226504034084e-01 2.828953164028787381e-01 5.458727377574636996e-01 -5.581336554507069225e-01 9.402183347761975396e-01 7.144519087967658721e-02
-2.882062242536718610e+00 -1.173910428268190564e+01 3.180436119826735464e+01 9.222311896719281421e+00 5.024053092960663047e-01 2.401860410401593648e-01 4.195565704379458638e-02 8.343897638805282402e-03 -6.408377211212193947e-01 -2.824436750674260213e-02 8.196961741694899772e-02
-1.171789738359010125e+00 -4.754169162228180312e+00 3.987662687864429500e+01 2.006503620096146179e+01 3.149796014868976979e+00 8.774010217501082565e-01 3.455089657291112587e-02 1.223802754086037586e-01 -5.476585225508866506e-01 -9.262359886781902363e-01 -7.418368182996784577e-02
-8.954419920802549060e-02 -1.698139793372786421e+00 3.545765876444296083e+01 4.881114064723539769e+01 2.185351785155373960e+01 9.030172771339442406e+00 4.157039990631891335e+00 4.209307247292436216e+00 1.078124038689977880e-02 -5.986062455713527797e-01 2.887482311161418923e-03
-4.432248851191395323e-04 -9.111684134919750822e-02 2.404963910545933281e+00 2.987641032638249428e+01 4.138494107266192401e+01 3.211057619406913943e+01 2.151385517740051867e+01 7.328232420183940832e+00 -2.880322563073365871e-01 -4.121781644273760092e-02 -1.663234690935496351e-04
6.009776220788276143e-07 6.226213551957154651e-04 -3.918091373156228768e-02 1.458570239786708855e+00 8.136488681839617598e+00 1.255990813141425200e+01 6.238860668300271861e+00 6.657682184073689946e-01 -1.470524996740352197e-02 -1.995651418844079949e-04 -7.472619443427269410e-07
1.510262588912667722e-11 7.055885639375043600e-08 4.082612597674690233e-05 1.592201153726350432e-02 1.632557369240384970e-01 2.356847461592847803e-01 3.476227585502576073e-02 -6.950064938302608943e-03 1.489023934093345063e-04 2.747729440638667443e-08 -5.119433469387998904e-13
