4.013375522308430163e+02
3.929060297140790112e+02
4.012494922359309726e+02
4.000335515087450062e+02
4.163971571118179895e+02
4.092754968985429969e+02
4.267595653942549916e+02
4.086788541582259882e+02
4.018889973836029981e+02
3.832436413123460284e+02
4.343985022053799980e+02
4.336253074423689782e+02
4.086610285087870125e+02
4.252020389097249904e+02
4.339394283033349780e+02
4.263758641767309996e+02
4.158196709409090204e+02
4.169706741010950282e+02
4.252038485895710096e+02
4.173904980839440100e+02
3.925891947748040138e+02
4.249165935278069810e+02
3.835794121080770083e+02
4.091744611551649768e+02
3.910934347591020241e+02
3.924571027894789950e+02
4.090071745810569723e+02
3.998353817884009800e+02
4.411024394090899818e+02
4.091712030382259968e+02
3.847238346743320108e+02
4.419444273040940061e+02
4.580450144833840227e+02
3.916614906040489927e+02
4.092615645520730254e+02
4.085441160543520027e+02
4.257518133268429779e+02
4.264948616230869902e+02
4.253876244412739993e+02
4.008735740759379951e+02
4.080016139128039754e+02
4.426579432044100031e+02
4.337853141995020110e+02
4.085386010339279892e+02
4.167719717057989897e+02
4.338686563775279978e+02
4.161969808183470150e+02
4.421476565087889981e+02
4.260791054617170062e+02
4.498116937323709976e+02
4.254369124199560019e+02
4.249749932412950102e+02
4.340556252091579950e+02
4.251574223730430049e+02
4.408287648163279755e+02
4.424751593177759901e+02
4.334582448442939722e+02
4.077082580289149973e+02
4.253294887347780104e+02
4.506585867472160203e+02
4.252869761476820258e+02
4.170367008640649829e+02
4.157796408894030264e+02
4.341829027436940009e+02
4.586374929949560055e+02
4.505374309494520162e+02
3.932846722356050009e+02
4.347260322268970185e+02
4.581022591223809854e+02
4.420646145994469975e+02
4.413694457509470226e+02
4.513352305731389720e+02
4.250564051937699901e+02
4.257626469703810130e+02
4.577666630084930262e+02
4.672388957053969989e+02
4.420338493979219834e+02
4.585807815495189743e+02
4.172169369346819963e+02
4.250212199944929807e+02
4.332140717799849767e+02
4.342812751733019923e+02
4.507455432710279979e+02
4.494195584397019729e+02
4.412727216132259969e+02
4.083088057602420236e+02
4.503001460414290023e+02
4.333089671677320212e+02
4.678519114989890113e+02
4.509670740242870011e+02
4.581032879499960018e+02
4.499825160795970191e+02
4.495066608434760269e+02
4.504100715415719947e+02
4.417895757428290153e+02
4.259766537106589794e+02
4.420797345036639854e+02
4.429037054397219890e+02
4.424976856523239803e+02
4.084300404644869786e+02
4.239912823065570251e+02
4.338592701986229940e+02
4.249983828387209996e+02
4.417274115890879784e+02
4.328117223213599800e+02
4.245567424914959815e+02
4.422274501404550051e+02
4.664853464061479826e+02
4.250359637507700086e+02
4.500855206522330150e+02
4.584566956288130086e+02
4.579572867834179988e+02
4.420481945458989799e+02
4.344656506850409983e+02
4.495936551232620104e+02
4.253406616258409940e+02
4.497181716279080206e+02
4.585600851900470047e+02
4.505910751669069896e+02
4.579746706487929941e+02
4.408052823446100206e+02
4.339928892025200184e+02
4.503249047894519776e+02
4.326850796202779748e+02
4.583065110263170254e+02
4.502284546304330206e+02
4.399816482471049994e+02
4.582450320603940099e+02
4.414416601000269793e+02
4.330244630292029910e+02
4.493967674803710111e+02
4.336909971058100268e+02
4.416956626682639921e+02
4.500319376883659857e+02
4.330512007425829779e+02
4.497744377745909787e+02
4.421146988331680063e+02
4.583382856236909788e+02
4.502980036820420082e+02
4.586762576975719981e+02
4.588881744075150095e+02
4.500002714182530212e+02
4.663714953708309849e+02
4.418884043712100151e+02
4.416038724115250034e+02
4.338526290725840227e+02
4.665893240437010263e+02
4.505815962887500064e+02
4.584513120977640028e+02
4.497016696356790249e+02
4.666283421754890242e+02
4.578054671349000273e+02
4.667682941621890222e+02
4.500871855623040005e+02
4.494468055057969877e+02
4.579520180351249792e+02
4.405315081754450262e+02
4.581548075968129865e+02
4.500158699143079843e+02
4.335125225968860150e+02
4.410909751665209910e+02
4.412165589040209852e+02
4.163761486276980008e+02
4.582054131493159730e+02
4.423503310411280154e+02
4.582457645785530076e+02
4.578495885146160163e+02
4.662757396824300145e+02
4.329955733083389759e+02
4.493416466230600008e+02
4.666003695680479950e+02
4.583054122422989849e+02
4.576636856713599855e+02
4.411095730244319952e+02
4.738068522098679978e+02
4.493839327453470105e+02
4.578939075053280021e+02
4.494800263539989942e+02
4.328001379733399858e+02
4.506236680390940137e+02
4.490135260378480098e+02
4.247687818773929962e+02
4.580351928057240229e+02
4.336569237661989860e+02
4.415575449900139802e+02
4.325356382005550131e+02
4.242310714224029766e+02
4.586733246385400093e+02
4.505214140482750054e+02
4.651616863813219993e+02
4.502409913718469738e+02
4.569407317341169801e+02
4.575537898404870134e+02
4.743654765220840090e+02
4.417888293601779992e+02
4.668832641551589973e+02
4.412277020289059806e+02
4.571608221327139745e+02
4.572031645849160100e+02
4.487091181306379895e+02
4.582580058386440101e+02
4.496451782427619719e+02
4.662418789006640054e+02
4.567077198699359997e+02
4.492736705877570103e+02
4.248201591600980009e+02
4.651553076128960242e+02
4.407635629510689910e+02
4.653531848187499804e+02
4.496866391744100042e+02
4.493246531467380009e+02
4.574053403948469736e+02
4.655091320758099869e+02
4.491303626786830137e+02
4.569818911283600187e+02
4.570979328350970263e+02
4.494250508789500032e+02
4.493883077820989911e+02
4.560389185505479759e+02
4.572597518358280126e+02
4.570796638144029771e+02
4.566435554771030070e+02
4.656861113762490163e+02
4.738567038809810015e+02
4.656749104022019878e+02
4.404665139728779764e+02
4.482552766815080076e+02
4.328055543625590076e+02
4.745009473840689793e+02
4.325104099444599797e+02
4.742017721661239875e+02
4.665904265598200027e+02
4.653528347018299769e+02
4.482498228876240205e+02
4.489897417409570153e+02
4.505210934784769847e+02
4.569241510835340137e+02
4.812314341222780172e+02
4.580340867041199999e+02
4.485925278492990174e+02
4.817519140882039892e+02
4.659617970191760037e+02
4.657348273373900156e+02
4.654095812949000219e+02
4.660509387170390028e+02
4.664830685741000025e+02
4.658303963780809909e+02
4.652261145594080176e+02
4.495386537194330003e+02
4.578738496612580207e+02
4.749396737527599726e+02
4.733583153634380096e+02
4.659467760948700175e+02
4.657075658211470000e+02
4.648686018870379826e+02
4.408116023217110069e+02
4.741727991309210211e+02
4.656342540098229961e+02
4.484919018053710147e+02
4.584792704407000201e+02
4.655118172914899901e+02
4.485731394839530140e+02
4.744801002724830141e+02
4.650215482219089722e+02
4.737637886009370050e+02
4.484719380661929904e+02
4.576887948767600278e+02
4.574277572751360026e+02
4.576275319831310071e+02
4.566415629668230167e+02
4.572420172784720194e+02
4.492736008436730231e+02
4.495440122261369993e+02
4.563091626590480132e+02
4.580023884799280154e+02
4.411741848484720094e+02
4.409043229756479718e+02
4.493123650125569952e+02
4.572117741314489763e+02
4.738620713855469830e+02
4.571783445819280018e+02
4.408557408547280261e+02
4.498885505527289865e+02
4.573211235416060276e+02
4.656398356296509746e+02
4.574616809813689997e+02
4.654329843124889976e+02
4.653274309209140256e+02
4.653411239107219899e+02
4.663943933196840135e+02
4.573705444690750141e+02
4.494576434581280182e+02
4.652048572604859942e+02
4.651009131013850038e+02
4.575420266633560118e+02
4.566043105673480227e+02
4.498789694223390256e+02
4.653044995479789918e+02
4.482417109273300184e+02
4.731532417727530060e+02
4.572453597029560228e+02
4.657706683912230119e+02
4.491328025078290125e+02
4.573458923679909844e+02
4.656646621088249844e+02
4.568217286310380132e+02
4.563822915173989827e+02
4.576347585365030000e+02
4.400001394040990021e+02
4.563418510558229855e+02
4.570373413496340049e+02
4.483381332672580015e+02
4.727918277550600124e+02
4.739819472249150181e+02
4.563960666966029862e+02
4.564595219799689971e+02
4.655304860299619918e+02
4.652018702636889884e+02
4.652003009388949977e+02
4.819349760681349721e+02
4.570596986557679884e+02
4.736361847116990020e+02
4.407125145721519743e+02
4.736820940881440265e+02
4.405238470275210148e+02
4.743163639273939793e+02
4.484375961258720054e+02
4.488268101945669741e+02
4.652256274149499973e+02
4.655409285775609760e+02
4.569273978380359722e+02
4.577311867939969829e+02
4.403669388921720156e+02
4.483741515279959913e+02
4.332401434760370194e+02
4.653452397948599923e+02
4.570262660527980074e+02
4.567152644579790035e+02
4.655158616344169786e+02
4.486360819193520229e+02
4.658407391596319940e+02
4.662540308126249897e+02
4.566984951503050070e+02
4.574834936180159843e+02
4.563663692360379969e+02
4.487909982176499852e+02
4.570538161939489896e+02
4.649500530140250021e+02
4.819886400004539837e+02
4.485634268882449760e+02
4.819215834197989921e+02
4.485627650075949759e+02
4.487518394567239852e+02
4.575619205775810201e+02
4.407049821072220084e+02
4.734016554143190092e+02
4.486232426138569735e+02
4.487760297683270210e+02
4.489972557688240045e+02
4.652469052820679849e+02
4.647954266151879779e+02
4.730047880247039984e+02
4.730888720098810154e+02
4.733166606822640006e+02
4.658288510054820222e+02
4.485047948345409736e+02
4.566445475051480116e+02
4.573297619381419850e+02
4.653344125411119876e+02
4.579339938811299930e+02
4.746966647832979902e+02
4.485732593348499790e+02
4.821521665991029977e+02
4.485469267052629903e+02
4.480184350004039970e+02
4.572375431193360100e+02
4.654735719366810258e+02
4.404013539724520001e+02
4.650087568634920103e+02
4.732386036175549862e+02
4.568320665387159920e+02
4.573089366776130191e+02
4.483269210387960015e+02
4.817146651028990050e+02
4.417098771364259733e+02
4.738696754879450168e+02
4.734029031394820208e+02
4.730449557742990123e+02
4.737775955304269928e+02
4.564189633659319725e+02
4.402505844719610195e+02
4.565383368225869845e+02
4.564899986559880176e+02
4.573419317504529999e+02
4.564226354655319824e+02
4.398093144872959783e+02
4.483598989597450100e+02
4.568982726699019850e+02
4.640444917523070103e+02
4.653864336864230040e+02
4.735885918559670245e+02
4.564075906764530259e+02
4.649194963106330079e+02
4.487873724938099826e+02
4.823393637831699721e+02
4.649204685470149911e+02
4.573565836419160178e+02
4.482975930963229985e+02
4.731740403845200262e+02
4.396669488524290159e+02
4.413179425205079838e+02
4.481668664402710078e+02
4.484572097735079979e+02
4.653778555864819850e+02
4.328463746845810078e+02
4.647925228631850132e+02
4.653689600615280142e+02
4.821097367102519797e+02
4.731430845194610129e+02
4.730710350783469949e+02
4.738557866926229849e+02
4.400079221397489846e+02
4.818291966637410155e+02
4.826374953057630250e+02
4.654875752461940124e+02
4.486657262130499930e+02
4.731142311427760205e+02
4.561144509626279842e+02
4.573010730462669926e+02
4.488664775785650249e+02
4.731428090520640239e+02
4.487771805597679986e+02
4.733230948758949808e+02
4.647168089745250086e+02
4.644812925393640057e+02
4.731468279441859863e+02
4.478803244571329856e+02
4.642899017108529733e+02
4.569387173468759897e+02
4.821586910462340256e+02
4.575403670962210185e+02
4.648138495395430141e+02
4.650126115652170142e+02
4.563044325887699983e+02
4.732108963098099821e+02
4.649514652908159746e+02
4.563518408394659787e+02
4.734651959483520045e+02
4.728416623697539762e+02
4.484245769264679780e+02
4.732493984266350253e+02
4.480900473523340111e+02
4.654126453978179825e+02
4.655031349666140272e+02
4.738210860369870261e+02
4.478970654912050122e+02
4.733400828770820112e+02
4.560570509592159851e+02
4.643944647962459840e+02
4.564751521065929865e+02
4.565450661548100015e+02
4.655009226504449771e+02
4.734430240531950176e+02
4.734472814689909796e+02
4.731388023008379946e+02
4.821249951600510144e+02
4.655581353510889926e+02
4.811628342999320012e+02
4.569559413532199983e+02
4.812243337584459937e+02
4.563479005325959861e+02
4.567363809300979938e+02
4.564884864787049992e+02
4.727073100466279811e+02
4.562941046399529910e+02
4.652225896888249963e+02
4.486172298039729753e+02
4.648508304588880264e+02
4.568416346979290097e+02
4.484874943402350027e+02
4.654216886133569915e+02
4.476623464993950279e+02
4.648681795801909971e+02
4.729677821591320139e+02
4.728979506112970057e+02
4.645489604899649976e+02
4.567311269412160186e+02
4.658084746372180120e+02
4.475711514605540060e+02
4.650760935637330249e+02
4.729925632107029969e+02
4.568806832170860162e+02
4.651401790875789857e+02
4.484706054721160058e+02
4.574047675191990265e+02
4.730652501329579991e+02
4.656064589313029956e+02
4.642862954627279919e+02
4.568436018542259944e+02
4.812491483188550205e+02
4.647894872420159800e+02
4.564226711250079802e+02
4.566319024284370016e+02
4.643738050855170059e+02
4.484291904597860139e+02
4.567976777032969835e+02
4.730474872516509777e+02
4.646556582512239970e+02
4.654529621386379858e+02
4.562757764895320065e+02
4.738161142985979950e+02
4.734298793512469956e+02
4.655569344243619980e+02
4.641363031230980027e+02
4.818665886695130212e+02
4.571845431821749912e+02
4.731230493585320005e+02
4.648716798067100058e+02
4.650488456880970034e+02
4.574754703648899863e+02
4.650650791584000103e+02
4.557554263316440029e+02
4.641572179579100066e+02
4.652090231178660247e+02
4.480381516000019815e+02
4.730711583969339813e+02
4.820664374643699830e+02
4.638578446716430221e+02
4.809009783319970097e+02
4.567468488019969755e+02
4.737142647433930165e+02
4.733063926781589998e+02
4.727560246033430076e+02
4.562898022710369901e+02
4.487060631015319814e+02
4.566031307701010178e+02
4.819600993750499924e+02
4.574618915354409978e+02
4.816719263676660034e+02
4.647206520047919867e+02
4.562882143745429744e+02
4.652174971612640206e+02
4.481509309508300021e+02
4.565103057725950180e+02
4.647363680130999910e+02
4.647751360567689858e+02
4.805067363656889938e+02
4.726391165431040235e+02
4.475647226495850077e+02
4.807384360782430122e+02
4.558638183096639978e+02
4.649563215472920206e+02
4.562712947545489897e+02
4.813948925794210254e+02
4.640605183673779948e+02
4.567693518749400141e+02
4.653000151013250161e+02
4.554259042445789873e+02
4.560578216904650048e+02
4.564832726473350135e+02
4.726359484981210244e+02
4.480257005929619822e+02
4.560381227785389910e+02
4.566365827636150243e+02
4.733046149723890039e+02
4.730627866728310096e+02
4.494331076312009827e+02
4.658356258937290022e+02
4.808820711777160000e+02
4.480774523450299966e+02
4.730353975785660054e+02
4.819472971042990252e+02
4.644929751666530251e+02
4.650394030346529917e+02
4.722920121966760121e+02
4.727594602696279935e+02
4.562052571201099909e+02
4.645712847762559932e+02
4.645600011910440230e+02
4.558736171444670049e+02
4.646447188876589962e+02
4.489208844172969748e+02
4.570454314797279949e+02
4.802523069174660009e+02
4.642836173845299754e+02
4.567295441976979760e+02
4.648404189799459800e+02
4.646232782935139767e+02
4.732963097124959972e+02
4.737260364166789941e+02
4.637708161212070195e+02
4.560261066084589743e+02
4.809121618350620224e+02
4.645078296852379935e+02
4.645129442941640150e+02
4.564697434337010122e+02
4.561389490146680146e+02
4.654113792061539812e+02
4.567376714298590059e+02
4.474327743615110080e+02
4.556322249558900239e+02
4.480580470526389831e+02
4.559059392861560127e+02
4.651106983566889994e+02
4.720373620950689997e+02
4.640397697982720047e+02
4.650154487980649947e+02
4.809725280924329809e+02
4.567020746945440237e+02
4.644040796550689834e+02
4.642019613214239939e+02
4.721242198786979998e+02
4.568651385542260073e+02
4.814983337374649750e+02
4.555948115236660101e+02
4.401561882157159857e+02
4.639688799587510175e+02
4.646030138137630274e+02
4.732453169810489726e+02
4.553989972583580084e+02
4.473133009468019736e+02
4.647491386832779767e+02
4.732097693236440250e+02
4.553923811207220069e+02
4.643838652770149906e+02
4.562522015975609975e+02
4.630488239065300036e+02
4.641900381672149933e+02
4.562137910640259975e+02
4.726374725587750163e+02
4.552361074764920090e+02
4.642772631021069856e+02
4.479160377128230266e+02
4.644602724986610269e+02
4.554193361180369948e+02
4.637102683742090221e+02
4.649343628748790138e+02
4.642336531149150005e+02
4.560154496486559879e+02
4.739747304150540117e+02
4.728966175263420268e+02
4.725937745048860279e+02
4.644096995809459827e+02
4.568997181111699888e+02
4.559795673665619802e+02
4.477366459118269972e+02
4.648908326705280274e+02
4.481918043041779924e+02
4.648232480549020238e+02
4.724732044176660111e+02
4.645130952122379995e+02
4.645731196016379840e+02
4.813266983631290259e+02
4.561942178363789822e+02
4.724594983386650142e+02
4.726058699012199895e+02
4.553992529695109965e+02
4.649275203642159795e+02
4.561056648151759987e+02
4.645969358455359952e+02
4.558321449378889838e+02
4.475973320790869820e+02
4.558817563157030008e+02
4.730413894317280210e+02
4.485205774985930134e+02
4.730823786360369922e+02
4.640620989550019999e+02
4.724037546530059899e+02
4.562716580253010079e+02
4.726732665060790168e+02
4.641554128963909989e+02
4.563965015111800199e+02
4.637813825463169906e+02
4.637109671310329873e+02
4.635530490843909774e+02
4.638359957544279837e+02
4.731289021082790214e+02
4.638497026698000241e+02
4.645018447434860036e+02
4.564472397689909826e+02
4.724647037060969978e+02
4.474431219157380042e+02
4.639348341032949747e+02
4.485379255981799815e+02
4.644456802025890170e+02
4.549352002149769874e+02
4.557609509319680114e+02
4.649927800861410105e+02
4.732988806936289734e+02
4.636466686960760057e+02
4.644972620985590197e+02
4.719899884419090199e+02
4.555421628869260076e+02
4.806989608763989850e+02
4.734082937723309783e+02
4.732028934017170059e+02
4.560959953907930071e+02
4.721096796887999858e+02
4.556731045006860086e+02
4.632407711594930220e+02
4.562024591023420044e+02
4.645164733336980021e+02
4.724968054324580180e+02
4.551027773632990261e+02
4.642621499277519774e+02
4.398955554546290045e+02
4.716785556163670208e+02
4.717219136931719845e+02
4.638880351033699867e+02
4.558924908601330230e+02
4.721060518927769749e+02
4.557685736964700141e+02
4.719319574839249753e+02
4.641141387281720085e+02
4.803177779537929837e+02
4.636689494876470121e+02
4.641382482434340204e+02
4.806707945889560278e+02
4.543239391356939905e+02
4.467658995787149934e+02
4.638305413789649947e+02
4.549452290304570283e+02
4.720946601993829859e+02
4.721639680932760257e+02
4.724546855162279826e+02
4.633775816201030011e+02
4.629767042194609985e+02
4.561458837808439739e+02
4.642246261373040284e+02
4.559010244512210193e+02
4.805358884399360022e+02
4.729618993687989814e+02
4.634580970985759905e+02
4.715578496536040234e+02
4.640804984844990031e+02
4.649595094515040046e+02
4.717431591980709982e+02
4.794754591576079861e+02
4.728198068465659958e+02
4.638236101082050027e+02
4.797697200410260052e+02
4.811317337840860091e+02
4.805685534511289916e+02
4.636140123732209872e+02
4.809328073776529777e+02
4.648934878957509795e+02
4.638864197494040127e+02
4.716726900509850111e+02
4.557176901279809726e+02
4.643767418474699866e+02
4.725334723875100167e+02
4.718274363502799815e+02
4.725748431630120194e+02
4.724012696659260087e+02
4.717359724312229901e+02
4.644577530799920169e+02
4.806494499977230248e+02
4.726072611161350210e+02
4.636622602172949996e+02
4.735018841767050048e+02
4.804791906998880222e+02
4.469787335779780051e+02
4.641975303263370165e+02
4.634998335147930106e+02
4.721268012114740031e+02
4.466862885743889819e+02
4.645103827993199843e+02
4.558959267084920270e+02
4.562746780779610276e+02
4.718252904708369897e+02
4.721494815790089774e+02
4.645016586538009733e+02
4.478691900812369795e+02
4.711916871297220268e+02
4.648607275506860219e+02
4.561689460376119882e+02
4.638282425558979867e+02
4.649364401341500184e+02
4.637629981069189853e+02
4.804593700716289959e+02
4.722528718893299811e+02
4.559294145224869794e+02
4.563430537319570135e+02
4.557818052759220109e+02
4.638877328726030100e+02
4.558688050581719722e+02
4.720370297423340276e+02
4.634134894939800233e+02
4.720456454262370016e+02
4.646262896763969934e+02
4.559835003476019892e+02
4.648054480465229972e+02
4.719741362366939939e+02
4.720889048190740027e+02
4.643930657343320263e+02
4.634774668633889974e+02
4.480456228449990022e+02
4.804929835126749822e+02
4.800419403196070220e+02
4.713940862873919855e+02
4.554507777771650012e+02
4.808318950534879832e+02
4.555481844939139933e+02
4.641537957276229918e+02
4.640971244408569873e+02
4.551117437454329888e+02
4.632278507806469747e+02
4.644903372642959880e+02
4.640213913297370141e+02
4.714342534749089850e+02
4.556296105197039878e+02
4.552190125796839766e+02
4.710637290011200093e+02
4.723599513238639815e+02
4.549172681439579833e+02
4.720371546959619877e+02
4.724107789885600255e+02
4.802461846913220143e+02
4.722250386832889717e+02
4.807098392200280159e+02
4.807867347697369951e+02
4.720930245590050163e+02
4.562055550444000005e+02
4.722815863961579907e+02
4.475933618606010214e+02
4.812807870190720223e+02
4.637837659190980162e+02
4.558018712295769888e+02
4.631114643568540146e+02
4.641811686381420259e+02
4.552847376290869761e+02
4.643058610773970258e+02
4.555026680699269832e+02
4.640294514397169792e+02
4.406339101795289821e+02
4.636172587728730150e+02
4.726831018515740084e+02
4.636918474472789740e+02
4.810424382713189857e+02
4.553148529158549991e+02
4.729871540234939857e+02
4.643379460376480097e+02
4.636834738436169800e+02
4.561245640062689972e+02
4.551187009102720253e+02
4.556501524345350163e+02
4.637811193133010192e+02
4.634757964468910245e+02
4.807992489509729808e+02
4.636117675899320147e+02
4.722507875528830255e+02
4.557051463898470161e+02
4.641675304522730130e+02
4.643906924029810170e+02
4.557387952286969721e+02
4.721086869595990265e+02
4.554519129808210209e+02
4.562760515726579911e+02
4.562509058209150226e+02
4.718968484127050260e+02
4.716080933579330008e+02
4.714425563147099751e+02
4.719967694134639942e+02
4.715713421204320071e+02
4.643356463335940134e+02
4.721164278463890014e+02
4.635535519247679872e+02
4.643386035388519986e+02
4.635235942415030195e+02
4.649009620290869975e+02
4.732858490207349860e+02
4.553350086723489767e+02
4.808560592015940074e+02
4.556826777903060020e+02
4.550039171012219867e+02
4.644087605294350283e+02
4.724620644333439827e+02
4.641693094385370273e+02
4.639089479626039747e+02
4.717198301385760146e+02
4.640291317725810245e+02
4.640435680332190032e+02
4.554008289774009768e+02
4.804405519859719789e+02
4.566642035272340081e+02
4.808850066539370118e+02
4.801404201870900010e+02
4.717002562688010130e+02
4.724830252585430230e+02
4.636087120977940117e+02
4.472434701570280140e+02
4.634891592629870161e+02
4.554621894340069730e+02
4.642670939236949721e+02
4.548124662053600105e+02
4.474154195277629924e+02
4.640821601626190045e+02
4.635133601647610249e+02
4.631527835987159847e+02
4.725972310321790246e+02
4.719477980500449803e+02
4.632581329831140238e+02
4.638266660827420083e+02
4.554452538999360058e+02
4.810519046033720088e+02
4.636961009184889804e+02
4.559103663314569985e+02
4.467995840768729749e+02
4.635207970875979981e+02
4.465725318226540139e+02
4.480739620035740245e+02
4.551360928404100150e+02
4.553595049665639749e+02
4.638695938071890055e+02
4.482518308965539973e+02
4.718217684074770091e+02
4.641153338411689901e+02
4.725776677069849825e+02
4.717860662103989853e+02
4.634646323991980239e+02
4.728429307989080144e+02
4.636164905036230266e+02
4.804995216372440154e+02
4.812307207856380273e+02
4.640427762125040090e+02
4.554968576790969905e+02
4.715548138303109909e+02
4.714716499499339761e+02
4.726543880578390144e+02
4.561528252888900283e+02
4.716629942146690269e+02
4.481589280093210164e+02
4.636720241529100122e+02
4.635994918112900223e+02
4.629894873041629921e+02
4.801987090255059911e+02
4.631782494770849894e+02
4.715102666260780211e+02
4.641563803550740204e+02
4.807187567118580205e+02
4.645000759823649901e+02
4.717447291962320151e+02
4.635354016243620094e+02
4.716505882554620257e+02
4.799629126016420173e+02
4.635712481799529883e+02
4.714733046964100254e+02
4.721219344024759721e+02
4.715108862356750024e+02
4.719489842559660246e+02
4.802727505785740050e+02
4.633180344205130154e+02
4.557274073899799873e+02
4.637468494132539831e+02
4.724536582293239917e+02
4.636097636344940156e+02
4.803357224880230092e+02
4.630684144613709918e+02
4.715322182156489816e+02
4.634711665863450207e+02
4.634448989844020161e+02
4.640785957522450076e+02
4.804551806445929856e+02
4.722045554290190239e+02
4.723920028413929799e+02
4.807222345437530180e+02
4.724812779971790064e+02
4.795648796064890007e+02
4.642883962217520093e+02
4.801819201317250076e+02
4.553669234288969960e+02
4.636007259909230243e+02
4.637502076898019823e+02
4.629273939163750242e+02
4.551351794579210264e+02
4.640084048904520273e+02
4.643977814493389928e+02
4.717284554290949927e+02
4.555595363809829905e+02
4.555911781560919849e+02
4.643117422694620018e+02
4.465070480045130239e+02
4.718255889407719792e+02
4.720509065985970096e+02
4.715447420360039814e+02
4.715740041213899758e+02
4.637799445827189970e+02
4.643079830943129878e+02
4.546044038718300158e+02
4.555165811164059733e+02
4.635093766472169818e+02
4.639270417350380171e+02
4.718076836403250240e+02
4.473832794820439744e+02
4.559604292481660082e+02
4.800176925626780076e+02
4.640320142316550118e+02
4.715991961787329956e+02
4.636131265629609857e+02
4.799656621154139771e+02
4.635632150228479986e+02
