-1.532911443582350053e+01
-1.542730361925469929e+01
-1.541717443073589955e+01
-1.663311515792180018e+01
-1.693617622151580093e+01
-1.572450310145720032e+01
-1.490710127241180061e+01
-1.632114584177369920e+01
-1.477766928306339977e+01
-1.675635868765339964e+01
-1.560149779461990072e+01
-1.637469255763069853e+01
-1.633897149121330017e+01
-1.646462775694210023e+01
-1.606057169666469875e+01
-1.529080248993609992e+01
-1.751366239242479850e+01
-1.636265923223810148e+01
-1.646281807709580036e+01
-1.594283524938910013e+01
-1.574413855852989919e+01
-1.675007313885990001e+01
-1.642058789192330082e+01
-1.582553884483509954e+01
-1.723989857423109839e+01
-1.587623054385429988e+01
-1.599282541894319998e+01
-1.683128487826609998e+01
-1.723089392424330057e+01
-1.582879696177409912e+01
-1.527616532566779917e+01
-1.638890602923930118e+01
-1.695498551661579967e+01
-1.667184272928420086e+01
-1.573843544792650029e+01
-1.645588394564800083e+01
-1.591485333982359940e+01
-1.517180504357980020e+01
-1.627904222539270052e+01
-1.579309259072850047e+01
-1.699838608719640121e+01
-1.567539012892370032e+01
-1.621468580049739927e+01
-1.646139896607229858e+01
-1.656136162753449881e+01
-1.613134362247240006e+01
-1.713635251498610046e+01
-1.618567682454499845e+01
-1.558756120494999919e+01
-1.685497293429559917e+01
-1.622975424671080091e+01
-1.669167342537189924e+01
-1.594437479084160003e+01
-1.650924429362340007e+01
-1.750456851700510086e+01
-1.585817401555680028e+01
-1.654175515570609889e+01
-1.729174197108480016e+01
-1.633717793188809964e+01
-1.600807991945029940e+01
-1.637969051898399897e+01
-1.629663246926810061e+01
-1.755369244393040162e+01
-1.581709725630640051e+01
-1.636250700504400157e+01
-1.612923571721509930e+01
-1.504866109772819982e+01
-1.527396777310310050e+01
-1.689774087761939825e+01
-1.626871873388670053e+01
-1.696388758238600047e+01
-1.533143609352750047e+01
-1.661026147289679855e+01
-1.590401969628589995e+01
-1.723333699150710174e+01
-1.609443762793589983e+01
-1.629948393541119955e+01
-1.641921845048119977e+01
-1.611639639865159879e+01
-1.664544667217359830e+01
-1.678592822001460050e+01
-1.571872482669810012e+01
-1.592112339563870016e+01
-1.724710822696509993e+01
-1.706061172010799964e+01
-1.669119423975839922e+01
-1.636652062523770113e+01
-1.669103283226770174e+01
-1.548142183434450025e+01
-1.569959264237949981e+01
-1.689671205000410126e+01
-1.668415058706969845e+01
-1.716000582319090029e+01
-1.625659512509519899e+01
-1.654375759050410011e+01
-1.569001295600740065e+01
-1.625359882966969849e+01
-1.542962789361179965e+01
-1.583564768100979947e+01
-1.656995953551309952e+01
-1.767538436010930170e+01
-1.614072980137689939e+01
-1.666828382794610164e+01
-1.660592174424569833e+01
-1.718827767863960077e+01
-1.710992417517099895e+01
-1.610588319287819914e+01
-1.684798692718529978e+01
-1.663070291589700034e+01
-1.658114601443400105e+01
-1.654330437118699848e+01
-1.704271321658249860e+01
-1.628513878743390109e+01
-1.553434931495960036e+01
-1.707301154340489902e+01
-1.632600504082600068e+01
-1.694849503875850161e+01
-1.643991480995279986e+01
-1.607559149975940116e+01
-1.702532935120730073e+01
-1.752805098872369882e+01
-1.600711079748009880e+01
-1.634176187721519824e+01
-1.731492037972209985e+01
-1.669348897368260154e+01
-1.643821203623409843e+01
-1.835168508622779981e+01
-1.675496793960610020e+01
-1.689167323330600112e+01
-1.697553697079669988e+01
-1.726989918629519849e+01
-1.630900289419010107e+01
-1.663767066506969883e+01
-1.663472897830050101e+01
-1.694879925741710025e+01
-1.689222889207560030e+01
-1.621863450016480002e+01
-1.666171437630940133e+01
-1.636866298462449976e+01
-1.632374230242750102e+01
-1.611182559248549850e+01
-1.666639524841379938e+01
-1.696183796250259945e+01
-1.644492896212360122e+01
-1.672946092180869826e+01
-1.614737092741579971e+01
-1.674400928963240176e+01
-1.608507037791670058e+01
-1.654868790223619968e+01
-1.696499703098769984e+01
-1.670499115784449984e+01
-1.719453286510029955e+01
-1.656503917114410029e+01
-1.657948110436230138e+01
-1.721986116086980090e+01
-1.704798196487509898e+01
-1.780182515788860087e+01
-1.684519240318670086e+01
-1.665079675235909917e+01
-1.648747740311380028e+01
-1.724235816681200006e+01
-1.711677442931269866e+01
-1.695718470563539881e+01
-1.679458685068399859e+01
-1.598300229220559920e+01
-1.675423542144719846e+01
-1.715041148538439941e+01
-1.705759365090380086e+01
-1.700442669166089971e+01
-1.732502004360620163e+01
-1.673296376528519858e+01
-1.669458775770090142e+01
-1.733631432864000033e+01
-1.722376030890089993e+01
-1.785981445679869850e+01
-1.728273392131940156e+01
-1.710609249467200144e+01
-1.718664031266749959e+01
-1.719986202665959851e+01
-1.604299862757219941e+01
-1.765314062881920165e+01
-1.689788478927360060e+01
-1.696480719427589889e+01
-1.634307623380090035e+01
-1.677578834331890079e+01
-1.746436179944469913e+01
-1.743559524426339991e+01
-1.632667536146000131e+01
-1.614525261839139958e+01
-1.817164695201169877e+01
-1.642567529481970112e+01
-1.805926826588279965e+01
-1.744621015951269882e+01
-1.730119014458249893e+01
-1.654450397315569887e+01
-1.645006917817379843e+01
-1.710563130442760027e+01
-1.783917786728629906e+01
-1.779683541508390121e+01
-1.795754853602850076e+01
-1.674199416135559915e+01
-1.702148842390409911e+01
-1.709145443266899989e+01
-1.829228013006419928e+01
-1.739299607890999866e+01
-1.684650750656869889e+01
-1.817802572043679987e+01
-1.756977038226450105e+01
-1.798014851458290053e+01
-1.698002749225690167e+01
-1.734201351992820150e+01
-1.759465960515260008e+01
-1.782420125752360107e+01
-1.753630398798409828e+01
-1.801810887164009856e+01
-1.790206716490340000e+01
-1.724161578771699865e+01
-1.727835888456790059e+01
-1.896108144945220175e+01
-1.774024816417160011e+01
-1.792033618559720054e+01
-1.835644452289670170e+01
-1.764722195708419861e+01
-1.780996278568600033e+01
-1.765842293113150063e+01
-1.786681936045500052e+01
-1.841138998515929970e+01
-1.719444563744109900e+01
-1.716571928259800117e+01
-1.748959005554020152e+01
-1.746489450054220072e+01
-1.674290677351320156e+01
-1.798049863150280103e+01
-1.841684377904320158e+01
-1.767692492571010021e+01
-1.614557318818949838e+01
-1.807584891646639846e+01
-1.876856587772229901e+01
-1.696591329588000008e+01
-1.807413881736719929e+01
-1.824808591179590067e+01
-1.737153631415770150e+01
-1.759850599594339826e+01
-1.792375203843349851e+01
-1.728239461629479834e+01
-1.685026475923340072e+01
-1.750293695525229865e+01
-1.810721877392479939e+01
-1.712801294723410095e+01
-1.712615033874200066e+01
-1.672699291390700083e+01
-1.830835130322899929e+01
-1.738655723846390089e+01
-1.762576751218610127e+01
-1.846473144629559826e+01
-1.752173101162290081e+01
-1.749386753574560061e+01
-1.769907932351030055e+01
-1.817476486129569935e+01
-1.652072955929959974e+01
-1.782151604184349836e+01
-1.809352718271389904e+01
-1.718656639418309950e+01
-1.831178511142460152e+01
-1.790287806573019935e+01
-1.819472860047429918e+01
-1.731120512324000060e+01
-1.757224272486390149e+01
-1.737246801686870157e+01
-1.835843703317690156e+01
-1.775798272152849933e+01
-1.739306582299380111e+01
-1.712265444052960106e+01
-1.869083734095169902e+01
-1.699761152007189935e+01
-1.715914848486140087e+01
-1.742901035768510098e+01
-1.735430165410949854e+01
-1.778822586855130083e+01
-1.780459528111950007e+01
-1.782165541807160025e+01
-1.747759247860490106e+01
-1.677811611393689972e+01
-1.767887645839460120e+01
-1.769349770368179975e+01
-1.753831901863119924e+01
-1.790034902084419954e+01
-1.800590241241960143e+01
-1.799220942261160161e+01
-1.693894001364930091e+01
-1.762945553092519901e+01
-1.720902320853850043e+01
-1.812847607284709994e+01
-1.823242023194820050e+01
-1.745797333664379991e+01
-1.839568943265160073e+01
-1.678769724432779853e+01
-1.802883378535380032e+01
-1.842495573933690167e+01
-1.851342489391329948e+01
-1.775464029704389901e+01
-1.756266494211029894e+01
-1.753386415883770155e+01
-1.765410763200920030e+01
-1.766867122450819849e+01
-1.817827136896169904e+01
-1.861770848260119848e+01
-1.736524146349680109e+01
-1.833319392923469948e+01
-1.865814894417740177e+01
-1.796265865036540177e+01
-1.832853339940869830e+01
-1.887483891160630023e+01
-1.768471944175140109e+01
-1.860393330339660167e+01
-1.854047802003119827e+01
-1.780284730337119825e+01
-1.813146306964420162e+01
-1.813303239443800052e+01
-1.806502393186470101e+01
-1.794030134423179845e+01
-1.803048195496790029e+01
-1.762081876118159940e+01
-1.798457257852239977e+01
-1.780948630581249859e+01
-1.735030273927279865e+01
-1.822907054079430011e+01
-1.783985647209949832e+01
-1.810770591838279842e+01
-1.779240475577280023e+01
-1.807260216196389990e+01
-1.726881320600309877e+01
-1.796639444116100037e+01
-1.829251513867099987e+01
-1.675985652396310144e+01
-1.798809353847310177e+01
-1.797373394720250062e+01
-1.828473554202049911e+01
-1.781747169891579929e+01
-1.803058474731410143e+01
-1.749259417370150160e+01
-1.707930252070849875e+01
-1.830150484969529856e+01
-1.751650638198379895e+01
-1.863363076396240103e+01
-1.787566844901650143e+01
-1.794618380605130170e+01
-1.838328031930830164e+01
-1.801135999954639999e+01
-1.810323977842200094e+01
-1.807841658020059938e+01
-1.810390165907169902e+01
-1.791482720994279987e+01
-1.743807942241879871e+01
-1.762835122611109995e+01
-1.826501125234749878e+01
-1.804342405281019879e+01
-1.789063689833989912e+01
-1.766941089784249996e+01
-1.808642805126579844e+01
-1.853790671814549995e+01
-1.866187864196280088e+01
-1.857779465678549968e+01
-1.835000598440250030e+01
-1.750448232785090141e+01
-1.816187183212590028e+01
-1.835545249485199903e+01
-1.767023806185749990e+01
-1.799892079222129837e+01
-1.706600611887019880e+01
-1.697000188336890147e+01
-1.809340733181669947e+01
-1.784783340089699877e+01
-1.811973996140349996e+01
-1.864823166626300122e+01
-1.776245688066349970e+01
-1.785976139665270068e+01
-1.793197936088120059e+01
-1.832457646984180144e+01
-1.842806304911169946e+01
-1.816793346128369890e+01
-1.769106332238689916e+01
-1.833974562787049933e+01
-1.828533489710120108e+01
-1.662345619690750098e+01
-1.779699117872180025e+01
-1.826376352718489926e+01
-1.862171089236759869e+01
-1.788907113623999834e+01
-1.858103663406739869e+01
-1.808274886137289883e+01
-1.846166317741279883e+01
-1.851000134401260055e+01
-1.765806824954729848e+01
-1.857736453446809932e+01
-1.852401884603679960e+01
-1.830676770692160105e+01
-1.810172733009749990e+01
-1.928884158102589907e+01
-1.794689964691080064e+01
-1.807807481069929878e+01
-1.859240932354709841e+01
-1.841383702270010048e+01
-1.787929417285659994e+01
-1.766063621682960161e+01
-1.841286478631840140e+01
-1.764341635808450093e+01
-1.836907357034339938e+01
-1.849262628214669846e+01
-1.866638448090429847e+01
-1.701539081282540167e+01
-1.849980022639530119e+01
-1.820945689315839999e+01
-1.795547774685130094e+01
-1.715362531541940072e+01
-1.854081047014879857e+01
-1.796437327180510124e+01
-1.789026328974830093e+01
-1.852358214720539920e+01
-1.859563158831959839e+01
-1.781087997404360124e+01
-1.832541119358430137e+01
-1.817080333625910171e+01
-1.736250469423709930e+01
-1.784575808713880107e+01
-1.800094045361629824e+01
-1.855243552389029915e+01
-1.888554903737210111e+01
-1.769892695373350122e+01
-1.780018908810169975e+01
-1.852385761460270075e+01
-1.788948610689899965e+01
-1.834357179077209921e+01
-1.861652435880840173e+01
-1.885204079396890009e+01
-1.851983872248030139e+01
-1.878634220953389899e+01
-1.904343162248019894e+01
-1.806128265312370118e+01
-1.784130895376580028e+01
-1.745963290377930122e+01
-1.851948379378999832e+01
-1.832072176811680109e+01
-1.869556741122969967e+01
-1.845577035685679945e+01
-1.838186804251710171e+01
-1.864815916053429845e+01
-1.820147071831440044e+01
-1.882500429691220134e+01
-1.824208974019860108e+01
-1.841726824003159990e+01
-1.857661931433230151e+01
-1.792068793551539940e+01
-1.783019836671889990e+01
-1.784558062967949965e+01
-1.876960117546159879e+01
-1.832658378958469925e+01
-1.894294904078380171e+01
-1.893886853708690055e+01
-1.852484789340649840e+01
-1.845493384518999846e+01
-1.783241068288819875e+01
-1.822364261347170000e+01
-1.821938519767600084e+01
-1.852786436582849916e+01
-1.787500483994950073e+01
-1.777519798224420100e+01
-1.883716570006770041e+01
-1.804405864677960025e+01
-1.877566624155399921e+01
-1.865209946740440117e+01
-1.826361906990160122e+01
-1.851151352129539873e+01
-1.895935662003909883e+01
-1.870589536004689890e+01
-1.811074364450859875e+01
-1.804943686269360015e+01
-1.848250287444490070e+01
-1.815836530207119992e+01
-1.817917232643180014e+01
-1.791164471997650054e+01
-1.900432016727170037e+01
-1.846515375314280050e+01
-1.869888450753460063e+01
-1.876871605536920029e+01
-1.878437284336829904e+01
-1.826887305878440060e+01
-1.752485869611529878e+01
-1.909551520611229947e+01
-1.825723976960020067e+01
-1.867410345596389831e+01
-1.811931678291369963e+01
-1.819315424575399831e+01
-1.819606119455080062e+01
-1.759523248080079938e+01
-1.860141653370819981e+01
-1.772687440203069897e+01
-1.904703787060569908e+01
-1.815639814577399846e+01
-1.875085168114529921e+01
-1.854384609131739836e+01
-1.857732887499179952e+01
-1.836809757156310141e+01
-1.895952824781589996e+01
-1.823747620688040172e+01
-1.820232229670310176e+01
-1.861917941501549834e+01
-1.867767508210980054e+01
-1.788037119469580105e+01
-1.872422351046790112e+01
-1.785055236806899970e+01
-1.823678731541970066e+01
-1.777639890897150110e+01
-1.919703021023549994e+01
-1.813341133048620080e+01
-1.781545681782539958e+01
-1.854361730813500131e+01
-1.846165352662309900e+01
-1.828448764523639980e+01
-1.752452963510949857e+01
-1.826825417493289905e+01
-1.924457366835650163e+01
-1.917611537542299871e+01
-1.812431021546710141e+01
-1.862851506666499901e+01
-1.859550826973320170e+01
-1.793356253562999925e+01
-1.947548866169039883e+01
-1.909902166800259948e+01
-1.825315119800270125e+01
-1.795240192327430151e+01
-1.836027398850769998e+01
-1.891064206332359987e+01
-1.871019772896270084e+01
-1.796060356513470069e+01
-1.839686922989890050e+01
-1.803990062495029889e+01
-1.753810846455940009e+01
-1.832807363233419906e+01
-1.861268132854149826e+01
-1.871178562545710022e+01
-1.811583617206920138e+01
-1.851573571583629985e+01
-1.848969422740499979e+01
-1.859696532023350102e+01
-1.855819727656420071e+01
-1.949326363431099907e+01
-1.902755012356220021e+01
-1.910194401708179868e+01
-1.926156392175699850e+01
-1.913618169033599870e+01
-1.837701178604149987e+01
-1.872870524545059823e+01
-1.860510742057940092e+01
-1.927281496595540133e+01
-1.823064812505980115e+01
-1.803331823200869977e+01
-1.957409575542130042e+01
-1.894217830953520121e+01
-1.851672735266449976e+01
-1.903071816854539833e+01
-1.864096607370429837e+01
-1.896187722146079935e+01
-1.836341723638519952e+01
-1.836205169427779893e+01
-1.860387999383619828e+01
-1.723355903546579881e+01
-1.749770743960399955e+01
-1.911792882228380108e+01
-1.858921432163640119e+01
-1.863126908810049898e+01
-1.805270289570140108e+01
-1.884035816668080088e+01
-1.829393029868009890e+01
-1.937465446999039997e+01
-1.890720639703869921e+01
-1.879474287989020098e+01
-1.876204855707679897e+01
-1.877333214228919900e+01
-1.912638285553279971e+01
-1.868861444567439989e+01
-1.774578224936929871e+01
-1.795456852027160011e+01
-1.974769308253389966e+01
-1.904971594880359831e+01
-1.827045580230209865e+01
-1.849291435338729883e+01
-1.871005503981940166e+01
-1.837035695417050007e+01
-1.794063024998749967e+01
-1.956251721212580108e+01
-1.897389339154069887e+01
-1.908783816493830088e+01
-1.882550364809539900e+01
-1.882038903916939887e+01
-1.853025656629949935e+01
-1.886105098533219859e+01
-1.792195412717930125e+01
-1.826232857014059974e+01
-1.923389230515610038e+01
-1.936777504411049833e+01
-1.860861961402730103e+01
-1.909406071384410097e+01
-1.822263497664409826e+01
-1.962930457159750119e+01
-1.929356353506160104e+01
-1.831788453526850091e+01
-1.902747190756689832e+01
-1.829792530545620011e+01
-1.892925367826400063e+01
-1.913137201190960113e+01
-1.954244678796809964e+01
-1.813486144577419878e+01
-1.850166626253509961e+01
-1.940518847633410005e+01
-1.817714511761689877e+01
-1.936445337458189897e+01
-1.873031951957009866e+01
-1.842134968561800079e+01
-1.960100274164240020e+01
-1.935336571986429988e+01
-1.858419465005480120e+01
-1.845689734302229823e+01
-1.960761887927770175e+01
-1.894946805631829889e+01
-1.874779840243870055e+01
-2.028450942680320068e+01
-1.914329516611829973e+01
-1.878620893597399899e+01
-1.902919410789190025e+01
-1.976389252350779913e+01
-1.905607023122669830e+01
-1.875062895384400008e+01
-1.887306083467260009e+01
-1.958066388196279917e+01
-1.962306495912400095e+01
-1.839897045845440005e+01
-1.909968021841880059e+01
-1.898455035134330160e+01
-1.769193625161230088e+01
-1.877004914032470140e+01
-1.907289216178109825e+01
-1.892363375238700129e+01
-1.810028188883000055e+01
-1.902043263343779955e+01
-1.893002075484000102e+01
-1.844250066280509870e+01
-1.847486236248920122e+01
-1.851008527843190166e+01
-1.919346224900089837e+01
-1.882023812109499872e+01
-1.876021373169529838e+01
-1.867330163687159938e+01
-1.880578216362100008e+01
-1.920716832800179930e+01
-1.906079676544619872e+01
-1.960074703048909939e+01
-1.840581296911789977e+01
-1.889433518482420027e+01
-1.873639748779719838e+01
-1.916785506211130041e+01
-1.906933458757929856e+01
-1.911824368429699916e+01
-1.862527723493860066e+01
-1.814608916807370065e+01
-1.858428803062960100e+01
-1.927123437833130026e+01
-1.926291201366120021e+01
-1.872834197469930118e+01
-1.899340016058760128e+01
-1.917792043694199933e+01
-1.860349848882039936e+01
-1.955195078701670042e+01
-1.962236620230029871e+01
-1.978028424894199944e+01
-1.949733757890570018e+01
-1.853776455838760029e+01
-1.948363066353309847e+01
-1.883148858984749907e+01
-1.855276023100909910e+01
-1.920196296056940000e+01
-1.922354475092819825e+01
-1.939849923003820109e+01
-1.812874106848680000e+01
-1.888765313074360108e+01
-2.006479978502299844e+01
-1.923904906803209869e+01
-1.834055324719249924e+01
-1.836778597303710114e+01
-1.968666463725719851e+01
-1.883607123477429823e+01
-1.967667822475790018e+01
-1.945783711307430153e+01
-1.930103912360069884e+01
-1.825837289433599864e+01
-1.846377326494980053e+01
-1.890400460920729842e+01
-1.955698697786650087e+01
-1.932689549931420103e+01
-2.009256217384020005e+01
-1.879754089765850011e+01
-1.881685999963490019e+01
-1.916986123420850063e+01
-1.989722263670089930e+01
-1.907118340558109892e+01
-1.843777787870480012e+01
-1.998811105030020130e+01
-1.994475297349460163e+01
-1.944529822996300084e+01
-1.910750913986689881e+01
-1.956061477388919911e+01
-1.923142630353009963e+01
-1.973470918274230002e+01
-1.921919460516179967e+01
-1.968222204620689908e+01
-1.966438384568590081e+01
-1.919508508989969897e+01
-1.932920541104439849e+01
-2.067606086430609835e+01
-1.990076708795159988e+01
-1.950279195436770152e+01
-2.005477096954309957e+01
-1.957200646728379922e+01
-1.950269857339050006e+01
-1.921198115043900145e+01
-1.995575171322980168e+01
-2.035662911387269958e+01
-1.885411621915559977e+01
-1.910870719602889878e+01
-1.909897554877959891e+01
-1.946411156006359988e+01
-1.870476729786789960e+01
-1.987523623475789947e+01
-2.010881701306249880e+01
-1.925283484883430063e+01
-1.837382388182939863e+01
-1.992350746859539967e+01
-2.052454084239190024e+01
-1.884685982010070049e+01
-1.950972322512849999e+01
-2.023027995897420084e+01
-1.886826621591389852e+01
-1.943144654887139922e+01
-1.971932096011209978e+01
-1.906719262234700096e+01
-1.843984543758210037e+01
-1.944691358392899971e+01
-1.999397661568130147e+01
-1.928230987201860103e+01
-1.895659148586349829e+01
-1.913319427915680038e+01
-1.983923031638699896e+01
-1.909182350365509961e+01
-1.926539700074049932e+01
-1.993069423544410057e+01
-1.887558025334130107e+01
-1.935055000227680111e+01
-1.905940555053150121e+01
-1.967107311603849951e+01
-1.816478248996169853e+01
-1.952080930011189963e+01
-1.968793308868900027e+01
-1.913580300699669934e+01
-1.983349981854070165e+01
-1.953986545519289919e+01
-1.998037809227799855e+01
-1.882295053401350060e+01
-1.910407329150759992e+01
-1.872532192203929924e+01
-1.984137619583000145e+01
-1.951718508765830151e+01
-1.883167467953180108e+01
-1.879747658543000099e+01
-2.047497953694459838e+01
-1.847260578264720010e+01
-1.883105396238779861e+01
-1.950509077743469888e+01
-1.839689319918339905e+01
-1.957033522641420120e+01
-1.954062992837150148e+01
-1.941379477733670100e+01
-1.907058547751280031e+01
-1.865694626804360112e+01
-1.921819472407830176e+01
-1.944560046073020132e+01
-1.913119494182809888e+01
-1.962963692433289964e+01
-1.991984383935299974e+01
-1.962102124043040163e+01
-1.870704365693610072e+01
-1.901649965239819906e+01
-1.852788528681049840e+01
-1.969253042997259939e+01
-1.957776184759280014e+01
-1.894026759900090084e+01
-1.985586646994429927e+01
-1.862104382166749872e+01
-1.950701648732480109e+01
-1.995805968039289979e+01
-2.027258037927479961e+01
-1.954922222283470035e+01
-1.916810494651160113e+01
-1.945181550608630161e+01
-1.917953760570999933e+01
-1.923620889247640164e+01
-1.988825625456669854e+01
-2.010548255268690099e+01
-1.884299606903769941e+01
-1.931194200359630031e+01
-2.023241319175750164e+01
-1.937038948029649887e+01
-1.978098742031640001e+01
-2.060293766554670114e+01
-1.930671534280270052e+01
-2.008273185604209843e+01
-1.962951197070529830e+01
-1.925588767810710067e+01
-1.975381530867840141e+01
-1.944162798337769971e+01
-1.929016077997189882e+01
-1.921326523026310085e+01
-1.957364210766170132e+01
-1.879444495559990003e+01
-1.938508027050890092e+01
-1.907330480606610124e+01
-1.871921298092770058e+01
-1.954956741423519873e+01
-1.919812877042280164e+01
-2.022186897647910087e+01
-1.915216469519180009e+01
-1.971526237091320155e+01
-1.902747225593660119e+01
-1.949733193007340049e+01
-1.930388189361600126e+01
-1.769942315380459874e+01
-1.971607456046060136e+01
-1.898356481509280158e+01
-1.964148588605450030e+01
-1.895756172868119904e+01
-1.968514708414459946e+01
-1.867951264317289883e+01
-1.899538729568530115e+01
-1.964985948971670027e+01
-1.887543599373120173e+01
-1.988129908972770110e+01
-1.934984756546520046e+01
-1.955221402003229869e+01
-1.985753688644259896e+01
-1.920075104902729990e+01
-1.972156574340170110e+01
-1.941587911378309883e+01
-1.929485361015330014e+01
-1.916580288106050034e+01
-1.894264093035230090e+01
-1.926120477130249853e+01
-1.955797970706770172e+01
-1.954808701917869840e+01
-1.872394842734169984e+01
-1.874909417908540021e+01
-1.976981825396120129e+01
-2.005857330873369904e+01
-2.022411035195710127e+01
-1.966989725320259907e+01
-2.009532454623460040e+01
-1.899768699973920150e+01
-1.955023882027780147e+01
-1.977978140856500033e+01
-1.899472979448140109e+01
-1.980973909183009951e+01
-1.843237130424619963e+01
-1.838081764593210110e+01
-1.966499132765099844e+01
-1.914394079840599971e+01
-1.931732220969400160e+01
-1.999608289877760114e+01
-1.892457280389799834e+01
-1.920460223332279881e+01
-1.916402389479640078e+01
-1.942438537072889915e+01
-1.994683652809129981e+01
-1.930420156075240001e+01
-1.928976530011399859e+01
-1.959917102259910138e+01
-1.955944801402819877e+01
-1.833579647276580005e+01
-1.911499334606270040e+01
-1.985957981290989949e+01
-1.996641039786609895e+01
-1.918364140812339969e+01
-1.972462123553900071e+01
-1.942319650963879951e+01
-1.984417407034599989e+01
-1.953781056599260069e+01
-1.906623940963800123e+01
-2.018753379463939979e+01
-1.925124713890319939e+01
-1.925117317071439871e+01
-1.981997316857179925e+01
-2.018054973461750023e+01
-1.906943563448830048e+01
-1.971886861662139978e+01
-2.007520035021899929e+01
-1.950666725059160100e+01
-1.955474610006369929e+01
-1.894809539662799835e+01
-1.963723241484440152e+01
-1.908963366854289845e+01
-1.986708258979379949e+01
-1.981253624573560046e+01
-2.009413484401240169e+01
-1.859270466309270020e+01
-1.986390715958989972e+01
-1.964049503343590075e+01
-1.946373952614440128e+01
-1.841483577011269901e+01
-1.984489825918959838e+01
-1.921799949216439884e+01
-1.908899895968150062e+01
-1.988060045626729888e+01
-1.986870093413540062e+01
-1.882373586775860019e+01
-1.971684282971029845e+01
-1.950047836275640023e+01
-1.876927921436239899e+01
-1.929055712082919882e+01
-1.950314232090330080e+01
-2.011185283635520094e+01
-2.019501671673310028e+01
-1.901227860882789855e+01
-1.884717471110959863e+01
-2.000367245199809929e+01
-1.850773865734609913e+01
-1.966130918042329867e+01
-1.973384152204290132e+01
-2.034384602917049989e+01
-1.980129097449400177e+01
-2.015508385624870158e+01
-2.015640004058829859e+01
-1.917695297825969902e+01
-1.928124328814219979e+01
-1.883325735096779852e+01
-1.992193747043399910e+01
-1.979793170897169929e+01
-2.001607841120450004e+01
-2.003708739835780150e+01
-1.976208515338079863e+01
-2.019336197025679880e+01
-1.954473226419120024e+01
-2.015578043099189998e+01
-1.971768241070070005e+01
-1.972724942142630056e+01
-2.001529891282009999e+01
-1.927259261001970003e+01
-1.958648392007919981e+01
-1.921300843734260155e+01
-1.972356969883950129e+01
-1.966427751197739937e+01
-2.026491887196209873e+01
-2.013444845101760095e+01
-1.986216674698820128e+01
-1.988843434893140127e+01
-1.925473758108829969e+01
-1.954481935540669824e+01
-1.946211123764789974e+01
-1.927466382527330069e+01
-1.927776545624670135e+01
-1.918538866948729904e+01
-2.043512039351080034e+01
-1.904493711158150049e+01
-1.981807986827550039e+01
-1.963307657110300042e+01
-1.973260734240979986e+01
-1.958312564353130014e+01
-2.040593941695820135e+01
-1.986482054207879955e+01
-1.932492844288130129e+01
-1.893555188399399825e+01
-1.993821123757189895e+01
-1.944046361901740028e+01
-1.940882184390810039e+01
-1.902159106387160037e+01
-2.015961866215389975e+01
-1.984107772589469931e+01
-1.961576006806949835e+01
-2.012192463066239867e+01
-2.009266254527640072e+01
-1.955338875061449855e+01
-1.902535023902009925e+01
-2.039559612817049938e+01
-1.948341888359369989e+01
-1.982395668611630057e+01
-1.940629159829520134e+01
-1.985898302634150170e+01
-1.928338718462270052e+01
-1.903957075183440040e+01
-1.998230743732190007e+01
-1.930131910167860099e+01
-2.006747048793329924e+01
-1.972020677037189884e+01
-2.003433788458600162e+01
-1.977011831048540103e+01
