9.382497305900119682e-14 6.691764499441426280e-09 4.360345339438000557e-05 2.719625209502330885e-04 -9.606491414141266408e-03 -8.441475684952702563e-03 -1.838565950371544820e-03 -2.378320372079968331e-06 1.860276205005799220e-09 -1.163468771257683638e-11 -9.362671339918173972e-18
4.359571410578726520e-08 1.731170414943221684e-04 1.161198914186568031e-02 1.600705067305178281e-02 -3.251932250084792891e-02 -4.408922684019073168e-01 -1.124848693520148768e-01 -4.915856151665378305e-04 -4.745429553620712807e-06 -1.831555327483523636e-07 -4.950317176599027203e-13
-1.656678794745591966e-05 5.000465535807548101e-02 2.272484361966349564e-01 -9.913795680816082090e-01 -2.351115166296763093e+00 -9.196634130877261448e-01 -6.724197327293337523e-01 -1.896526420498182569e-02 3.435013285051559829e-03 -7.222364634086619363e-05 4.345605232668369574e-10
-4.055820414141483865e-02 -8.874897946235166257e-01 7.686062728469868155e+00 3.363100019946610786e+00 -5.472476788804965242e-01 -3.277991014911077472e-01 -2.145121386031252908e-01 -6.668255673438965025e-02 -6.103481521469117897e-03 -5.231348982242533217e-03 -8.662731994705471269e-05
-3.477849259655932390e-01 -1.045627411344726587e+00 1.020803549678354472e+01 4.942601765431493099e+00 -8.622958937756710837e-03 -2.108258215081918602e-02 -1.322021046266388337e-03 7.480312683588780445e-03 3.320519133045080756e-02 -2.938179907128101245e-02 -7.826602455727620783e-03
-3.739770888127849080e-01 -2.852931415431195217e-01 5.691464087420348150e+00 1.834355309752934815e+00 -7.591835292690473323e-03 1.542006202958270478e-03 8.193638252318090570e-05 8.956078521754517107e-04 1.335063217525492806e-02 -1.424268570366694908e-01 -2.718700994412789635e-03
-2.938126547635973584e-01 -2.365811432377044721e+00 1.094646658861453048e+01 4.781946131479244855e+00 1.620624618081767943e-01 -5.461039154101937632e-02 -2.547760427049306116e-03 1.214620194494974922e-02 2.419650223067677450e-02 -8.685195619118121768e-02 7.004016850696402488e-04
-3.728323834162847183e-02 -6.951369150535875452e-01 7.699512933215197918e+00 5.067009880453482218e+00 -7.074386488135302464e-01 -4.444468402931355255e-01 -4.644525819563263824e-02 3.640742295185969615e-03 9.269206610650972816e-03 -5.446215747755040089e-03 7.513780523630437865e-06
5.772980036719769625e-04 7.883377202839210451e-02 4.154887450872504218e-01 -1.559748613224372304e+00 -2.710407168924161336e+00 -2.288551054765126214e+00 -5.726251266315116606e-01 -8.676124670255695726e-02 -8.513422701152115191e-03 -1.192976849206493236e-04 9.484655209933039403e-08
1.457862901743174473e-07 -3.499523488983360031e-04 -3.339997600778005227e-02 -6.355214115007534748e-02 -6.832241938650593926e-01 -5.921080333019859143e-01 -1.119696479300635594e-01 5.437641278470452429e-03 -2.675355806966468476e-05 -4.648882870532465117e-07 -1.079189119193921607e-12
-1.330779955557720595e-13 -5.577206739923073166e-08 -2.623742129849679044e-05 -1.437049208631350616e-03 1.639163671348957234e-03 4.410290467394637620e-03 8.295541740576296711e-04 2.559994361655394359e-05 9.260516520637812909e-09 -9.288266134299041003e-12 -3.404337543233457055e-18
