-1.024120845341185485e-02
-7.978095122708878800e-03
-1.815251445960412019e-02
-1.192801176672957097e-02
-1.219936485532637817e-02
-4.042640777514167755e-02
-6.427209722951264526e-02
-6.032840593969200638e-02
-6.557879942193524381e-02
-8.379728717207984845e-02
-7.603179817879039681e-02
-7.537338433678787697e-02
-7.147682085321009626e-02
-1.053415463452425371e-01
-1.421497932020724941e-01
-1.449481965202816247e-01
-1.508266635419108770e-01
-1.977588176618983729e-01
-2.065901389914545361e-01
-1.768615583106864231e-01
-2.062772035366298995e-01
-2.814083748075507652e-01
-3.279527390897983841e-01
-3.955275690105631292e-01
-4.220084749140255442e-01
-4.367673990745747359e-01
-4.871017742939970918e-01
-4.741272410766141365e-01
-4.856374837522686727e-01
-5.248034595745891817e-01
-5.548072252722545672e-01
-5.778697029798489648e-01
-5.169611861625800220e-01
-4.758204357621751979e-01
-5.059742208943662778e-01
-6.139708250011706170e-01
-6.876125862651150111e-01
-7.808241087649540058e-01
-9.289943861723377605e-01
-1.008156822096158534e+00
-9.891126826545043604e-01
-9.985009848427169876e-01
-1.190880151257068365e+00
-1.356237546358154633e+00
-1.447507579705157310e+00
-1.484869069986125112e+00
-1.484723206459654055e+00
-1.578409466527165517e+00
-1.578994257387184685e+00
-1.760430233816197898e+00
-2.035989295910929808e+00
-2.203064021554955065e+00
-2.271227828608002763e+00
-2.322753091504903722e+00
-2.329518644401638916e+00
-2.447876655178517602e+00
-2.486984402076912293e+00
-2.518795026231555489e+00
-2.647433020013933103e+00
-2.573812779489155655e+00
-2.412123841405025004e+00
-2.446111610489466237e+00
-2.391902718999942667e+00
-2.368472823144740502e+00
-2.413946650924209347e+00
-2.495718243283291837e+00
-2.584287872354554594e+00
-2.547858814040010689e+00
-2.565249706338988744e+00
-2.639495113305314167e+00
-2.861710635619524101e+00
-2.928212262806650479e+00
-3.146360055994214200e+00
-3.351257569264630032e+00
-3.490922150859272044e+00
-3.375050050782447464e+00
-3.652313537536684862e+00
-3.720957099310481020e+00
-3.838235442010069498e+00
-4.054978675989174164e+00
-3.865913069906884658e+00
-3.988661666481605916e+00
-4.092120436174791820e+00
-4.056156876721145110e+00
-4.146870105232745018e+00
-4.209616452018397403e+00
-4.220778860088143958e+00
-4.474913922630290308e+00
-4.579310886397097491e+00
-4.596405348576340089e+00
-4.766968184352358584e+00
-4.659899019107432316e+00
-4.540890698164813166e+00
-4.536064772185032901e+00
-4.461502825877434297e+00
-4.736749870275206220e+00
-4.717231872531391090e+00
-4.759915501441430941e+00
-4.841624928515743775e+00
-4.941330257326887576e+00
-5.009976111716740732e+00
-5.220473817099170688e+00
-5.332148165248961291e+00
-5.487498807014427271e+00
-5.472655833902617672e+00
-5.363046762057042116e+00
-5.408387993701408547e+00
-5.410010126665883767e+00
-5.417537280074054884e+00
-5.279406488517132345e+00
-5.233998972875491873e+00
-5.305355008628491298e+00
-5.375534822080116015e+00
-5.417445059752730607e+00
-5.536740934602155662e+00
-5.701030939454303947e+00
-5.637578918989830434e+00
-5.529541149065809513e+00
-5.419350234951605394e+00
-5.513660913499428773e+00
-5.819355278325149428e+00
-5.575529690469652522e+00
-5.492267823435020624e+00
-5.429368148681371409e+00
-5.612537610523308906e+00
-5.458376259253460816e+00
-5.592814247474146683e+00
-5.664557807459120298e+00
-5.736261883832193931e+00
-5.586622998940383056e+00
-5.538795153987732256e+00
-5.594417959335912016e+00
-5.739141679544067287e+00
-5.787688797612262626e+00
-5.611678004410382670e+00
-5.778742148206946538e+00
-5.604850057731587398e+00
-5.677554511719815622e+00
-5.626973656463327700e+00
-5.882123697205896562e+00
-5.896424371186365754e+00
-5.905716434735765574e+00
-5.940928323566111224e+00
-5.844840828581927994e+00
-5.973838749619396538e+00
-5.876603459356713799e+00
-6.032772452468116775e+00
-6.143349220516034492e+00
-6.191887070468318655e+00
-6.205441458633229601e+00
-6.114447737992007248e+00
-6.214092321835400945e+00
-6.010824406915732609e+00
-6.076205388230846438e+00
-5.977790698137424030e+00
-6.071189317643785444e+00
-6.098040557168873832e+00
-5.936557365873492031e+00
-5.845783812340966890e+00
-5.840548567475609687e+00
-5.856991160150381681e+00
-5.911487124334051657e+00
-6.127415485526709560e+00
-6.212277710526366903e+00
-6.385896391996285892e+00
-6.409611621600343589e+00
-6.440172171364173082e+00
-6.451310370901646607e+00
-6.638644272635400689e+00
-6.565861024997289519e+00
-6.593371760860622821e+00
-6.582058125546124572e+00
-6.684014804538046306e+00
-6.722184083139945976e+00
-6.704054292978630869e+00
-6.653759847534732152e+00
-6.526364131827895321e+00
-6.486128201854990394e+00
-6.504186997631268063e+00
-6.437919605626947650e+00
-6.627210413768236386e+00
-6.623558238164177325e+00
-6.485669794905132512e+00
-6.240577820520539554e+00
-6.283530104835266528e+00
-6.149709260285770362e+00
-6.299781606528742195e+00
-6.463979878557066350e+00
-6.337648588316604048e+00
-6.471073041053720942e+00
-6.505773976546670667e+00
-6.593006780484712337e+00
-6.740842898898675273e+00
-7.022068811803495514e+00
-6.991765347792084029e+00
-7.074958618355661422e+00
-7.036383888614717641e+00
-6.941831485940292978e+00
-6.969353902391648425e+00
-7.147901514938761025e+00
-6.993703914490896345e+00
-7.103152871218833653e+00
-7.010263308080309841e+00
-6.758887979058715523e+00
-6.833961929659459145e+00
-6.813840965112473391e+00
-6.922032047229484064e+00
-7.132047527959453070e+00
-7.171832462157672339e+00
-6.938446710660658212e+00
-6.949285841256108931e+00
-6.868838866237195973e+00
-6.896118865328260128e+00
-7.088780021346539506e+00
-7.290238178882759712e+00
-7.512213167039206496e+00
-7.465512314295525975e+00
-7.318468792856911875e+00
-7.451358283665342697e+00
-7.632334804509214976e+00
-7.611830418068788795e+00
-7.664399112514717949e+00
-7.760025762503248714e+00
-7.822350082712491215e+00
-7.461519094609286640e+00
-7.468870894979938946e+00
-7.334198360667062211e+00
-7.284600977777071940e+00
-7.023359824997814194e+00
-7.004069488777903807e+00
-6.991160565052450870e+00
-7.024746090451287728e+00
-6.877503409750906016e+00
-6.901123363518654408e+00
-7.052755394064355698e+00
-7.021056214375017035e+00
-7.120868515500778706e+00
-7.227785238143717095e+00
-7.506296272814152459e+00
-7.513977476157495339e+00
-7.569344773509970814e+00
-7.348775285810321023e+00
-7.345518364406387946e+00
-7.381172480429168736e+00
-7.368061728230176577e+00
-7.515281796517110813e+00
-7.576692764022288529e+00
-7.537428364459076491e+00
-7.519061497573749975e+00
-7.501922351032314751e+00
-7.558393506825517250e+00
-7.871204240321326040e+00
-7.998177703285753282e+00
-7.976077684053647587e+00
-8.130992029947053723e+00
-8.106282810721801013e+00
-8.031895651798906854e+00
-8.196667812588017910e+00
-8.234939607021129149e+00
-8.403371837770318820e+00
-8.417865919798796170e+00
-8.279395451701558883e+00
-8.261770605417503077e+00
-8.282764859897355336e+00
-8.317477352075336228e+00
-8.145869742294896909e+00
-8.292746411853705979e+00
-8.354052902998239105e+00
-8.550669529321574203e+00
-8.360766533835199965e+00
-8.246606921061184536e+00
-8.121164232095921420e+00
-8.071216101342752580e+00
-7.986000677728116948e+00
-7.919462161899308406e+00
-8.252628214778152227e+00
-8.243565425193107643e+00
-8.171031572265530230e+00
-7.859178571595636598e+00
-7.827300816121312899e+00
-8.048365922038763998e+00
-8.232655220174375899e+00
-8.310781920499806574e+00
-8.221047049267964368e+00
-8.060115992385053829e+00
-7.810818768173573012e+00
-7.769492112981486898e+00
-7.720249382708018970e+00
-7.929141738306695331e+00
-7.937693375088119119e+00
-7.880102426589412623e+00
-7.708128831201679354e+00
-7.756341272505475004e+00
-8.064536573714923051e+00
-8.011489482124868999e+00
-8.093932584539839326e+00
-8.252560061945102277e+00
-8.204677303581378922e+00
-8.096473180296689165e+00
-8.318929317876602170e+00
-8.561345493410518870e+00
-8.736582571336038328e+00
-8.695918656144467462e+00
-8.633490689843757337e+00
-8.826889207656865466e+00
-8.897755176396788812e+00
-8.752961401939755248e+00
-8.982808318689180282e+00
-9.082575205965683907e+00
-8.876118211832494609e+00
-8.774727358485661100e+00
-8.801043390768681363e+00
-8.786598282036720775e+00
-8.724076372291008852e+00
-8.802622711504076491e+00
-8.591036141704996965e+00
-8.763888475558932356e+00
-8.731417176565930305e+00
-8.824901612837454223e+00
-8.741451821939822509e+00
-8.569478634205562884e+00
-8.756202642847071616e+00
-8.891391686398829819e+00
-9.058384684735615977e+00
-9.044235504356972655e+00
-9.241319894929786116e+00
-9.234650049689980378e+00
-9.150318775466192989e+00
-8.873020158851485206e+00
-9.072745720651266055e+00
-9.247202831024631919e+00
-9.048462059167619032e+00
-8.985171933908429054e+00
-8.851059806942533470e+00
-8.722356195712787752e+00
-8.659229325167460800e+00
-8.523226860177805619e+00
-8.627142737978575227e+00
-8.758612621577572810e+00
-8.685963391749385920e+00
-8.539034139312182248e+00
-8.476501977038228830e+00
-8.511086302122970793e+00
-8.512721072204533002e+00
-8.624606219546217645e+00
-8.648812313373692717e+00
-8.725690695526612473e+00
-8.474897970007209125e+00
-8.544508645151482895e+00
-8.495559989452322824e+00
-8.485578934222385072e+00
-8.599795068723787850e+00
-8.626221121095802857e+00
-8.670461391918939498e+00
-8.590540148039798041e+00
-8.637007066037210024e+00
-8.616396965149558440e+00
-8.828036563806433534e+00
-8.779702458813051891e+00
-8.864823710024896997e+00
-8.934748190093168674e+00
-8.992448481097929047e+00
-8.839518390938462034e+00
-8.701227056001675564e+00
-8.984214975308875140e+00
-8.900091614011774510e+00
-8.907008462679787186e+00
-8.940930977303070293e+00
-8.922775770574146392e+00
-9.112305396769787791e+00
-9.243377765666121348e+00
-8.973944827133259139e+00
-8.983562387346358591e+00
-9.153100785317564103e+00
-8.883195110141649309e+00
-8.847919508651120424e+00
-8.781708649931685429e+00
-8.570406675296474930e+00
-8.651883677297220743e+00
-8.546155779103170147e+00
-8.599562076672876643e+00
-8.792584904781360677e+00
-8.949569582446176952e+00
-8.937439879115967045e+00
-8.970991594195771413e+00
-9.070839607429977747e+00
-9.140507309956806381e+00
-9.215521502405355392e+00
-9.033605869387818288e+00
-8.849932947974927799e+00
-8.798351492381680572e+00
-8.644282364111985473e+00
-8.373852545784917112e+00
-8.417521632198370796e+00
-8.369807736412791854e+00
-8.241821303752853822e+00
-8.151140624331942419e+00
-8.259502163208656711e+00
-8.344766627178691110e+00
-8.483533852843496703e+00
-8.271453952195193082e+00
-8.393869288662877182e+00
-8.422373602160899253e+00
-8.412998415005365160e+00
-8.526742933119221490e+00
-8.403702637424064648e+00
-8.459452718432400431e+00
-8.279959634435355653e+00
-8.094345924709610784e+00
-8.014552111646004562e+00
-8.040301850654104854e+00
-8.128758744360689903e+00
-8.142237661546209537e+00
-8.060678688518535751e+00
-8.008244859387659176e+00
-8.152307879861146134e+00
-8.150067464071362622e+00
-8.241121535603275206e+00
-8.252928978239982172e+00
-8.202048008066324059e+00
-8.180335614260414445e+00
-7.953415872338820414e+00
-7.878019529264645548e+00
-7.922219058991423424e+00
-7.837390224167589459e+00
-7.775484193059075899e+00
-7.537472821464291428e+00
-7.445916591070265156e+00
-7.663749080168723360e+00
-7.549270944673575734e+00
-7.420123647341673845e+00
-7.357372305542256186e+00
-7.468373906246131178e+00
-7.304543581288429621e+00
-7.232367410253891293e+00
-7.076044070283482590e+00
-7.117095057593902041e+00
-7.253964258975774904e+00
-7.271612822294279965e+00
-7.328900691355900499e+00
-7.364007368817206967e+00
-7.465443308827873992e+00
-7.518330918026506993e+00
-7.732132674189642785e+00
-7.798653693657541908e+00
-7.903880848655134628e+00
-8.159028341309689125e+00
-8.150024738170937866e+00
-8.081684348572242271e+00
-8.160783959602419202e+00
-8.239936267867079778e+00
-8.096724359097624557e+00
-8.216866265543455228e+00
-8.081174451830136718e+00
-7.999129114960150666e+00
-8.090266258442529335e+00
-8.048353416574400399e+00
-8.158310451969118304e+00
-8.099507795298251267e+00
-8.105935008194773417e+00
-8.130410540164138666e+00
-8.170524392095966704e+00
-7.887551606220027267e+00
-7.856481475344454068e+00
-7.985532134499765178e+00
-7.921567021465814484e+00
-7.859653915465029783e+00
-7.668460045383815427e+00
-7.668649629124004719e+00
-7.643135258807236987e+00
-7.557456276048336363e+00
-7.651408554967088271e+00
-7.587203590851530066e+00
-7.532116370765076674e+00
-7.675504686151346512e+00
-7.609326522615231347e+00
-7.432006595835024321e+00
-7.527252852609217726e+00
-7.716764728702550258e+00
-7.579806163999997182e+00
-7.669370798003352085e+00
-7.776558414574199496e+00
-7.901738969214018304e+00
-8.033935483222188978e+00
-7.834585929285414529e+00
-8.051201260725523667e+00
-8.216882666922440848e+00
-8.141276294681489389e+00
-7.977823731169526589e+00
-8.185237737438580297e+00
-8.177213825702635219e+00
-8.075065067465041935e+00
-7.917987520759962372e+00
-7.800226422552334782e+00
-7.861849301700748249e+00
-7.780346269120697045e+00
-7.745598643448713183e+00
-7.705056388006594759e+00
-7.529746163857280017e+00
-7.479729372996726688e+00
-7.506991981220695109e+00
-7.446453480253333979e+00
-7.561379551965195844e+00
-7.741839825929631047e+00
-7.656974777139430088e+00
-7.678559960874025592e+00
-7.693583906054255017e+00
-7.753356321890654712e+00
-8.006677876756882029e+00
-7.900188111271878810e+00
-7.641402593442876423e+00
-7.682466546102896920e+00
-7.835908065250045240e+00
-7.672948584229715152e+00
-7.713443536419406499e+00
-7.802539102450697150e+00
-7.807162710137573569e+00
-7.707553274736083537e+00
-7.591443432337706909e+00
-7.773869149204672979e+00
-8.148904109078980440e+00
-8.310452955646351114e+00
-8.262905196992496926e+00
-8.424363875453753536e+00
-8.343261708806595678e+00
-8.182573761354669628e+00
-8.216623963745963266e+00
-8.215782745236813511e+00
-8.176342940695057848e+00
-8.108906435881547026e+00
-8.089793568218514253e+00
-7.965822818187068499e+00
-7.986646026819701483e+00
-7.895133406563576095e+00
-8.002930327546680545e+00
-8.091761984495636995e+00
-8.268755695883800882e+00
-8.414234952815620616e+00
-8.336523045881333971e+00
-8.471446869428698179e+00
-8.418293342357562992e+00
-8.491088374527073768e+00
-8.404276207869710191e+00
-8.391169001346248990e+00
-8.313378382602950367e+00
-8.442276680381878506e+00
-8.182604183416220422e+00
-8.023019315487838199e+00
-8.222878852979931708e+00
-8.240333202606677787e+00
-8.270920758696119535e+00
-8.220868536356196188e+00
-8.292547525851748702e+00
-8.304832975559399699e+00
-8.428467843700428119e+00
-8.266812316998585430e+00
-8.212084041377670118e+00
-8.342046992780828063e+00
-8.372809762935938593e+00
-8.260308607527964142e+00
-8.179347157953554159e+00
-8.311895413428379342e+00
-8.457407295835080774e+00
-8.460062786825250924e+00
-8.424331326485580362e+00
-8.437809269259975764e+00
-8.649791611026667937e+00
-8.537433235595726089e+00
-8.523120665211063596e+00
-8.503142924809896641e+00
-8.429185883026551807e+00
-8.430339882536404872e+00
-8.299764296630623761e+00
-8.244337528342523314e+00
-8.120330684896302387e+00
-8.220360323878423969e+00
-8.096536987713419009e+00
-8.167114967803261294e+00
-8.281609439870255329e+00
-8.399260676838272488e+00
-8.418487484269267185e+00
-8.287994725355748216e+00
-8.292175290358862583e+00
-8.441687925428874806e+00
-8.439330325777913089e+00
-8.438915625921769248e+00
-8.593634919137134176e+00
-8.808000137743936975e+00
-8.807079643476498632e+00
-8.794124309044946131e+00
-8.908276080608725778e+00
-9.106230456395332240e+00
-9.084084587116691978e+00
-8.905761281015790232e+00
-9.080725939618497833e+00
-8.935627390253745972e+00
-8.735970872804601939e+00
-8.511833659367670890e+00
-8.454935431962057990e+00
-8.423993697139067649e+00
-8.335518511462645108e+00
-8.239004664305777936e+00
-8.280853759573018280e+00
-8.479347203115519704e+00
-8.449079782477060263e+00
-8.651065095767204838e+00
-8.710115206355336426e+00
-8.749977268583339907e+00
-8.804037370673018614e+00
-8.679956097829975903e+00
-8.624150407524165729e+00
-8.494508316025834560e+00
-8.647864303961966925e+00
-8.522409002927496147e+00
-8.655019750352767716e+00
-8.477860075372797510e+00
-8.535539996835328935e+00
-8.588175010318245484e+00
-8.433100934814245164e+00
-8.522963160201509680e+00
-8.858967337204898485e+00
-8.872675587175908873e+00
-8.701913305358470296e+00
-8.701738658816603689e+00
-8.546666533864648585e+00
-8.556635236364693142e+00
-8.475752845826740156e+00
-8.560127840070165917e+00
-8.512875713223532870e+00
-8.510804891209764023e+00
-8.413011247470016940e+00
-8.522498568924103068e+00
-8.533406142206903411e+00
-8.759385553597436314e+00
-8.853942777349415039e+00
-8.694693159728945631e+00
-8.801250417848940799e+00
-8.656266445126563625e+00
-8.605380354250442565e+00
-8.478399619411268517e+00
-8.315727093838869877e+00
-8.263165697988473113e+00
-8.395066013168070995e+00
-8.239731001436160440e+00
-8.203349968712403850e+00
-8.518895918791081101e+00
-8.534047309283190330e+00
-8.672151584070215691e+00
-8.903957442455492810e+00
-8.857177602559932694e+00
-8.892539517173450037e+00
-8.914123925465673892e+00
-8.917734872059018159e+00
-8.810581885089984411e+00
-8.831526815659312746e+00
-8.632451850094632562e+00
-8.569008710642904703e+00
-8.391294682373104052e+00
-8.321642884719503641e+00
-8.538781860779902644e+00
-8.621697250225320630e+00
-8.491309335920558254e+00
-8.568852419462748671e+00
-8.596429502529741029e+00
-8.505326030530330428e+00
-8.681916854067086575e+00
-8.720203875365804436e+00
-8.748245777077221064e+00
-8.773312725467802053e+00
-8.843206680723842084e+00
-8.616775587213842513e+00
-8.760489460751662349e+00
-8.711419793760878605e+00
-8.800054909887801813e+00
-8.847654240703230144e+00
-8.693511092860212841e+00
-8.844233007557043891e+00
-8.955873364008585469e+00
-8.974178397197858814e+00
-8.926253071394970817e+00
-9.200801989661069769e+00
-9.358507033524187335e+00
-9.230395864779939785e+00
-9.327601172007062402e+00
-9.328619338002702932e+00
-9.395697678274574471e+00
-9.357440783853073540e+00
-9.447863979274831792e+00
-9.605990575269084175e+00
-9.608079529659084628e+00
-9.386581629052949793e+00
-9.250598480566640802e+00
-9.404626629270977034e+00
-9.448568748599260658e+00
-9.458982875979202731e+00
-9.380662533501032740e+00
-9.162411960305831826e+00
-8.976990436456786071e+00
-8.724658257783179494e+00
-8.823097836086279955e+00
-8.962938039796345180e+00
-9.003682297317967098e+00
-8.957206929531327688e+00
-8.847477222688185705e+00
-8.955289680956125764e+00
-9.236974943301383689e+00
-9.482240858957675655e+00
-9.571042955253545870e+00
-9.669576966259322504e+00
-9.437948982504874351e+00
-9.528596648383601320e+00
-9.534166500162950086e+00
-9.534555648844779796e+00
-9.546335430696867519e+00
-9.564585251410779421e+00
-9.425277054992331927e+00
-9.293651120533350962e+00
-9.187566938847790965e+00
-9.251039009145376468e+00
-9.438208290891775931e+00
-9.338931484954056117e+00
-9.356693648963371857e+00
-9.256379323755107080e+00
-9.295058549106860468e+00
-9.277912253845007839e+00
-9.344844462073982783e+00
-9.604842815668209965e+00
-9.545324238474744760e+00
-9.549717581722301674e+00
-9.425997681586245847e+00
-9.473468305035618542e+00
-9.353872929921113411e+00
-9.439550181191982858e+00
-9.388847646435548810e+00
-9.280748197509133490e+00
-8.963251019542401110e+00
-8.802426127776916687e+00
-9.011128276294712691e+00
-8.910416189804818643e+00
-8.958146548777744300e+00
-8.838990002466958984e+00
-9.034413420374331594e+00
-9.015829315750440998e+00
-9.177911351295573894e+00
-9.228882157184068902e+00
-9.432812866666878904e+00
-9.308014715436994990e+00
-9.327994156034389306e+00
-9.375701909599618133e+00
-9.347415498729835903e+00
-9.342987744038072861e+00
-9.232705336518971961e+00
-9.358307886306343804e+00
-9.299179522145275101e+00
-9.322331056552338069e+00
-9.302721954752970035e+00
-9.423074558445142301e+00
-9.327162056661350675e+00
-9.388146927252657648e+00
-9.485785687439497238e+00
-9.703502317592215931e+00
-9.663473989449688162e+00
-9.281116745247363298e+00
-9.039120911124125968e+00
-8.866013484859216476e+00
-8.907391271165849389e+00
-8.737841323908847713e+00
-8.630532454816769672e+00
-8.517956150306179808e+00
-8.488851997248508141e+00
-8.236526142387814886e+00
-8.378760517966334476e+00
-8.491727648479367119e+00
-8.659887674837930760e+00
-8.903072561109052430e+00
-8.979855688874071262e+00
-9.061863466829441549e+00
-9.332890221007247078e+00
-9.295338810947573194e+00
-9.363025223720814694e+00
-9.402826755972123252e+00
-9.159312789716636871e+00
-9.295508924289187291e+00
-9.206345185426823008e+00
-9.115590344427310754e+00
-8.895544182908686537e+00
-8.816019190362620606e+00
-8.589997605007669179e+00
-8.497154577462756819e+00
-8.553400001715532497e+00
-8.589226652814243579e+00
-8.765915083357697313e+00
-8.700178212964576829e+00
-8.561365870170860148e+00
-8.443967547502024829e+00
-8.422712283206330142e+00
-8.510190641979047399e+00
-8.542542830014259181e+00
-8.665514247631005418e+00
-8.526683607639515827e+00
-8.395471333753862453e+00
-8.289592705172019294e+00
-8.172015847167619640e+00
-8.390461600936566455e+00
-8.389153944733111601e+00
-8.511506372531195908e+00
-8.477599487815826507e+00
-8.511083676748958382e+00
-8.488074990623516669e+00
-8.458333012874927448e+00
-8.639128568805492847e+00
-8.556939536586124717e+00
-8.600224605448905990e+00
-8.501587468025839200e+00
-8.461293727009428167e+00
-8.468538263482027872e+00
-8.588307536865979586e+00
-8.611524116029178444e+00
-8.658272813510190957e+00
-8.654149109054014133e+00
-8.637799481784812272e+00
-8.724135770443336213e+00
-8.849974606496965990e+00
-9.027034240914961316e+00
-9.132785936382555647e+00
-9.098080339854808685e+00
-8.932235492830766788e+00
-8.988615639482555153e+00
-8.960435258913349799e+00
-9.080646632618639913e+00
-9.001072012419488289e+00
-8.915416864373622019e+00
-8.847693809232078266e+00
-8.677842749595287231e+00
-8.643223811712314131e+00
-8.707166659109095264e+00
-8.834710063461344021e+00
-8.734281452192458772e+00
-8.739677505402358548e+00
-8.684806132103332743e+00
-8.752315966417318904e+00
-8.926115980287153917e+00
-8.743082162531113255e+00
-8.876732211402764250e+00
-8.824552870163742568e+00
-8.923046950420800982e+00
-8.930333714151293734e+00
-8.862751746511531081e+00
-8.834633682759445605e+00
-8.748350882107128967e+00
-8.881783893541513208e+00
-9.136306461802304213e+00
-9.482735774842364407e+00
-9.412957032605657304e+00
-9.460541973280381711e+00
-9.202122358444357886e+00
-9.186788307597357317e+00
-9.236292615203208101e+00
-9.263884321412913181e+00
-9.194643349344232774e+00
-9.046296162570891752e+00
-8.672983191944005910e+00
-8.672405731655626226e+00
-8.714155667071681322e+00
-8.870371296163543917e+00
-8.909652184358163751e+00
-8.897416370425068166e+00
-8.892648490743836120e+00
-8.931715833438978791e+00
-8.924103282544724181e+00
-8.925374049591761505e+00
-8.861530418711350165e+00
-8.658818600388887177e+00
-8.642161584764071591e+00
-8.545323533562816820e+00
-8.648663210080306030e+00
-8.494345733029085466e+00
-8.549135580140680091e+00
-8.652413326582523823e+00
-8.766599395536676553e+00
-8.703640404452780643e+00
-8.575251048805213827e+00
-8.652893213547320883e+00
-8.533132077812386029e+00
-8.522846114622689484e+00
-8.515112923969265779e+00
-8.620020317484421213e+00
-8.532275570447684032e+00
-8.452885299704851363e+00
-8.346345127254261698e+00
-8.351646728686905163e+00
-8.669643712755025433e+00
-8.743113224169183795e+00
-8.891532068303344971e+00
-8.899175831817862203e+00
-8.810091256553469918e+00
-8.825369517768844929e+00
-8.961863218368415929e+00
-8.864092710415913956e+00
-8.997841391857530624e+00
-9.122089172949170433e+00
-9.014515582696754237e+00
-9.133667660278979028e+00
-9.123556169952369288e+00
-9.063338158164242486e+00
-9.108037634536211513e+00
-9.120040257518732929e+00
-8.958422214415048046e+00
-8.696539316748784998e+00
-8.462153294632592804e+00
-8.471284538246454332e+00
-8.509686036239179074e+00
-8.142434810774272336e+00
-8.152760879067823652e+00
-8.137584673670835045e+00
-8.246019211372175306e+00
-8.242113359182360099e+00
-8.268468959742035551e+00
-8.654371010393122177e+00
-8.915978208191656762e+00
-8.802824646242802586e+00
-8.843377068158574161e+00
-8.992971027575290321e+00
-8.887345189446667959e+00
-9.098547119217739620e+00
-9.175720942567634708e+00
-9.171394064306806371e+00
-9.330063354280884624e+00
-9.079146128040653352e+00
-9.034916140194264145e+00
-9.165634332793263894e+00
-9.133393799540721503e+00
-9.175697652359549039e+00
-9.309987612133221901e+00
-9.291622742993764561e+00
-9.184978596642086046e+00
-9.196082282920636786e+00
-9.098726729004294356e+00
-9.268020490794643962e+00
-9.218101766667292196e+00
-9.112986400233815232e+00
-9.063930247628515957e+00
-9.025003984474420093e+00
-8.944116051958109992e+00
-8.794793455871069199e+00
-8.894348335806352424e+00
-8.959502696932494459e+00
-9.028177505982572626e+00
-9.066842356776266598e+00
-8.894701702657997089e+00
-9.237686273313318708e+00
-9.378589637222123798e+00
-9.439979490840023857e+00
-9.333033745527805181e+00
-9.282975597914099097e+00
-9.116894767557500501e+00
-8.986485985735139792e+00
-9.041069995212779986e+00
-9.040235356384249243e+00
-9.133647522878092673e+00
-8.708968942364680998e+00
-8.523726675780014972e+00
-8.536053849862152987e+00
-8.549740597496194638e+00
-8.543264779943076093e+00
-8.535427360517555684e+00
-8.681307598509716783e+00
-8.490003722946196874e+00
-8.469779623012147596e+00
-8.640943193390619115e+00
-8.732007883885353650e+00
-8.923949433170539791e+00
-8.861865091732571642e+00
-8.980807507413278046e+00
-8.988354217738322660e+00
-9.116894446145829889e+00
-9.079886977434039608e+00
-9.183655881550592426e+00
-9.300301984714376857e+00
-9.199829266949146600e+00
-9.237828626317851288e+00
-9.300517119039753311e+00
-9.290308626214885734e+00
-9.276484108331047196e+00
-9.273541441083660075e+00
-9.140161966508362212e+00
-9.158487670522983848e+00
-9.023008650278208975e+00
-8.826419066128035951e+00
-8.819096439027806156e+00
-8.790590707981221996e+00
-8.682853705817704437e+00
