2.490341015291479554e+00 2.489758791546587524e+00 1.666212024462752295e+00
4.157580103465120303e+00 4.158688571543957657e+00 2.495084869120578475e+00
4.975384836146472978e+00 4.981847485540396470e+00 3.324018535233469240e+00
4.980618638604570769e+00 4.988071988233270915e+00 3.325415488407725384e+00
8.313227582831308027e+00 8.321133968478006793e+00 3.320016123489867077e+00
9.122010512509058699e+00 9.126240258891524348e+00 4.145516934694482458e+00
9.933031903391814410e+00 9.102394569437153748e+00 4.971313232755747435e+00
9.923131676055351846e+00 9.106338260726975165e+00 4.973310007378101361e+00
9.902735791647856445e+00 8.267754533911396919e+00 4.974377141678225200e+00
1.238720163438357780e+01 9.082869379494585615e+00 4.972771307305563049e+00
1.239099672909248184e+01 9.090634868487876830e+00 4.965648533516514362e+00
1.237898849432653314e+01 8.257959948996546728e+00 4.966303053925436473e+00
1.321147515436288344e+01 9.095189845813456131e+00 5.796099952867587390e+00
1.483751892694309404e+01 9.894658453654757935e+00 7.436195236477352921e+00
1.392876844563044791e+01 7.357850206797929005e+00 9.093070293185819608e+00
1.641509755732924347e+01 9.021718470146385727e+00 1.157648653332528710e+01
1.640578506278104243e+01 9.849173336458088457e+00 1.323377969673845200e+01
1.716799716791061314e+01 1.063557451567143453e+01 1.569600722460766384e+01
1.635816227218755259e+01 1.146007652767521279e+01 1.731511194853854718e+01
1.638559873006875733e+01 1.232313844168931638e+01 1.812346321202281274e+01
1.966545632865161153e+01 1.562705612979670455e+01 2.140637902391285152e+01
2.124501728039030013e+01 1.721859162519244890e+01 2.467296609204162294e+01
2.197506282402702382e+01 1.800538059424353321e+01 2.539228064681219266e+01
2.354029506445950659e+01 2.043780576432277130e+01 2.697329839931041917e+01
2.434876919319767197e+01 1.957799152508597373e+01 2.686889798326352619e+01
2.095217162651296050e+01 1.706323260092542426e+01 2.599469043911903299e+01
2.252580895322853038e+01 1.951289822570600307e+01 2.821986421841640436e+01
2.331554119775302780e+01 2.035920609225671996e+01 3.220431058933210977e+01
2.330220599384809788e+01 1.868102918291439707e+01 3.299977587110051758e+01
2.326907766286686652e+01 1.780852987375874363e+01 3.545882454000627604e+01
2.156577092312890187e+01 1.611185944139441162e+01 3.696881571058843008e+01
2.150297754481765011e+01 1.692213029702014992e+01 3.844991228075851097e+01
1.994561236466769927e+01 1.614970548050408894e+01 4.177186147448976783e+01
1.915284715861212561e+01 1.535751289757115856e+01 4.411900381792897718e+01
1.911854706836811957e+01 1.782735911243896609e+01 4.969710752195383918e+01
2.319342370577077972e+01 2.188602917499883205e+01 5.287160740802627146e+01
2.395693176646547684e+01 2.097905408040154995e+01 5.365395928402284653e+01
2.641801809571094140e+01 2.171917589123504655e+01 5.354943343916799847e+01
2.955980788731919873e+01 2.490433894716099417e+01 5.737991416717651560e+01
3.192089484884708028e+01 2.732517651123717428e+01 6.037093417896694802e+01
3.520836280114357209e+01 2.984422065067882812e+01 6.437994710891236139e+01
3.764737086002651267e+01 2.983483234849061461e+01 6.423196197809997443e+01
3.993722548027183450e+01 3.297578651540959527e+01 6.480117702214873532e+01
4.218317265267915417e+01 3.614376245364184115e+01 6.628880753530734182e+01
4.207746243007024134e+01 3.605249242029484691e+01 6.620680423384366975e+01
4.198088812275443615e+01 3.601513093001388199e+01 6.606648363092500631e+01
4.028729471174835908e+01 3.434861012687368031e+01 6.447694641115079150e+01
3.927600122488915702e+01 3.425492386680616619e+01 6.520140973963263775e+01
4.000851722399372790e+01 3.675433907594614880e+01 6.603260560296264714e+01
4.313714108449690343e+01 3.823956976618379855e+01 6.767927775704598048e+01
4.378893843031130473e+01 4.129734403742239834e+01 6.597081761169067704e+01
4.529020887966301245e+01 4.446360264511170612e+01 6.924037446369733573e+01
4.929740124887539565e+01 4.689543883805865931e+01 7.080382601845937529e+01
5.257882655614022127e+01 4.684391357516176413e+01 7.240112755597213834e+01
5.175576644088736344e+01 4.767048135559836197e+01 7.247747135794062956e+01
5.242288655512641071e+01 4.755212334482148151e+01 7.404753278691701723e+01
5.652452047480328190e+01 5.251301559792309348e+01 7.717640553146024729e+01
5.899649984654479340e+01 5.664787164043510614e+01 7.796127780415136499e+01
5.817185999134803609e+01 5.485256697998605802e+01 7.697005731842023124e+01
5.655033496004669047e+01 5.659285388717751175e+01 7.608073517859322976e+01
5.814197295255353026e+01 5.508787615859497322e+01 7.682526447897711819e+01
5.802649182917080850e+01 5.505388838951053287e+01 7.667139169477687233e+01
5.723316952131621349e+01 5.344143061433338460e+01 7.667639943729520269e+01
5.475797004334626905e+01 5.263152717685525062e+01 7.662562565991733265e+01
5.874645232402675532e+01 5.591938668240911881e+01 7.723877123865096905e+01
6.204883854389674980e+01 6.000428175671670772e+01 7.790725268623224053e+01
6.187838237714614564e+01 5.824904546097877756e+01 7.790617251841504753e+01
6.271418354564161746e+01 5.745214118595998798e+01 7.868899818528345236e+01
6.587042764862867728e+01 5.993475029366101126e+01 7.869114747618489503e+01
6.323242057667994231e+01 5.736050488669468450e+01 8.106692685138065713e+01
6.146072407521480585e+01 5.713828936438047634e+01 7.847839566649739140e+01
6.229821828304505971e+01 5.707178773719334686e+01 7.856621622766662938e+01
6.210085274322712223e+01 5.768697327733912061e+01 7.763490173519480209e+01
6.369214167178832042e+01 5.998207576406870345e+01 7.757673239506500806e+01
6.366251316030933083e+01 5.984241118247406632e+01 7.669885432654919555e+01
6.122482940943920227e+01 5.662494994921755875e+01 7.596715457036648900e+01
6.273769970125256634e+01 5.884768646246330803e+01 7.653227550921282329e+01
6.181950000829012026e+01 5.877904290068952520e+01 7.640750615068084528e+01
5.929288707614470866e+01 5.699509789132325466e+01 7.564894299297283453e+01
6.247138242131359220e+01 6.011168799067750257e+01 7.556897827513063248e+01
6.428178275239488926e+01 6.030075359675977609e+01 7.818058634247545058e+01
6.411314902499304935e+01 6.101133833351839542e+01 7.799827943070539504e+01
6.490245449123105459e+01 6.174121289715854743e+01 7.875959989546032602e+01
6.564478825081401681e+01 6.011050978994552452e+01 7.964773131388078298e+01
6.704545979322514881e+01 6.251979656143392106e+01 8.130932961398016801e+01
6.940558990942652429e+01 6.412371688131493386e+01 8.208168469199662809e+01
6.850510282057727807e+01 6.411255447324518286e+01 8.043198757925073039e+01
7.076734751085579944e+01 6.635841941070304983e+01 8.043601971952890040e+01
7.383818431686009376e+01 6.958735578026957569e+01 8.350801836347348228e+01
7.287850211709749715e+01 6.873692798475698851e+01 8.258062021794330576e+01
7.417071083332496073e+01 7.023303181564764941e+01 8.413732901117961660e+01
7.249651174292326061e+01 6.784010098089257212e+01 8.266317326922771258e+01
7.328130575212813369e+01 6.795910930183518417e+01 8.355586441377090523e+01
7.168136316842783629e+01 6.963060189448162873e+01 8.255468290769540829e+01
7.099968275189141309e+01 6.803849717412255416e+01 8.259850269572174852e+01
6.999690328719971433e+01 6.859658346305812415e+01 8.245504739220803003e+01
7.152363569335489046e+01 7.028276812746860003e+01 8.501931902703213950e+01
7.232587696813493494e+01 7.107341783189191631e+01 8.578183788971813328e+01
7.231488552092285715e+01 7.099170840481760081e+01 8.500747829982196890e+01
7.387022774352419674e+01 7.255866974267311775e+01 8.497694736967190465e+01
7.398504729477511432e+01 7.332335722161658964e+01 8.418680718936806784e+01
7.733958131431761274e+01 7.727952618290080977e+01 8.650825254664748343e+01
7.722379767738723899e+01 7.633451850141770478e+01 8.648713570078342627e+01
7.775522429426982285e+01 7.617916785965223880e+01 8.649400381218634948e+01
7.851527877881490269e+01 7.702734416609737877e+01 8.733069632244743730e+01
7.778977384742792367e+01 7.713695323794296144e+01 8.654960336644549557e+01
7.774465563146543445e+01 7.709161200629861810e+01 8.564187451498563064e+01
7.519654485093366247e+01 7.542332320666744749e+01 8.316922308833892430e+01
7.591546585366283750e+01 7.624912938659261386e+01 8.385230019449920746e+01
7.520547624665566389e+01 7.555392684481620336e+01 8.393930533634019753e+01
7.433694247574115366e+01 7.476600102712451701e+01 8.387169098609709295e+01
7.328438184834854496e+01 7.552797832470483286e+01 8.371091034379864482e+01
7.157041689268791629e+01 7.379113184458654473e+01 8.269784271397550413e+01
7.230045283788972199e+01 7.291588827358060598e+01 8.340334836191470913e+01
7.060263292769504062e+01 7.112992573206450686e+01 8.244229879692376528e+01
7.210770921326351868e+01 7.179896906054571559e+01 8.315269185119666417e+01
6.880369703694961458e+01 6.852908774767681166e+01 8.229826451569491041e+01
6.967525772917926474e+01 6.863712551760085034e+01 8.486891784738023148e+01
6.815416654261950669e+01 6.624731643171506335e+01 8.340445722159333286e+01
7.060591945981016693e+01 6.781967241983390693e+01 8.417856871389548701e+01
6.955162006421349474e+01 6.751397805500818095e+01 8.398744065564406469e+01
6.716538098284088676e+01 6.192447030953034925e+01 8.174772318071947552e+01
6.804278386199015927e+01 6.450773217656498559e+01 8.263915531203858222e+01
6.805124670061675829e+01 6.623729851798529467e+01 8.270752616838380789e+01
7.116527262492891737e+01 6.855412905614335273e+01 8.344729890195598898e+01
7.040317759594543645e+01 6.704162374074654451e+01 8.345151911142048107e+01
7.289546791827443428e+01 6.857385241919253360e+01 8.424390295410329088e+01
7.195499975230707435e+01 6.850210885920753867e+01 8.415737571293917085e+01
7.191241007338041413e+01 7.009707144950114355e+01 8.407718552489136243e+01
7.035535396189614232e+01 6.858004366772628657e+01 8.330720807303866593e+01
7.217209897721085099e+01 7.029453817934560789e+01 8.426613119860448364e+01
7.318853454176257856e+01 7.523891537399742901e+01 8.663342078274277469e+01
7.234387624950127815e+01 7.509419165378926664e+01 8.660178785533904033e+01
7.159748605568773883e+01 7.421231120238772405e+01 8.407919091207737949e+01
6.922370024762231822e+01 7.438832199558960667e+01 8.332839532207843547e+01
6.825209851056473553e+01 7.422125785179305524e+01 8.412355543058315277e+01
6.920112633687540438e+01 7.522848327560174653e+01 8.493966331400957870e+01
7.183881729801257165e+01 7.682244548828020925e+01 8.485682724090833062e+01
7.433682278298964263e+01 7.853969301020336502e+01 8.653359759004000296e+01
7.427002648498344684e+01 7.995120963612744447e+01 8.735063620616739399e+01
7.408852094786016096e+01 7.993690896214698682e+01 8.713681496886790967e+01
7.485594545257191612e+01 7.909428356526423443e+01 8.623796238724914076e+01
7.553010936231900985e+01 7.989240500976720227e+01 8.613070913016412078e+01
7.568956351789657333e+01 7.915515917141807734e+01 8.696126555798360869e+01
7.557945142289324281e+01 7.819282791704725355e+01 8.600547977177939174e+01
7.818634517663979011e+01 8.162339654064328442e+01 8.687418540806648082e+01
7.718753875903782102e+01 8.230056088086521981e+01 8.595078965612370325e+01
7.531050348096047742e+01 8.052331744615062803e+01 8.590208781648864544e+01
7.442627495071459975e+01 7.880811292953167424e+01 8.595684710226527159e+01
7.581234853167769927e+01 7.962789187470009722e+01 8.576194659119516928e+01
7.258420047837856259e+01 7.805221892867464817e+01 8.342916078261295354e+01
7.227725900687137539e+01 7.795257434483126247e+01 8.433341311877171620e+01
7.328857984262688774e+01 7.648917559308425496e+01 8.292397516018735359e+01
7.389754406389008068e+01 7.725712794510248216e+01 8.391957380820043966e+01
7.398195904667338141e+01 7.568887596852923139e+01 8.410655450796471655e+01
7.359232846581956267e+01 7.476214401568954315e+01 8.320915223378568726e+01
7.516356051677340133e+01 7.390195944283112794e+01 8.411564523657332870e+01
7.774170827970900177e+01 7.656344263412651685e+01 8.417999833339497684e+01
7.703178580366393646e+01 7.582088285432571695e+01 8.337962698749829826e+01
7.627595974720475169e+01 7.499278476585773490e+01 8.347848052196303570e+01
7.875060251681274792e+01 7.747634217318297090e+01 8.591062560574158624e+01
7.966407780252419002e+01 7.825517954233262685e+01 8.418133686637597179e+01
8.037405532662356222e+01 8.053925118113996007e+01 8.655636669517049597e+01
7.951121034849290936e+01 8.128772228947363487e+01 8.557025326234942497e+01
8.019934777327674169e+01 8.278077027467040239e+01 8.633630594470665187e+01
8.128142764064703840e+01 8.192372171173299478e+01 8.628750486779473761e+01
7.968105359241972963e+01 8.189316116196917505e+01 8.629195343286062325e+01
7.889534745775192448e+01 8.104868962909836227e+01 8.631958717383700730e+01
7.955166475291201778e+01 8.169468906069793945e+01 8.705443104909750218e+01
7.962729474101291771e+01 8.176747230833603908e+01 8.626706349745265356e+01
8.037606626437434443e+01 8.090662823913937984e+01 8.536485957190690499e+01
8.044330807188478616e+01 8.008460854112054506e+01 8.545139422266223050e+01
8.026711660087032385e+01 8.081598519546196258e+01 8.526638667115561532e+01
8.194762918610202007e+01 8.244448258352672099e+01 8.694903380669980208e+01
8.111952980117071377e+01 8.246261237368804586e+01 8.603890628533352469e+01
8.025967383789263465e+01 8.334624015246527051e+01 8.620760771170697012e+01
8.025093277826222504e+01 8.347363586817212422e+01 8.472425817852220575e+01
7.760585286147721717e+01 8.018053846481168989e+01 8.054745821170600095e+01
7.734645001926540431e+01 8.099581300236873460e+01 8.035563888342571204e+01
7.798988235636714705e+01 8.189541372770636940e+01 8.125133150275755156e+01
7.703819115487829094e+01 8.253945625289841814e+01 8.210628782061151298e+01
7.446094843370318017e+01 8.170977509516914949e+01 8.198622131564926008e+01
7.207317714432073785e+01 7.851433020509486482e+01 8.052159873565658188e+01
6.977514353737025488e+01 7.625942217947945778e+01 8.064934421669066467e+01
7.142719954374472024e+01 7.788313656183137823e+01 8.230618250102081390e+01
7.055797846900927084e+01 7.635029073971421099e+01 8.154273688291358724e+01
7.061666752581940898e+01 7.620021839347126047e+01 8.219767040052769858e+01
7.297457922868866831e+01 7.936935345477625958e+01 8.630869687918738009e+01
7.147941596207735415e+01 7.782901807835007446e+01 8.475235231723054596e+01
7.066347193046286179e+01 7.686226029227961476e+01 8.380443829015365509e+01
7.212486302633001856e+01 7.682755935678667925e+01 8.370111958138872410e+01
7.349772976748947428e+01 7.757365988618195729e+01 8.364913567641711722e+01
7.654127463769592055e+01 8.075915710110133716e+01 8.511700839090543980e+01
7.786649256957744569e+01 8.131126452152983575e+01 8.490896723363674425e+01
7.608188414229505270e+01 7.884156798554124634e+01 8.328326890151423356e+01
7.688573098528715377e+01 7.959170804831100554e+01 8.482924264657985702e+01
7.827623364230736058e+01 8.129694944471862073e+01 8.557630744198024786e+01
7.665538721477665263e+01 7.972483518072638731e+01 8.477890800996738108e+01
7.743634534243616940e+01 8.136397943094168284e+01 8.647972170962921723e+01
7.568799613319912112e+01 7.951876515172790505e+01 8.465249220732201252e+01
7.246130568839707564e+01 7.717296275217577772e+01 8.383912771452644108e+01
7.330539456348586214e+01 7.789684712878117523e+01 8.545687234675261834e+01
7.344454410354592255e+01 7.798973669191968838e+01 8.550012576010824716e+01
7.101750457217836754e+01 7.657444535427461574e+01 8.324000513521838229e+01
7.183480688476637965e+01 7.733270473700720515e+01 8.393507523072904064e+01
7.093491355367017093e+01 7.651949236822085254e+01 8.298607158396941941e+01
6.913754338486586448e+01 7.474463461943717846e+01 8.125470937619955691e+01
7.056237762044781903e+01 7.620128580537388530e+01 8.101673439988800851e+01
6.797693219765196204e+01 7.282816753784233299e+01 7.935893378418703037e+01
6.963057588252169694e+01 7.306155328933934356e+01 8.208604912956600685e+01
7.203979966354144437e+01 7.388404749207722944e+01 8.209440161957829218e+01
7.123069949773370979e+01 7.313116113376281646e+01 8.221697941379019881e+01
7.096541223466857673e+01 7.227054780133840950e+01 8.214081970857868953e+01
7.495056941248324733e+01 7.457788664532013456e+01 8.445430322957740543e+01
7.640685914929299827e+01 7.520976182111724029e+01 8.512192489607124912e+01
7.705171252482475097e+01 7.665445349962746491e+01 8.591325499182968883e+01
7.645142015694209192e+01 7.753448768570447669e+01 8.768196913599598474e+01
7.335561354076270391e+01 7.518153120714308102e+01 8.784021977578271390e+01
7.432149380239820857e+01 7.754864171633465730e+01 8.867032358825005645e+01
7.252958611281286494e+01 7.820099852882411540e+01 8.768490358571798993e+01
7.345916087177175768e+01 7.988816958193120854e+01 8.871593342245972735e+01
7.429659260988229619e+01 8.066893422081861331e+01 8.790934949368713092e+01
7.290178627488398888e+01 8.140664090416341026e+01 8.722663759314065146e+01
7.035661297242249645e+01 7.967764991728749635e+01 8.477285171094601424e+01
6.966740426448647838e+01 8.087181423872402775e+01 8.504334033370824386e+01
6.887303299641145315e+01 7.919779577168671381e+01 8.436013106880511714e+01
6.964130745948045842e+01 7.933246830599959765e+01 8.441289956855152354e+01
7.204643614314390732e+01 8.104873235555626820e+01 8.516215171800925532e+01
7.381331201194970504e+01 8.130997350833553128e+01 8.438206759299777104e+01
7.535023887105148788e+01 8.299593051122209886e+01 8.512646144255811009e+01
7.445054496483692219e+01 8.300883943494756068e+01 8.498645321719060064e+01
7.438207638716168901e+01 8.297525390954872648e+01 8.479934525174846272e+01
7.267280446553613160e+01 8.145582992358242791e+01 8.325658497467462382e+01
7.442249151418022279e+01 8.393220996981467863e+01 8.565060596170178542e+01
7.509206511303997900e+01 8.378057793926896579e+01 8.551061341966081386e+01
7.576178780459862594e+01 8.547894378562497764e+01 8.534144101197540522e+01
7.720565244617658607e+01 8.621246481783255433e+01 8.517163673394406942e+01
7.696124170326966407e+01 8.610554809518961861e+01 8.432219572242645711e+01
7.806629446515820803e+01 8.749370372718583155e+01 8.570635356751004963e+01
7.917664286402632001e+01 8.748602252384249311e+01 8.567719007521766628e+01
7.913180593491188120e+01 8.743065522649001764e+01 8.563946054168836497e+01
7.849437499324648115e+01 8.681789138085633795e+01 8.502286684562565711e+01
8.156677778314318061e+01 8.848781496892692644e+01 8.731064688789339812e+01
8.147524277231812562e+01 8.761882751957082860e+01 8.640877038314667402e+01
7.829490433213416622e+01 8.513193827176981188e+01 8.490723916649929492e+01
7.918378428863263707e+01 8.581805153681621334e+01 8.562221292584150945e+01
7.671554446295535001e+01 8.408997390264435978e+01 8.396648893392482194e+01
7.702926728855948113e+01 8.579590496887423967e+01 8.491040425701216066e+01
7.722621455437131033e+01 8.581427183575956974e+01 8.504663924930049745e+01
7.706297336328523784e+01 8.583141098230102273e+01 8.521089388346472049e+01
7.534536751353020634e+01 8.327493982650781845e+01 8.355629408023176552e+01
7.657008052763009687e+01 8.462879575967868107e+01 8.485773391195581894e+01
7.414942207473214353e+01 8.283515563004758064e+01 8.402434955171288777e+01
7.488192066621685683e+01 8.202392231594636485e+01 8.407167972861671501e+01
7.698612153152966187e+01 8.353567463671961946e+01 8.552496668189468210e+01
7.606620229719418091e+01 8.189371718927820609e+01 8.397699798576201147e+01
7.681870011417626642e+01 8.280143768153443773e+01 8.485856433563749590e+01
7.552230426579140499e+01 8.013666552074532490e+01 8.230198923949008361e+01
7.458020378446050813e+01 7.843172705964555291e+01 8.140021324433416794e+01
7.344485124642038443e+01 7.742996149556300622e+01 8.122715527417454950e+01
7.429765782178034783e+01 7.824880074686787168e+01 8.129416957269049249e+01
7.354868432359626240e+01 7.755393788163176794e+01 8.150801205812810224e+01
7.586410426171546817e+01 7.923822939458250403e+01 8.237018162869280502e+01
7.569177983235258012e+01 8.005056847343598747e+01 8.323250609042264614e+01
7.481610750763300643e+01 8.084918931459132807e+01 8.315348566155503818e+01
7.476393174793204821e+01 8.268746359103843702e+01 8.484274072478903861e+01
7.473973152944391529e+01 8.170725358814630113e+01 8.463337029738933381e+01
7.638598115198874439e+01 8.331261376366843763e+01 8.627869400449668547e+01
7.716679609611843205e+01 8.478266380401176150e+01 8.703464887917166948e+01
7.742480807998433079e+01 8.497256679949812508e+01 8.631647856663160212e+01
7.726020577357138563e+01 8.508672641227215649e+01 8.631885022921115080e+01
7.675897422265919090e+01 8.437883576790406437e+01 8.479944264357968109e+01
7.512250840276544750e+01 8.359545056532391527e+01 8.392092893077006011e+01
7.433933200221200366e+01 8.368066598893855712e+01 8.404548489565253533e+01
7.525749349027023527e+01 8.291387117143403884e+01 8.342619627195361431e+01
7.584151903006394946e+01 8.258070511855518703e+01 8.331894354083621579e+01
7.652445616065469380e+01 8.342310124147357442e+01 8.358302024272332176e+01
7.500992300977296168e+01 8.266230176106780903e+01 8.352773706525913155e+01
7.416968323532032059e+01 8.214082142840436518e+01 8.285228521624603104e+01
7.412120248139085277e+01 8.300603251721202014e+01 8.366523911765270327e+01
7.476600631199274005e+01 8.361830074462790208e+01 8.444307400735755209e+01
7.431043706219242040e+01 8.343401144649229195e+01 8.506337646735005364e+01
7.505835217257893532e+01 8.335588474616686483e+01 8.510653077141793688e+01
7.437629241625144516e+01 8.344561961739870526e+01 8.511647534891486089e+01
7.352820393266384258e+01 8.193988400761494972e+01 8.360818180415658674e+01
7.294397329679773634e+01 8.135584789849308152e+01 8.371188692090676398e+01
7.386815710469396379e+01 8.223050788701849001e+01 8.461890788346309478e+01
7.554061874266434984e+01 8.311308395062529542e+01 8.473443754507323433e+01
7.511045306503221752e+01 8.290419159502661728e+01 8.462588448274065911e+01
7.487107460553953331e+01 8.122897329157854074e+01 8.461419929224915393e+01
7.399141134840917289e+01 8.045323090674392574e+01 8.448884892556168325e+01
7.565722754541759798e+01 8.229187116879833752e+01 8.553995739113460672e+01
7.556923424861344074e+01 8.141032539416121949e+01 8.459322264713289030e+01
7.660753292533864567e+01 8.193546342628508228e+01 8.436983639414047786e+01
7.493924658536946026e+01 8.032184385120845604e+01 8.670336459482123814e+01
7.381714594221733705e+01 8.023940074879348572e+01 8.589089056496483465e+01
7.351896634231574978e+01 8.008077327138821033e+01 8.567615842662056025e+01
7.340131306760090979e+01 8.012865602975195145e+01 8.661219888933230493e+01
7.285256048343265434e+01 8.023686015303664476e+01 8.675949993287760265e+01
7.289107377385023767e+01 8.084773734879004792e+01 8.695743207829021060e+01
7.278657025687678583e+01 8.143865450658947225e+01 8.693936069085290796e+01
7.193482896101342305e+01 8.043008409533062775e+01 8.686823465415295686e+01
7.112915072143573525e+01 8.213741467718885758e+01 8.869937055127878978e+01
6.955684831369663357e+01 8.136650931015624622e+01 8.787412556154137633e+01
7.125641123559702805e+01 8.450644412567646668e+01 8.701138427251449059e+01
7.207849352657207476e+01 8.526891149026987193e+01 8.775291179976156286e+01
7.061531599015391691e+01 8.374703859806024298e+01 8.621349419217435184e+01
6.965356234399911273e+01 8.435052501464414831e+01 8.593810684410411227e+01
7.035537088085014545e+01 8.508409146070098927e+01 8.667567606285412296e+01
7.094035590379198197e+01 8.612388178816750894e+01 8.648904682329296634e+01
7.256670980087763212e+01 8.705860597484767993e+01 8.734164759047190785e+01
7.175632492467863699e+01 8.619895660923131686e+01 8.643100964373647344e+01
7.262023643516032223e+01 8.538006838462995063e+01 8.546942050468445018e+01
7.374427730161838213e+01 8.544259029437567676e+01 8.643081584131039108e+01
7.520575658846277634e+01 8.619737728849592884e+01 8.724838851264858874e+01
7.357213433642884581e+01 8.390896385829502435e+01 8.571047593470649417e+01
7.502766715881686821e+01 8.456944485777441400e+01 8.726810881276766452e+01
7.667963159301409348e+01 8.460191615676741606e+01 8.739946363042940902e+01
7.587978996356932271e+01 8.284176505382922073e+01 8.561100619378302667e+01
7.547475691542021536e+01 8.125854817806018104e+01 8.501592439342252305e+01
7.478107018649025406e+01 8.059718803246110497e+01 8.434408893067413260e+01
7.546499138779637406e+01 8.124379735715294260e+01 8.431146664083082953e+01
7.358175073060070304e+01 8.110860831360118084e+01 8.438199200061012561e+01
7.326216016491022742e+01 8.177494864859771440e+01 8.426705725343842346e+01
7.244605082576251220e+01 8.095576449564302379e+01 8.348244881549527463e+01
7.332796645882274333e+01 8.242534677173686930e+01 8.428962281653664945e+01
7.256583576812803926e+01 8.159868328364333934e+01 8.352844670418815554e+01
7.235446189930827643e+01 8.084968122453381056e+01 8.350902227424373336e+01
7.328110063231773097e+01 8.196031317448183984e+01 8.538844034717405407e+01
7.139846262122443932e+01 8.259392094601540180e+01 8.520430950107216006e+01
7.117343686749326537e+01 8.241946383564203416e+01 8.505393823205422166e+01
7.186636121723613257e+01 8.345153794083238097e+01 8.589123054253413159e+01
7.354212870616821363e+01 8.351482806609156739e+01 8.666473974254459733e+01
7.291382594325162358e+01 8.364894019305747008e+01 8.672568077354524974e+01
7.306787000154110956e+01 8.377764380428720870e+01 8.769957395001783595e+01
7.381581261292163276e+01 8.384077067483252677e+01 8.861606541650827751e+01
7.392667992428633283e+01 8.481010647315551410e+01 8.956546398412383780e+01
7.404435067489187361e+01 8.553952392868808374e+01 8.956278073889914992e+01
7.303981480322772768e+01 8.457472071175575934e+01 8.786408150127662964e+01
7.477515675105914283e+01 8.464736994158394623e+01 8.799068265679215983e+01
7.484796225261773372e+01 8.479429919402113569e+01 8.808185675078824772e+01
7.330089084469155125e+01 8.235683135629510332e+01 8.643830867545639762e+01
7.332944910933467497e+01 8.232224703121036669e+01 8.559167564079353951e+01
7.416552004049165703e+01 8.232061226112880092e+01 8.558386951497652717e+01
7.228063313496667774e+01 8.054206044712044843e+01 8.378438318610577085e+01
7.229714450690187277e+01 8.051785435329297513e+01 8.365712242954874966e+01
7.303268996298527327e+01 8.127430930447340529e+01 8.355536766130435922e+01
7.241767803310858653e+01 8.069176869665946583e+01 8.297660210622055388e+01
7.402124564910282345e+01 8.228882468818184748e+01 8.445566074847269533e+01
7.312088849052366868e+01 8.067110667721435391e+01 8.360159052508035415e+01
7.333397705815123402e+01 8.068108773244428278e+01 8.365880592330128707e+01
7.493659895684760386e+01 8.306687159794287822e+01 8.529312840284046615e+01
7.584280470343500724e+01 8.304044554557086144e+01 8.623026377228339356e+01
7.662773782071744222e+01 8.299620527474772302e+01 8.625963705229705170e+01
7.834438916894006866e+01 8.474279318529353588e+01 8.698776660628898583e+01
7.755132413465032926e+01 8.386299293396278642e+01 8.536418623752470580e+01
7.582443387340893537e+01 8.221693636818378081e+01 8.453937158414318276e+01
7.499410374384856937e+01 8.117196343619357890e+01 8.437536778046666086e+01
7.519158558396372882e+01 8.038696420785362307e+01 8.458285246185907624e+01
7.610902957452933038e+01 8.196850962330844936e+01 8.543183522350128101e+01
7.606245601219093544e+01 8.189858514324016880e+01 8.530997439472116639e+01
7.633135806539007717e+01 8.184088485223540488e+01 8.533993392841617265e+01
7.568156695943834222e+01 8.032714827572820582e+01 8.296227364714631847e+01
7.494704796686878012e+01 7.963210627733164415e+01 8.214826920645860753e+01
7.486430727382170858e+01 7.934911835802445523e+01 8.209306758656566672e+01
7.402769447096883937e+01 7.859990838598821483e+01 8.128252987837021237e+01
7.490222636059476713e+01 8.025965820398687356e+01 8.205989234752631489e+01
7.542049061942489629e+01 8.105906902269693148e+01 8.188805645237815156e+01
7.478410035512142429e+01 8.107722422942585183e+01 8.106134208173108391e+01
7.541911399352679268e+01 8.172102793656354436e+01 8.172434384692350307e+01
7.439100484157037840e+01 8.075662223433388931e+01 8.101862103218145705e+01
7.431207568154383125e+01 8.102605517286674797e+01 8.112687071753245505e+01
7.434974104021664232e+01 8.268310427932030393e+01 8.356562196017058852e+01
7.425590463969257371e+01 8.251356588134910908e+01 8.360907811791376787e+01
7.525010630252526767e+01 8.361680488985834359e+01 8.461546422329742256e+01
7.764434238194051829e+01 8.615208049134888313e+01 8.725800194666763332e+01
7.707741257015111103e+01 8.455162468340164139e+01 8.574158809079332855e+01
7.820967384286663560e+01 8.559625999137020358e+01 8.681165802047362945e+01
7.700818363108066933e+01 8.468144965603612206e+01 8.668088594916815737e+01
7.608978607551124185e+01 8.395384422089684051e+01 8.596105714852728852e+01
7.687522491429147919e+01 8.473377125666044662e+01 8.664463626659022566e+01
7.660785752325708131e+01 8.454074842855196437e+01 8.657918700831760361e+01
7.639308179221768569e+01 8.521709708422048379e+01 8.644509511993203432e+01
7.437145950138219064e+01 8.439589345421735800e+01 8.726198154797501161e+01
7.409808078741896509e+01 8.436234173913756251e+01 8.719834822687479914e+01
7.399849271984638222e+01 8.426249372590334019e+01 8.706338089705752736e+01
7.355716656117513708e+01 8.502615935670986858e+01 8.788309400758572565e+01
7.241310026750325335e+01 8.411781183092797676e+01 8.700699815295348571e+01
7.170303148983683172e+01 8.429972746394551564e+01 8.639301978961172779e+01
7.192061084614864797e+01 8.531673371869173650e+01 8.729605033619216670e+01
7.181163846970613918e+01 8.536831517428497307e+01 8.728668950008849947e+01
7.084739822010341470e+01 8.468905096922135556e+01 8.668449337996653981e+01
7.167834144691158826e+01 8.495948078754841504e+01 8.696699065916808991e+01
7.347261239341638372e+01 8.574914503446828462e+01 8.599118531543571464e+01
7.335329163180163903e+01 8.496352559692053319e+01 8.519590618972685547e+01
7.271116602082845759e+01 8.259151202958047122e+01 8.365342761999472998e+01
7.358115189032763226e+01 8.268219270900138440e+01 8.377637782910414899e+01
7.419068712416064670e+01 8.340716450345800581e+01 8.481254042631587708e+01
7.542930643672164592e+01 8.415523337282130001e+01 8.559577537080676279e+01
7.422024210233601593e+01 8.234979948048983545e+01 8.388611659448399394e+01
7.499947225150886254e+01 8.339521271447146944e+01 8.502727416106544922e+01
7.477909725223331350e+01 8.327279737800378712e+01 8.475656800127246981e+01
7.467667209977059883e+01 8.157762639783909719e+01 8.476006636927606053e+01
7.444475213249090473e+01 8.158700158499462418e+01 8.486365788785833786e+01
7.358994801891842030e+01 8.147325706688076252e+01 8.497731684754026560e+01
7.444490356113598750e+01 8.326296402924259610e+01 8.686371164693755986e+01
7.519971294670199313e+01 8.404054728156759779e+01 8.758600910860248234e+01
7.444196376546850047e+01 8.338670703223129976e+01 8.756321086185140246e+01
7.543720423649936890e+01 8.357232074195704286e+01 8.761968354372436352e+01
7.539292432779616604e+01 8.448544788835400254e+01 8.849772909588304515e+01
7.552186125037826514e+01 8.445969814934589692e+01 8.838534540218439872e+01
7.659827084187756441e+01 8.520457458897264758e+01 8.934858793326182536e+01
7.392841165129010506e+01 8.352442900512045298e+01 8.685021669557457358e+01
7.510314940598858868e+01 8.443932131148145004e+01 8.771171683968840682e+01
7.422950515552334139e+01 8.365842180727899802e+01 8.678157705059172145e+01
7.379715552466737449e+01 8.351435878680551639e+01 8.646779448392894096e+01
7.185253602784300142e+01 8.184993253592864448e+01 8.474603573913029209e+01
7.177684131016471270e+01 8.175887846439673012e+01 8.362307437838541091e+01
6.881966139645177805e+01 8.008040435509334998e+01 8.277263186523263983e+01
7.065879857784952378e+01 8.096461865860034379e+01 8.363758970974721763e+01
6.842864265800186274e+01 7.931966438573958555e+01 8.271633859325591231e+01
6.835180976546435261e+01 7.954658412766117692e+01 8.262614284629955819e+01
7.074223551296803691e+01 8.295531380406869459e+01 8.494335297436593635e+01
7.067614932558237228e+01 8.124444760767525509e+01 8.493930171848083432e+01
7.164229207833533053e+01 8.216260977583240788e+01 8.660364799134097780e+01
7.191009557162217902e+01 8.305784914027425714e+01 8.650819862930266879e+01
7.330288274457522846e+01 8.329586051186903717e+01 8.752260546067996927e+01
7.265244900184086418e+01 8.172075007559639914e+01 8.682136141255861617e+01
7.551138954483526788e+01 8.400291758649794360e+01 8.840232818554348171e+01
7.554094269854248012e+01 8.411739572199309123e+01 8.843381420907357437e+01
7.793295542826436417e+01 8.507987635265833148e+01 8.940997911115385932e+01
7.804031643347641989e+01 8.514262769445774381e+01 8.946183897272024410e+01
7.831811363242645996e+01 8.419829276042054289e+01 8.947398517443363630e+01
7.751830486926994013e+01 8.519545641871157216e+01 8.867177559036557000e+01
7.795256480452115966e+01 8.526763258974611404e+01 8.804623368326359412e+01
7.746014098852745633e+01 8.542395592971651297e+01 8.831679077778747455e+01
7.733315459344845522e+01 8.538290494240609974e+01 8.834854965095127000e+01
7.889777861340009224e+01 8.774603574102421533e+01 8.992711523597969858e+01
7.729660850205280553e+01 8.689505384437238433e+01 8.909973356416352885e+01
7.723589311954900438e+01 8.683776597531077357e+01 8.901262551605569229e+01
7.470473816445802129e+01 8.513599263118278770e+01 8.647344763621694597e+01
7.476669257396466151e+01 8.420122335783879919e+01 8.576607025206091350e+01
7.461638445243957563e+01 8.498166908197347880e+01 8.568849354508219562e+01
7.419242703400874461e+01 8.476786732581035722e+01 8.549465973107579941e+01
7.475758326045514934e+01 8.553467963967578669e+01 8.620372982846863863e+01
7.443525818615601963e+01 8.376278581801152257e+01 8.611089490096949817e+01
7.415487415909825586e+01 8.434097165869030732e+01 8.583543826865471260e+01
7.320829937536387888e+01 8.351664192849574420e+01 8.514629197831035867e+01
7.395092533434950610e+01 8.358498231809443269e+01 8.516877018652097320e+01
7.257496737853675484e+01 8.267254937373091650e+01 8.435739314077946460e+01
7.488229289551702550e+01 8.509339706546624882e+01 8.597738982326166024e+01
7.413438356599552037e+01 8.523660897423569338e+01 8.592189983573334189e+01
7.405239999663874073e+01 8.511646706778986982e+01 8.593559249130672129e+01
7.447092367678655478e+01 8.608549221483653469e+01 8.696488917639436522e+01
7.428230038379014388e+01 8.616753755170651630e+01 8.704387733544422190e+01
7.503208865753808254e+01 8.690973374155747422e+01 8.619355356619686859e+01
7.585516646234114546e+01 8.778497991675894241e+01 8.707879621846834084e+01
7.560914047512834202e+01 8.767502288136421384e+01 8.696394941264080103e+01
7.661726254384674917e+01 8.856715887136842014e+01 8.792654004328628048e+01
7.693428866029049118e+01 8.856073165847189443e+01 8.786275687396479839e+01
7.693678796648239882e+01 8.853625612650252208e+01 8.875018504837444766e+01
7.530961786842767935e+01 8.766280894123735834e+01 8.886922753090311744e+01
7.297531039918918339e+01 8.544578172711329955e+01 8.744349613431579371e+01
7.277013101661547978e+01 8.381018519132221911e+01 8.657225650302720510e+01
7.279601479249859608e+01 8.368113453216690800e+01 8.646520999194446233e+01
7.106901179378412792e+01 8.374509964520086669e+01 8.648777450605695094e+01
7.106489195004779447e+01 8.214034608453496844e+01 8.483405529540280554e+01
7.225158796631146174e+01 8.316487328794951850e+01 8.572071419255314595e+01
7.110996232260704630e+01 8.233135037087599528e+01 8.477229376184195075e+01
7.032548876876855104e+01 8.152353140785942287e+01 8.391961514969845837e+01
6.974965200049690850e+01 8.077587705728498690e+01 8.396343808563148059e+01
7.245003014287949838e+01 8.234859144503290906e+01 8.476234952334657180e+01
7.521223430946629662e+01 8.407946307581514134e+01 8.640612034597117486e+01
7.462477563431619387e+01 8.330121696256826169e+01 8.569525522515985472e+01
7.185637297073847662e+01 8.065782864718198653e+01 8.301362194569651365e+01
7.279616437389424277e+01 8.072400681071809458e+01 8.385210045392280165e+01
7.233541646335761754e+01 8.256799340416496591e+01 8.567088912689015956e+01
7.164519161748415854e+01 8.163941381405743414e+01 8.482451936459833064e+01
7.109008301977380029e+01 8.144990193796411404e+01 8.462416074384228182e+01
7.130146485700575454e+01 8.242019383599999571e+01 8.558323381066088587e+01
7.111465856396364416e+01 8.233062920199664347e+01 8.464620006358177307e+01
7.066524910498512213e+01 8.139010825209246036e+01 8.445647852377649656e+01
6.890516471242473528e+01 8.043159436411932006e+01 8.192098408931934728e+01
6.955339752592108482e+01 8.113273118344447710e+01 8.253759736886316034e+01
7.262146509450143128e+01 8.216541407071458991e+01 8.448655433780899671e+01
7.080729517898954839e+01 8.028213207260780848e+01 8.268534768249838862e+01
7.139915589154000486e+01 7.928311733307756981e+01 8.249184135695394104e+01
7.130350181369699669e+01 7.935872370531851061e+01 8.252465188310149813e+01
7.304686826641901121e+01 8.035550960216382066e+01 8.354036845829321578e+01
7.369566318097237456e+01 8.014809559589475896e+01 8.342442178118997731e+01
7.310790468224124083e+01 7.932278617429736300e+01 8.270301775251456888e+01
7.172889063146254784e+01 7.942493493253496695e+01 8.275638905595928918e+01
7.343282779556031414e+01 8.041534581257336356e+01 8.457954702868235586e+01
7.438216122386860718e+01 8.219977357744767232e+01 8.546331781223139501e+01
7.422175301374878131e+01 8.380481736496592760e+01 8.614789606687303092e+01
7.694455224076777711e+01 8.638632039754597258e+01 8.775248823812310661e+01
7.630414171935757395e+01 8.725440135655131257e+01 8.701572123159490957e+01
7.659902635391958370e+01 8.812827694532674627e+01 8.698679469359240102e+01
7.607152177897087597e+01 8.663692050280938872e+01 8.627894748010406545e+01
7.704078238237494247e+01 8.668693729366994205e+01 8.702460932524354575e+01
7.802852224836840378e+01 8.749300801877930667e+01 8.771209639664979818e+01
7.888507366069943316e+01 8.755354651974667490e+01 8.688795834078787550e+01
7.560771389540464327e+01 8.577195378136812565e+01 8.497057567121706256e+01
7.574938102583006128e+01 8.475816017407035474e+01 8.501828926708728318e+01
7.595388372273950495e+01 8.484302522286057524e+01 8.503451289371321309e+01
7.589463436773425542e+01 8.482144003912597441e+01 8.505096676841762360e+01
7.511206787836192689e+01 8.313974942727908513e+01 8.418045153496788657e+01
7.573907318067311678e+01 8.307997701144269342e+01 8.497347736964880482e+01
7.438783146785760891e+01 8.365998878990978938e+01 8.477636723615987080e+01
7.359713642558668312e+01 8.459981188872811231e+01 8.495351624827776504e+01
7.198992390216018578e+01 8.402526407322378077e+01 8.520775481707835297e+01
7.174056895082279084e+01 8.315086678723044145e+01 8.520544451565282884e+01
7.297318982895399131e+01 8.383075860141663327e+01 8.676863404974484695e+01
7.202777034537294298e+01 8.399371808243695625e+01 8.594820701864558998e+01
7.096217494022053529e+01 8.311988979691393808e+01 8.516184550346903848e+01
6.839504009555051312e+01 8.053079423088263411e+01 8.275025516829242633e+01
6.917450520610694298e+01 8.135950395652909606e+01 8.368654406800158085e+01
6.926169422867488379e+01 7.979244672526392890e+01 8.370098063625917462e+01
7.103259572389991661e+01 8.074188990099563057e+01 8.463147689975303933e+01
7.080537892722622928e+01 7.972613085079532880e+01 8.374784730190432924e+01
7.106459709866456365e+01 8.018442922425434460e+01 8.333257162167151932e+01
7.101066892781008733e+01 8.085621371102031674e+01 8.319806835716970284e+01
7.187431773817040437e+01 8.173709480300749419e+01 8.319172835926286780e+01
7.165461085592809809e+01 8.157563612454623581e+01 8.302988751433639436e+01
7.075951238889061301e+01 8.082340495786006329e+01 8.225545752515401432e+01
7.146453790451793964e+01 8.181742623864532504e+01 8.383724065473947462e+01
7.199362320124546955e+01 8.178337603625404029e+01 8.379821443266850167e+01
7.097723049414480556e+01 8.261755058809652041e+01 8.387309190012305748e+01
7.118721975748401576e+01 8.182365705930492084e+01 8.383599210264536339e+01
7.047377363328941158e+01 8.022442689745177802e+01 8.296795546226280749e+01
7.117497718222877268e+01 8.024353976511483211e+01 8.311675220473695447e+01
7.184232638681503147e+01 8.120084384847960735e+01 8.404277819260049398e+01
7.167017472243338716e+01 8.118002063984695837e+01 8.413384716048912537e+01
7.256728956770361094e+01 8.210486659343641236e+01 8.517151375545910241e+01
7.252799371493088643e+01 8.199706967245330702e+01 8.512125041458570252e+01
7.424519627200095329e+01 8.357490468217102375e+01 8.591186480548191184e+01
7.317615399621995209e+01 8.256457763744953127e+01 8.655297523201525678e+01
7.227757799902464342e+01 8.241909838051772397e+01 8.559213080412848740e+01
7.209333791543721759e+01 8.249681028745200706e+01 8.575096233620156738e+01
7.351743296409986783e+01 8.402855313057129649e+01 8.650304060678392659e+01
7.431747341880625868e+01 8.408170665764244234e+01 8.732881368455485926e+01
7.433501096725861146e+01 8.400891162547293334e+01 8.729651716515995474e+01
7.479685180396386102e+01 8.409572379213028626e+01 8.818828299277306826e+01
7.388989045227458519e+01 8.410883099865375812e+01 8.807358215596579498e+01
7.460496845577111458e+01 8.418662161739705141e+01 8.815829378543961070e+01
7.360999620735961457e+01 8.322438998628479112e+01 8.732766815235726199e+01
7.473885897765205755e+01 8.515072914991711173e+01 8.747709815630821595e+01
7.489691906176732061e+01 8.447698068451214226e+01 8.678060461664144043e+01
7.219428216543033727e+01 8.344378781368672549e+01 8.413539194421353784e+01
7.236525120252809984e+01 8.425966679739330800e+01 8.502213943687033293e+01
7.077370455272406957e+01 8.422907924130387869e+01 8.503997598590422058e+01
7.079270579845923805e+01 8.344579813031046456e+01 8.516775118895088781e+01
6.699388630071217676e+01 8.170745247414825485e+01 8.272211571595764212e+01
6.777194916479209041e+01 8.086183369110726460e+01 8.276274402112554185e+01
6.856597807223644736e+01 8.240486548963289692e+01 8.424793030952852746e+01
6.951329232834955008e+01 8.339985434966807532e+01 8.526600442571762528e+01
6.862352270178244851e+01 8.178791595862233521e+01 8.451285321579260312e+01
7.004127265393336188e+01 8.332461967388583446e+01 8.610192750390623928e+01
7.176927645626214769e+01 8.412719023706405608e+01 8.776962617472845807e+01
7.167821054316934237e+01 8.423969139247203941e+01 8.777433786869380583e+01
7.172891904339783764e+01 8.348731950871311369e+01 8.620509817385169526e+01
6.927176620723466272e+01 8.168810458657161178e+01 8.446961028550929029e+01
7.349190497706908332e+01 8.404259270416491745e+01 8.677650628939439059e+01
7.355843455963950817e+01 8.487327054650806701e+01 8.677526830221397347e+01
7.282898068399533997e+01 8.407566867351441431e+01 8.592619812786685429e+01
7.189907422995206332e+01 8.322885739740668498e+01 8.595448799436520915e+01
7.272836134056798585e+01 8.468354172230665711e+01 8.665005435083821794e+01
7.288810985422662725e+01 8.479590009773758652e+01 8.673599061813027333e+01
7.374750813939537863e+01 8.564354600145559004e+01 8.754487295134896385e+01
7.279304890311155418e+01 8.566352374185677832e+01 8.758793408124041946e+01
7.266689227998040224e+01 8.573748078364010894e+01 8.851909128378170522e+01
7.483038554732783609e+01 8.823632678413027008e+01 9.005775849468602701e+01
7.351940887934564728e+01 8.836690237003605830e+01 9.009805144417580891e+01
7.354529554283220705e+01 8.842232913832414454e+01 9.014509834474020522e+01
7.430302069973338064e+01 8.937966931510368340e+01 9.123923124796829143e+01
7.420207906878069082e+01 9.011297300945490463e+01 9.120426253511844550e+01
7.347190724660416095e+01 9.023679634561992202e+01 9.124835062405121278e+01
7.336544490213444192e+01 9.016621836553008507e+01 9.118816260969420284e+01
7.323665005691366048e+01 9.005172389346309103e+01 9.107658737645400038e+01
7.246429897127538311e+01 8.826740598982840424e+01 8.928660328581402439e+01
7.414838182357628682e+01 8.991484584906406496e+01 9.003508996065099268e+01
7.259576109887024131e+01 8.837867194131091253e+01 8.928914938787011124e+01
7.376894840084045768e+01 8.837449137630778750e+01 8.940124972073431309e+01
7.179245838674836477e+01 8.822497874123777706e+01 8.925944300443617863e+01
7.015083328944420771e+01 8.739400300755542617e+01 8.921743428798622233e+01
6.998136696815211621e+01 8.489441770741154869e+01 8.752450080512032571e+01
6.901449991079422830e+01 8.390636508086286938e+01 8.662518715558947235e+01
6.887462004181774944e+01 8.369199986225605414e+01 8.650201340845470099e+01
6.873670800444919848e+01 8.369292035652350137e+01 8.652927849426069429e+01
6.861140650396575325e+01 8.537254235762172527e+01 8.749005403254862756e+01
6.762524382658787658e+01 8.442505725272459927e+01 8.657196174844446546e+01
6.893843157926082199e+01 8.589376954360466243e+01 8.657664831238528791e+01
6.817512795930473146e+01 8.508258207954995100e+01 8.651347887595922259e+01
6.749170419804998744e+01 8.359423871898420089e+01 8.503297171539385602e+01
6.800807523783637976e+01 8.425260739371482543e+01 8.498105732632352272e+01
6.830203552851060067e+01 8.606437260974624337e+01 8.587384506052129041e+01
6.888111232880893908e+01 8.709736246052872843e+01 8.686281877866569801e+01
6.803040006084287938e+01 8.565483300729900407e+01 8.538229178014042020e+01
6.704498743970674468e+01 8.487839790137127238e+01 8.463013414522372102e+01
6.684545745109060988e+01 8.324267296952760375e+01 8.466001280895319780e+01
6.719226868920679863e+01 8.333114815520403340e+01 8.470452338259033809e+01
6.660684296674914151e+01 8.342766200236090413e+01 8.558359521801753544e+01
6.731770830559780450e+01 8.421914624042697994e+01 8.557124949708494910e+01
6.789948223537820127e+01 8.485398613021780534e+01 8.627264114393409500e+01
6.805240946690830128e+01 8.405092021752292908e+01 8.620628463827591759e+01
6.877337342475433957e+01 8.468226823756610600e+01 8.695079951484065361e+01
6.988750758348086833e+01 8.462321812697798862e+01 8.694213442626612220e+01
6.898988242008290683e+01 8.541668939808332084e+01 8.766014767759290294e+01
7.004683586043108789e+01 8.619596262932697073e+01 8.845055566592047569e+01
7.122377235487491021e+01 8.715337723550335625e+01 8.854470402973485932e+01
7.204425140052276788e+01 8.804251625914250212e+01 8.939216174096415557e+01
7.304154836625365022e+01 8.817215835064082796e+01 8.944644000814982121e+01
7.317094637723958783e+01 8.801880236270470448e+01 8.936052710828988666e+01
7.408497830088343505e+01 8.814425766373918236e+01 8.945307572525382511e+01
7.385947339443113435e+01 8.884498024964723584e+01 8.948323527609616690e+01
7.314688162593310494e+01 8.902213992462721137e+01 8.963167076470583083e+01
7.303734029316915155e+01 8.896446000316467462e+01 8.959488942397439359e+01
7.458677172981153092e+01 8.974515832301509022e+01 9.054298837427860747e+01
7.444451169789951450e+01 8.906689906518575128e+01 8.992370036016707502e+01
7.346161635581913174e+01 8.814370350646515817e+01 8.893750190954406776e+01
7.305356000354994706e+01 8.780769932946176937e+01 8.874276572727266910e+01
7.139195790218086302e+01 8.612732441282409468e+01 8.710278173676201163e+01
7.139944404218773855e+01 8.629808669464154036e+01 8.716338325648432317e+01
7.230397911944066891e+01 8.713159467451673379e+01 8.797128413747702780e+01
7.326158219392878834e+01 8.728666679946867646e+01 8.796133958398708330e+01
7.393293330843259525e+01 8.727669809696863013e+01 8.795191761597877189e+01
7.148798354772000607e+01 8.569091382083993835e+01 8.705228402109504771e+01
7.067456230281837293e+01 8.477320549326316268e+01 8.594213010364964589e+01
6.845530506132412540e+01 8.398712428677644937e+01 8.583547282090528086e+01
7.020231159069257387e+01 8.482252844212356990e+01 8.763402384232217912e+01
6.938351085268347163e+01 8.408698875252997595e+01 8.682777124216870845e+01
7.021111965328448434e+01 8.481083476440923619e+01 8.763131754528303929e+01
6.990203623000761013e+01 8.396659385779310014e+01 8.673258597961923044e+01
6.891921753923570293e+01 8.290728111306923154e+01 8.585411989654903664e+01
6.894257592940502377e+01 8.281272388931726880e+01 8.582526379267918060e+01
6.919382082818424351e+01 8.297197350693772933e+01 8.585824836919063330e+01
7.137860700311975393e+01 8.369874958215106631e+01 8.662938863147402913e+01
7.155271538174943657e+01 8.384373355487343815e+01 8.774024167316945011e+01
7.400830847247218003e+01 8.556128631241622884e+01 8.868980107331296381e+01
7.412144379700647789e+01 8.568826704725540822e+01 8.871259775440441331e+01
7.349387607844525405e+01 8.501760623949446938e+01 8.814056913544591509e+01
7.452278440846258434e+01 8.590350096867818763e+01 8.892451849777003758e+01
7.483339031664245056e+01 8.660493398683192368e+01 8.994891636143140090e+01
7.475494111482669268e+01 8.676026899856383068e+01 8.999266999704879311e+01
7.415093562733842703e+01 8.596331669795425512e+01 8.917720994817338465e+01
7.384270564671172110e+01 8.564777074787558320e+01 8.894172681370628197e+01
7.316435455756150930e+01 8.563261935738347574e+01 8.915086340918956864e+01
7.295272426819062161e+01 8.549451508259645038e+01 8.834193705504102923e+01
7.270051602057932882e+01 8.442937589087783579e+01 8.826251160323991485e+01
7.177181409569458026e+01 8.447615573077339945e+01 8.745722060609509185e+01
7.260983546014529111e+01 8.527412714949322492e+01 8.821766246702190983e+01
7.176520475164070945e+01 8.525254274120099751e+01 8.823332731760260117e+01
7.106134036610075100e+01 8.441559846127431399e+01 8.726071378551014845e+01
6.994989295838372811e+01 8.535608478157668344e+01 8.815010229901746186e+01
7.075147585665067140e+01 8.533513985100735511e+01 8.812169827225969243e+01
7.027076138636965652e+01 8.386754814990536033e+01 8.673032086302109178e+01
7.035756353620001846e+01 8.476432462269042389e+01 8.663867093726486246e+01
7.069656034587420379e+01 8.494203865096024231e+01 8.657376481092458675e+01
7.093505566936048012e+01 8.584502378194717664e+01 8.651150435036700515e+01
7.096056845566673132e+01 8.562788480588675100e+01 8.720388596377331680e+01
7.087112369569670989e+01 8.554496941644136143e+01 8.697324686048716558e+01
7.153293993381512905e+01 8.484202399741278100e+01 8.696686527081388363e+01
7.140206980426907535e+01 8.559781424720392806e+01 8.780192046574417475e+01
7.276584690963960611e+01 8.557023716413692682e+01 8.783254810551959224e+01
7.190016827755829354e+01 8.649467396946967312e+01 8.866159024393272148e+01
7.104985953768927232e+01 8.715141647926624557e+01 8.933437736518649785e+01
7.137570239237494718e+01 8.711312945796751706e+01 8.934165694687075643e+01
6.984551796345930086e+01 8.625175422292277005e+01 8.861664780860920132e+01
6.912504528667166426e+01 8.539335394119885336e+01 8.766243419040090146e+01
6.918575020218230520e+01 8.615679331927616147e+01 8.764895092596631798e+01
7.045329817335708356e+01 8.638322441278614860e+01 8.874910299604434272e+01
7.042130724561761212e+01 8.707284387258167158e+01 8.874254123551310158e+01
7.059437249000470160e+01 8.628858020623911784e+01 8.790390685876191412e+01
7.157511929566159381e+01 8.619994509011220885e+01 8.783991498570098599e+01
7.071636213951877892e+01 8.531901242596345014e+01 8.706803534580399173e+01
7.146363142067174579e+01 8.547315557380646567e+01 8.722724063794061067e+01
7.039215521447442825e+01 8.448910032577629181e+01 8.622899465318275247e+01
7.182353622995942999e+01 8.521079330265807528e+01 8.693711767495129550e+01
7.199851251930664375e+01 8.519248826946881081e+01 8.695261265857433841e+01
7.193621260645529958e+01 8.440708026193837554e+01 8.683413309229429444e+01
7.167742997233808921e+01 8.496586467700561229e+01 8.677082351346135169e+01
7.162726604765818195e+01 8.480815963314248052e+01 8.670919368817462214e+01
7.065196001797133363e+01 8.410293746855339236e+01 8.670420809820313934e+01
6.784310308698809422e+01 8.150573216132627863e+01 8.495912152671395745e+01
6.843495315816218749e+01 8.150471399533064698e+01 8.501966932803681232e+01
6.676969067887533527e+01 8.143763565505877011e+01 8.497668472977379395e+01
6.831975841219954759e+01 8.230922588281360675e+01 8.584707633182613051e+01
6.815727803938088414e+01 8.305213602072517176e+01 8.662960723293588217e+01
6.770131988678230073e+01 8.206067609139759611e+01 8.659269427563887689e+01
6.852763129546070786e+01 8.289192047034092070e+01 8.665787366592591923e+01
6.742973473616318358e+01 8.228008503761371628e+01 8.664767270414347422e+01
6.656888400566876385e+01 8.241606818610003415e+01 8.671608711644833534e+01
6.821661141029132125e+01 8.309537337072902119e+01 8.756983246817306110e+01
7.080481946902408197e+01 8.555143125140074289e+01 8.917962573224600931e+01
7.185657919248095027e+01 8.637435045735414008e+01 8.991588141738074569e+01
6.953718377569147435e+01 8.311933746649897614e+01 8.653450918694656480e+01
6.867520325399524950e+01 8.000425470636083958e+01 8.416927786760641084e+01
6.940424885226283891e+01 7.935634289687655496e+01 8.411717045366019363e+01
6.944775232201422455e+01 7.960867507555016687e+01 8.426652435682170506e+01
6.942974299094393587e+01 7.951023549724705219e+01 8.426373234881606322e+01
6.965945164284369184e+01 7.937039529353698697e+01 8.341632075964744786e+01
6.877657334231096797e+01 7.766298436934869187e+01 8.160569881927574443e+01
6.873887919154604731e+01 7.854279307046866165e+01 8.159374702197611384e+01
6.808596314614666767e+01 7.698585611064514467e+01 8.086060388792780884e+01
6.787834309407259070e+01 7.687804365237721527e+01 8.079813247508016616e+01
7.164836640135975188e+01 7.992969172336526640e+01 8.400924466136885371e+01
7.232695649588217179e+01 8.301775914104231902e+01 8.647654204005597478e+01
7.265028475426700538e+01 8.376229037807978273e+01 8.655535122032385686e+01
7.360033119201705176e+01 8.533042303374068638e+01 8.739259855325305182e+01
7.302589676743117764e+01 8.472871768416179350e+01 8.756823310012660500e+01
7.206588440909362703e+01 8.380473668494974504e+01 8.674306737796389655e+01
7.386017240877595214e+01 8.546583349983704636e+01 8.847114988009336400e+01
7.292201000224717689e+01 8.463211101782188450e+01 8.759535023654862584e+01
7.279679836287880335e+01 8.545366456930312893e+01 8.760916832011001532e+01
7.292930213621694691e+01 8.543541474858923834e+01 8.769446520616415341e+01
7.309155744562568202e+01 8.557472294500766452e+01 8.757229404685043050e+01
7.156851195174299107e+01 8.403968221279998829e+01 8.676344390665224182e+01
7.069106887039217213e+01 8.331243306115220548e+01 8.594643287267318499e+01
6.954213031596000860e+01 8.241562765752128428e+01 8.499763739431736553e+01
7.033703073875693690e+01 8.306179170910822052e+01 8.486838256127154523e+01
7.209677056615362289e+01 8.482773518171261173e+01 8.646119707176572433e+01
7.113995118681228291e+01 8.397663968436997095e+01 8.563271156766276704e+01
7.151065883005954049e+01 8.407695400957821619e+01 8.572222295304516138e+01
7.253183112533056942e+01 8.487160811755980205e+01 8.656163196018599137e+01
7.166936919680168216e+01 8.405542107948834030e+01 8.555847280191808579e+01
7.159169136574828940e+01 8.398848887125934937e+01 8.568959283099270863e+01
7.303950442344951455e+01 8.539515718433179359e+01 8.643726618319328736e+01
7.306624310952243206e+01 8.462134242819192309e+01 8.739805328245370220e+01
7.415208590846475545e+01 8.545028241827769477e+01 8.835011218517674081e+01
7.339864762487719929e+01 8.474066898508041845e+01 8.763796437307993870e+01
7.256780225886554092e+01 8.385986502829771894e+01 8.687848403302969302e+01
7.271247037448861761e+01 8.397946040341221874e+01 8.704266249841805347e+01
7.167330345115786372e+01 8.472711648547468144e+01 8.782979142996232724e+01
7.159280970071148431e+01 8.477781902023112082e+01 8.689246049881873546e+01
7.163390181845639404e+01 8.571925180249085940e+01 8.790469004242936535e+01
7.093431361051632678e+01 8.687008231379093104e+01 8.797690655003961524e+01
7.047251641841914704e+01 8.703090720555641724e+01 8.795737957969700460e+01
7.118517708461203597e+01 8.848887172370527310e+01 8.783434993694842774e+01
6.872848323537698434e+01 8.692291714352850818e+01 8.701468984100087312e+01
6.855415567418873479e+01 8.687518678455559495e+01 8.701132293651568261e+01
6.871878259991680693e+01 8.782767666419971420e+01 8.786519870849932090e+01
6.949880327649779588e+01 8.846558657962566485e+01 8.853209188874060942e+01
7.020451453735672942e+01 8.765083735091623396e+01 8.781125275984592804e+01
6.940623217045080651e+01 8.748875531537107975e+01 8.866269037000270714e+01
6.914595204123476435e+01 8.660445117614926858e+01 8.773088397349212642e+01
7.083858493915043653e+01 8.640052046666644969e+01 8.853375460171487532e+01
7.142614789966189903e+01 8.652531861789631762e+01 8.855290818200244018e+01
7.156288058560843979e+01 8.650533917729893574e+01 8.854220466001227408e+01
7.301570248116824757e+01 8.729096475706704439e+01 8.846700906563319222e+01
7.377278443313811351e+01 8.815258450127016943e+01 8.930075681254025710e+01
7.427903442446464055e+01 8.815701225596191648e+01 8.942240119470172033e+01
7.402139480601047694e+01 8.743396133014769589e+01 8.858607204327407203e+01
7.471639025334977191e+01 8.814169211369366508e+01 8.922134210838586910e+01
7.525584310903049357e+01 8.736748714452139097e+01 8.935335263740870460e+01
7.631415553370527505e+01 8.817766894344768502e+01 9.022771382578696375e+01
7.606369546252322777e+01 8.736394471191371736e+01 9.023293370011866443e+01
7.339679172768764204e+01 8.474359210822153443e+01 8.861006129582199264e+01
7.330435235989322962e+01 8.483950461000532073e+01 8.864143734275079112e+01
7.418739291363496591e+01 8.561185307274733702e+01 8.940442033186130288e+01
7.337925617085980434e+01 8.551421431256051164e+01 8.931789563958990641e+01
7.335178148995697711e+01 8.529649768240778940e+01 8.906409410574164554e+01
7.333776229105333755e+01 8.616985934388364399e+01 8.992970416284239832e+01
7.343564762673038615e+01 8.655221658808596885e+01 9.019096181712549765e+01
7.272048639743893261e+01 8.679421242220919908e+01 8.928791058568583594e+01
7.268248876718425322e+01 8.696731984847411923e+01 8.938116039713844430e+01
7.250584138122674460e+01 8.775927539550082201e+01 8.933775997930493418e+01
7.540214172273202564e+01 9.042882534275781836e+01 9.111368370002239203e+01
7.516983992219670085e+01 9.053613421184989818e+01 9.114074988692297552e+01
7.426611535731264269e+01 8.898204384969383796e+01 9.032581061267983102e+01
7.259494473239701051e+01 8.734448133608484000e+01 8.877346169646436636e+01
7.173182113834016604e+01 8.676347385761219755e+01 8.811166664563468487e+01
7.174114829748231159e+01 8.662123948203367263e+01 8.815545923255430694e+01
7.006414295558059280e+01 8.484160568485397391e+01 8.715746673023201652e+01
7.004296365052358908e+01 8.467344565849541027e+01 8.717141539108934012e+01
6.986227166340340489e+01 8.443026077222428682e+01 8.709125012622331496e+01
6.896981467824650736e+01 8.352014431112594650e+01 8.620127971566877534e+01
6.784994839728918237e+01 8.343813653317056378e+01 8.620882635616499101e+01
6.778481559455886440e+01 8.316710977899276713e+01 8.616017618870824890e+01
6.725234550839168435e+01 8.403799452238575896e+01 8.633456305100953898e+01
6.858312475876525127e+01 8.563697477627918886e+01 8.788366041005392049e+01
6.880737028068523387e+01 8.476383991069454282e+01 8.797034004767075999e+01
6.896185307180564905e+01 8.500735387695003453e+01 8.813120075502421003e+01
7.068542587991876758e+01 8.653782440904414841e+01 8.894450443361462533e+01
7.083271115735304591e+01 8.662698814790651625e+01 8.896694691165956215e+01
6.991394869758838126e+01 8.588440965557269635e+01 8.814734164820406193e+01
7.010271303946424837e+01 8.610445581709132057e+01 8.847259737607689090e+01
7.084939142219653263e+01 8.535064747630404725e+01 8.843604712092647446e+01
6.964753528914224034e+01 8.474333572832566119e+01 8.772319337324067590e+01
6.883334947405788284e+01 8.400284542253724851e+01 8.693437791134762449e+01
6.880976966594013788e+01 8.394659999828448349e+01 8.687341710212132284e+01
6.920824733685068963e+01 8.557744001385242427e+01 8.763654835141728938e+01
6.793567338146168311e+01 8.456741824997563128e+01 8.648215903218464007e+01
6.775593863341798340e+01 8.379982178703541251e+01 8.650933597257373719e+01
6.769607053184823542e+01 8.477196746316248266e+01 8.738404159893732981e+01
6.573576265737747804e+01 8.405603245249798761e+01 8.824284700790137492e+01
6.584060593977253006e+01 8.407728771679369117e+01 8.806407052298611404e+01
6.579285897438116137e+01 8.482314269135429186e+01 8.789737665584699755e+01
6.726809791767790614e+01 8.562412383665241578e+01 8.859066609018910299e+01
6.797838037680409684e+01 8.633448575236899103e+01 9.007975081980717391e+01
6.886340913371391537e+01 8.647331639236048773e+01 9.007456575669598919e+01
6.891757238738084368e+01 8.660452866624612511e+01 9.006576261518863191e+01
6.908145422053567586e+01 8.671040729482798781e+01 9.021830169811462952e+01
6.920399720304325797e+01 8.766131748616571429e+01 9.031793609188419225e+01
6.983335648618998448e+01 8.744287173239676747e+01 9.031451714139959108e+01
7.188510250410148217e+01 8.827751272193356158e+01 8.961382366856604165e+01
7.256139396502341299e+01 8.898849362746879876e+01 9.042188390067460091e+01
7.181027370391041131e+01 8.818906717885083424e+01 8.972927583605650170e+01
7.023948573994667299e+01 8.648891632325103274e+01 8.902843028075866982e+01
7.089706532463374344e+01 8.734525834270979772e+01 8.909235475740710797e+01
7.006244991016401968e+01 8.654166698712505479e+01 8.842765057230454318e+01
7.011537353022508512e+01 8.636087143119449649e+01 8.840236075510468083e+01
7.139645544159992596e+01 8.727639379674720033e+01 8.931358449200119765e+01
7.150358781471743441e+01 8.723310872788442794e+01 8.942129489947248544e+01
7.074363421113375239e+01 8.649841253197416790e+01 8.859408921142841109e+01
7.088147459228662228e+01 8.653870627299058071e+01 8.845462916167826961e+01
7.110205792265244895e+01 8.653146173651796857e+01 8.852445576801193283e+01
7.097697277695169760e+01 8.641169246313401686e+01 8.852607871430905107e+01
7.225617402606521011e+01 8.805514255063746987e+01 8.914256756957811945e+01
7.326137130921306095e+01 8.800839385315647689e+01 8.907375464405181731e+01
7.256281343566305964e+01 8.717918422427932512e+01 8.895539124648581719e+01
7.185576404472011802e+01 8.636220051821518950e+01 8.814371428672328079e+01
7.166294467149073455e+01 8.627586422955667445e+01 8.809114267829423284e+01
7.103790421240570652e+01 8.531669206016970008e+01 8.717788623244589985e+01
7.178573840005542195e+01 8.597296575908502803e+01 8.782487794366907963e+01
7.225242927847710916e+01 8.670054739695076762e+01 8.867303888574785731e+01
7.122691979841275156e+01 8.590191966014518243e+01 8.861206851850911903e+01
7.127836847302202727e+01 8.606776450716922966e+01 8.866317375232824816e+01
7.068631767227228124e+01 8.517805102718411092e+01 8.784128534408732492e+01
7.066400354288694530e+01 8.520623140775332161e+01 8.794250871621358101e+01
7.226384731428943553e+01 8.675268670071469046e+01 8.873324128049699766e+01
7.342955779357363610e+01 8.766559465424718667e+01 8.955533133700969017e+01
7.359022319965187364e+01 8.775124980229304583e+01 8.971241941622056970e+01
7.283678080549387346e+01 8.781897285743460202e+01 8.971622878092694009e+01
7.294236453411494381e+01 8.798882391707138595e+01 8.993713830544012922e+01
7.371655273720224955e+01 8.802344285495436793e+01 9.001135559258838725e+01
7.211537767445321379e+01 8.629283334089092250e+01 8.824887754031756515e+01
7.290448821163083437e+01 8.616528993653865598e+01 8.907926518319086995e+01
7.208454987915915524e+01 8.626571854780755189e+01 8.926390205999665284e+01
7.126523374121532584e+01 8.542698916126431641e+01 8.845327935112854334e+01
6.968622273977699422e+01 8.464852720122999585e+01 8.758238526979317840e+01
6.915508962561747808e+01 8.458101736691600081e+01 8.738386107215760035e+01
6.886913444492823544e+01 8.440721735304617823e+01 8.714443270120543161e+01
6.926261945611754811e+01 8.459025117080221889e+01 8.808084306539339536e+01
6.929287039118000280e+01 8.445660112193056079e+01 8.796971763111737630e+01
6.880898676852486062e+01 8.367544712983625743e+01 8.787713055928543326e+01
7.112059283457176662e+01 8.607695304957920257e+01 8.948478632725395698e+01
7.102637898130856797e+01 8.690299961918204019e+01 8.947730366321243878e+01
7.185700376758684627e+01 8.697058158682179396e+01 8.944247558668834586e+01
7.180093464144165694e+01 8.616536631724055439e+01 8.932467047466931831e+01
7.277774738240994168e+01 8.625164911789286748e+01 8.944642079387929812e+01
7.258029924061239058e+01 8.611821610645849034e+01 8.949532363131010015e+01
7.248896565704401951e+01 8.586369353819769401e+01 8.941945711256703078e+01
7.246284893031807428e+01 8.635059755849097485e+01 8.920037609639560117e+01
7.217546553994364444e+01 8.642037630072768195e+01 8.922157887614461913e+01
7.216715860493772539e+01 8.720612469338628614e+01 8.927833254527304518e+01
7.222492180182968013e+01 8.663121097488898670e+01 8.948226145250752950e+01
7.244938168982818638e+01 8.664654502573597483e+01 8.931701875573864413e+01
7.244289421966908549e+01 8.743037405146345975e+01 9.013487121415271019e+01
7.288955607500513167e+01 8.906944901192041186e+01 9.022606029267106464e+01
7.255626352778389787e+01 8.913868998398909582e+01 9.028463453641516878e+01
7.283328111723947984e+01 8.928703717076243151e+01 9.027604832609617347e+01
7.230876949579108270e+01 8.882701680805598698e+01 8.961087874811241250e+01
7.332405492644105038e+01 8.882759426834437022e+01 8.959659243882924784e+01
7.336787653587043678e+01 8.878584433292832045e+01 8.950707210831846794e+01
7.318607814545174506e+01 8.862962870383645964e+01 8.932436246254476941e+01
7.168463133128922493e+01 8.859034781564183447e+01 8.859018233056464453e+01
7.095923339721477419e+01 8.776925029624160857e+01 8.784647313863850115e+01
7.159377074289056964e+01 8.777401817592284772e+01 8.780526100443020709e+01
7.109836979920234512e+01 8.690161749989435691e+01 8.775183217448882544e+01
7.109706287217051113e+01 8.690923005078860797e+01 8.771590369075482840e+01
7.030360612070320769e+01 8.607462595040824738e+01 8.706919589550444982e+01
7.015831962245547970e+01 8.613846958128866049e+01 8.720907089962415171e+01
6.975773847319366894e+01 8.550784806627778778e+01 8.639267578331266861e+01
6.884886315293738335e+01 8.469117174856926056e+01 8.563040082488085147e+01
6.894872759689538100e+01 8.478800979977050645e+01 8.584644004148609042e+01
7.061248362844176540e+01 8.551800345658634228e+01 8.652653168546360973e+01
7.157678511417135780e+01 8.650565426697090743e+01 8.747850750965933742e+01
7.066674601293868818e+01 8.561753108652598598e+01 8.668508221573742389e+01
7.134191756776687043e+01 8.634758667341746730e+01 8.751126036730326518e+01
7.233022319455101012e+01 8.706673393779665560e+01 8.822843264942250130e+01
7.306911477681606470e+01 8.796302626221388721e+01 8.894095909958930690e+01
7.407400491522841435e+01 8.892474895119480038e+01 8.977745834814945169e+01
7.421302284282185724e+01 8.968044011978602725e+01 9.066285704872639428e+01
7.538726681430590304e+01 9.063353458885428893e+01 9.142964540662063655e+01
7.373193194260994687e+01 8.897715388537731940e+01 8.967209943008950290e+01
7.342672623788105568e+01 8.898488707603073067e+01 8.966794497268685404e+01
7.325484924462416814e+01 8.887997968251556813e+01 8.962123047240616813e+01
7.417636987090830303e+01 8.980105776288563391e+01 9.046401180268433961e+01
7.304397755541968706e+01 8.904711470029512554e+01 8.958759780641798898e+01
7.315416937184309631e+01 8.915365487274573297e+01 8.963038750932585685e+01
7.314696761045088635e+01 8.914835327131309839e+01 8.977338481432661865e+01
7.284157253964114886e+01 8.883035628724498167e+01 8.952941312738109048e+01
7.274334028173035449e+01 8.875688677583082153e+01 8.945324145187271370e+01
7.147252067250772711e+01 8.777513459836332288e+01 8.868010374714866373e+01
7.293057061097249516e+01 8.943415750151547172e+01 9.022319921311625990e+01
7.316370174664902493e+01 8.952324207677986578e+01 9.013622141891558215e+01
7.194453941584887957e+01 8.867463048223115152e+01 8.921939176097950508e+01
7.024458558597571312e+01 8.687147011496490734e+01 8.752446623523145774e+01
7.146189233314834155e+01 8.780257395625073968e+01 8.842455425645405853e+01
7.034653218419170173e+01 8.683549194147579442e+01 8.750371027854410499e+01
7.059264385279576004e+01 8.671124416038415461e+01 8.739069648692768055e+01
6.973789186128055917e+01 8.598548441730324043e+01 8.680440817404385712e+01
6.989052517339140991e+01 8.586633233972102630e+01 8.667027667410611969e+01
7.124412218375066175e+01 8.670977716338096286e+01 8.749700155386179290e+01
7.071970567452389389e+01 8.593666184183575751e+01 8.668125865660363161e+01
7.068779613209233048e+01 8.589196236546378316e+01 8.685572799991587090e+01
7.186345541975779838e+01 8.671329307581459034e+01 8.777124361243883754e+01
7.283543476371073666e+01 8.770824445225161980e+01 8.855143179595660285e+01
7.294370328686713378e+01 8.713679401658453116e+01 8.869383916000352031e+01
7.322654502411282351e+01 8.737118003870074290e+01 8.892376436019127084e+01
7.313453505071419158e+01 8.736204879508686361e+01 8.882126272846912229e+01
7.250879455787458028e+01 8.649031396376082625e+01 8.772924357236513515e+01
7.204273070706605608e+01 8.602423185589239552e+01 8.716048747323375778e+01
7.091313258934891905e+01 8.518057245426551560e+01 8.630517337949228818e+01
7.177477549231664966e+01 8.602908199299585590e+01 8.725117213369136948e+01
7.080533251842480524e+01 8.508731412196115684e+01 8.634507068422655607e+01
7.077792202636106822e+01 8.425788664081764523e+01 8.631697847371496835e+01
7.077774018517466459e+01 8.506486437359129127e+01 8.718515361563603960e+01
7.064815807612647802e+01 8.467896232294022241e+01 8.608426424031303270e+01
7.130837232072254039e+01 8.525068845847499688e+01 8.671748822737109208e+01
7.133995209322297626e+01 8.536384202042385994e+01 8.688247859693689179e+01
7.270265486106242747e+01 8.698995626517475444e+01 8.852736568474628598e+01
7.160818619819153241e+01 8.600702897242470613e+01 8.764844602775909266e+01
7.176572976847160135e+01 8.611265481055332316e+01 8.693916667641690310e+01
7.103683779256462572e+01 8.423478621411558720e+01 8.608947535299937215e+01
7.205884834985283760e+01 8.499094572409903492e+01 8.688532921362411798e+01
7.147177242246894480e+01 8.499527260235986148e+01 8.606615754087285097e+01
7.222730621673068185e+01 8.483660331238579033e+01 8.606001255988499565e+01
7.246058196684080599e+01 8.508752053862602338e+01 8.626341674680992355e+01
7.153731860740415982e+01 8.429841719313908754e+01 8.545818919567884109e+01
7.156655052136817119e+01 8.416769900054006825e+01 8.544809020158380974e+01
7.191953749073969959e+01 8.419993953379261598e+01 8.474528035440884821e+01
7.178197268040534595e+01 8.415763568097379732e+01 8.475157920742033468e+01
7.238068507774980276e+01 8.485667905453344417e+01 8.611839734650160949e+01
7.308469468375996314e+01 8.654171059033959068e+01 8.677175082913777260e+01
7.215984640119566507e+01 8.581502140335791751e+01 8.602075229236248788e+01
7.267455556890789126e+01 8.663725105041270069e+01 8.683667305821256832e+01
7.110842000064204171e+01 8.506793993766238771e+01 8.516461663126128201e+01
7.020990776879600048e+01 8.573197950920535959e+01 8.583676002263914029e+01
7.031904638451260325e+01 8.578189823333272557e+01 8.678460296675908126e+01
7.012390757067008451e+01 8.505368026643284907e+01 8.584515471846805212e+01
7.009163463800118166e+01 8.343606975237148049e+01 8.669160643287598589e+01
7.018646348410865698e+01 8.347499601552559056e+01 8.667057031079755802e+01
6.973411325957235363e+01 8.272255061470855253e+01 8.603060708278687230e+01
6.978930245780043151e+01 8.287187321079559865e+01 8.618349348443607028e+01
7.065479035067698987e+01 8.360565166419364402e+01 8.690396072964310292e+01
7.093169783497498315e+01 8.354049730306751087e+01 8.687470112028600511e+01
7.175050010244748933e+01 8.430515582735077373e+01 8.839170399322422611e+01
7.158923225739718532e+01 8.343315764322372274e+01 8.770682807031359118e+01
7.251289324873798137e+01 8.443863163067534572e+01 8.769380195530875710e+01
7.155010043550535670e+01 8.409564706002001344e+01 8.757644731703911134e+01
7.132915339723771808e+01 8.562141036277787975e+01 8.747350241863424003e+01
7.295014083291685836e+01 8.722668717582666886e+01 8.898509513403726601e+01
7.284731378697073012e+01 8.733363292113887155e+01 8.898692798823650207e+01
7.295249146008450225e+01 8.738369106875258296e+01 8.908010206930106278e+01
7.317860063828392470e+01 8.754977189910917446e+01 8.903717231521147824e+01
7.323520510719011156e+01 8.768018068093152806e+01 8.907096775495683971e+01
7.403730417051632173e+01 8.845893000478722001e+01 8.911527796329957596e+01
7.498365690456878951e+01 8.929309797694907047e+01 8.986478556745180413e+01
7.452536559737941957e+01 8.836635247712190733e+01 8.986304863131583431e+01
7.576397507985346635e+01 8.962436439096867957e+01 9.089470183085913391e+01
7.528502061178213012e+01 8.814293999088667420e+01 8.934556915859431570e+01
7.513700209527351603e+01 8.813061281680452907e+01 8.936403791596534063e+01
7.506802748984937068e+01 8.811692606917047499e+01 8.947060608974925344e+01
7.419944923457873642e+01 8.729006855339025606e+01 8.873676045498912401e+01
7.252712541184790496e+01 8.563123930614911217e+01 8.711667890889219734e+01
7.240379040471135852e+01 8.548535906815695284e+01 8.704249387592354026e+01
7.172854921646663229e+01 8.484332961038712995e+01 8.631301728384924843e+01
7.003295998014611712e+01 8.403022037698785596e+01 8.641699335113074198e+01
6.957194901986078150e+01 8.385905680660940220e+01 8.552626950348613377e+01
6.879633308748549325e+01 8.293465878278132664e+01 8.465290975044388233e+01
6.889508504232892960e+01 8.440938390016279413e+01 8.621516904936454750e+01
6.839897560137970345e+01 8.363813490826741770e+01 8.544361303308508582e+01
6.836014538762540838e+01 8.351919249258671130e+01 8.542399540548026948e+01
6.852289765754711937e+01 8.351164578226168089e+01 8.622283969335435927e+01
7.027480167148402757e+01 8.421643888718750759e+01 8.706275542919426869e+01
6.789266530586111514e+01 8.175344635589928544e+01 8.463563058234169034e+01
6.782897356590565607e+01 8.164967745178273617e+01 8.453437707741751694e+01
6.966094804602809631e+01 8.236636468195227678e+01 8.349515159368709760e+01
6.999742753463188194e+01 8.163350406638417667e+01 8.351083821314666977e+01
7.011768227896598660e+01 8.159550470701547908e+01 8.362140810990761963e+01
7.059295075643872508e+01 8.153281621429357529e+01 8.260004717802885921e+01
6.973582330221074699e+01 8.154302470711844819e+01 8.248852101648473933e+01
7.071025024443893869e+01 8.239018255833562421e+01 8.327250255716460003e+01
7.043812302273897785e+01 8.155979189224966319e+01 8.226296628609394190e+01
6.953758448324154529e+01 8.252650470015829853e+01 8.306749651273956658e+01
7.077960018675562992e+01 8.417484566281034120e+01 8.454768134878213459e+01
7.097165303336684872e+01 8.431032468305512850e+01 8.474199825731851377e+01
7.018804355855644417e+01 8.367358093387194629e+01 8.567596681145907667e+01
7.000562855102789683e+01 8.368090356097219740e+01 8.578382451511380680e+01
7.061203253208277886e+01 8.454274262535209061e+01 8.649611842435891162e+01
7.065509650570359668e+01 8.381714629418229379e+01 8.747709125195993352e+01
