2.500000000000000000e+00 2.500000000000000000e+00 1.666666666666666741e+00
4.166666666666666963e+00 4.166666666666666963e+00 2.500000000000000000e+00
5.000000000000000888e+00 5.000000000000000888e+00 3.333333333333333481e+00
5.000000000000000888e+00 5.000000000000000888e+00 3.333333333333333481e+00
8.333333333333333925e+00 8.333333333333333925e+00 3.333333333333333481e+00
9.166666666666667851e+00 9.166666666666667851e+00 4.166666666666666963e+00
1.000000000000000000e+01 9.166666666666666075e+00 5.000000000000000000e+00
1.000000000000000000e+01 9.166666666666666075e+00 5.000000000000000000e+00
1.000000000000000178e+01 8.333333333333332149e+00 5.000000000000000888e+00
1.250000000000000178e+01 9.166666666666666075e+00 5.000000000000000888e+00
1.250000000000000178e+01 9.166666666666666075e+00 5.000000000000000888e+00
1.250000000000000178e+01 8.333333333333332149e+00 5.000000000000000888e+00
1.333333333333333393e+01 9.166666666666667851e+00 5.833333333333333925e+00
1.500000000000000000e+01 1.000000000000000000e+01 7.500000000000001776e+00
1.416666666666666785e+01 7.500000000000000000e+00 9.166666666666667851e+00
1.666666666666666785e+01 9.166666666666667851e+00 1.166666666666666785e+01
1.666666666666666785e+01 1.000000000000000178e+01 1.333333333333333393e+01
1.750000000000000355e+01 1.083333333333333393e+01 1.583333333333333393e+01
1.666666666666666785e+01 1.166666666666666785e+01 1.750000000000000355e+01
1.666666666666666785e+01 1.250000000000000178e+01 1.833333333333333570e+01
2.000000000000000355e+01 1.583333333333333393e+01 2.166666666666667140e+01
2.166666666666666785e+01 1.750000000000000000e+01 2.500000000000000355e+01
2.250000000000000000e+01 1.833333333333333570e+01 2.583333333333333570e+01
2.416666666666666785e+01 2.083333333333333570e+01 2.750000000000000000e+01
2.500000000000000355e+01 2.000000000000000355e+01 2.750000000000000000e+01
2.166666666666666785e+01 1.750000000000000355e+01 2.666666666666666430e+01
2.333333333333333570e+01 2.000000000000000000e+01 2.916666666666666785e+01
2.416666666666666785e+01 2.083333333333333215e+01 3.333333333333333570e+01
2.416666666666666785e+01 1.916666666666666430e+01 3.416666666666667140e+01
2.416666666666666785e+01 1.833333333333333570e+01 3.666666666666666430e+01
2.250000000000000000e+01 1.666666666666666430e+01 3.833333333333332860e+01
2.250000000000000000e+01 1.750000000000000000e+01 3.999999999999999289e+01
2.083333333333333570e+01 1.666666666666666430e+01 4.333333333333332860e+01
2.000000000000000355e+01 1.583333333333333215e+01 4.583333333333332860e+01
2.000000000000000355e+01 1.833333333333333215e+01 5.166666666666666430e+01
2.416666666666666785e+01 2.249999999999999645e+01 5.500000000000000000e+01
2.499999999999999645e+01 2.166666666666666785e+01 5.583333333333332860e+01
2.750000000000000000e+01 2.250000000000000000e+01 5.583333333333333570e+01
3.083333333333333215e+01 2.583333333333333215e+01 6.000000000000000000e+01
3.333333333333332860e+01 2.833333333333333570e+01 6.333333333333333570e+01
3.666666666666666430e+01 3.083333333333333570e+01 6.750000000000000000e+01
3.916666666666666430e+01 3.083333333333333570e+01 6.750000000000000000e+01
4.166666666666666430e+01 3.416666666666667140e+01 6.833333333333334281e+01
4.416666666666666430e+01 3.750000000000000000e+01 7.000000000000000000e+01
4.416666666666665719e+01 3.750000000000000000e+01 7.000000000000000000e+01
4.416666666666666430e+01 3.750000000000000000e+01 7.000000000000001421e+01
4.250000000000000000e+01 3.583333333333333570e+01 6.833333333333334281e+01
4.166666666666667140e+01 3.583333333333333570e+01 6.916666666666667140e+01
4.250000000000000000e+01 3.833333333333333570e+01 7.000000000000001421e+01
4.583333333333332860e+01 4.000000000000000000e+01 7.166666666666667140e+01
4.666666666666666430e+01 4.333333333333332860e+01 7.000000000000000000e+01
4.833333333333332860e+01 4.666666666666667140e+01 7.333333333333332860e+01
5.250000000000000000e+01 4.916666666666667140e+01 7.500000000000000000e+01
5.583333333333333570e+01 4.916666666666666430e+01 7.666666666666665719e+01
5.500000000000000000e+01 4.999999999999999289e+01 7.666666666666665719e+01
5.583333333333332860e+01 5.000000000000000000e+01 7.833333333333332860e+01
5.999999999999998579e+01 5.500000000000000000e+01 8.166666666666665719e+01
6.250000000000000000e+01 5.916666666666666430e+01 8.250000000000000000e+01
6.166666666666666430e+01 5.750000000000000000e+01 8.166666666666667140e+01
6.000000000000000000e+01 5.916666666666666430e+01 8.083333333333334281e+01
6.166666666666666430e+01 5.750000000000001421e+01 8.166666666666667140e+01
6.166666666666667140e+01 5.750000000000000000e+01 8.166666666666665719e+01
6.083333333333333570e+01 5.583333333333333570e+01 8.166666666666665719e+01
5.833333333333333570e+01 5.500000000000000000e+01 8.166666666666665719e+01
6.250000000000000000e+01 5.833333333333332860e+01 8.250000000000000000e+01
6.583333333333334281e+01 6.250000000000000000e+01 8.333333333333334281e+01
6.583333333333334281e+01 6.083333333333333570e+01 8.333333333333334281e+01
6.666666666666665719e+01 6.000000000000001421e+01 8.416666666666667140e+01
7.000000000000000000e+01 6.250000000000000000e+01 8.416666666666665719e+01
6.750000000000000000e+01 5.999999999999998579e+01 8.666666666666665719e+01
6.583333333333334281e+01 6.000000000000000000e+01 8.416666666666665719e+01
6.666666666666667140e+01 6.000000000000000000e+01 8.416666666666665719e+01
6.666666666666667140e+01 6.083333333333332860e+01 8.333333333333332860e+01
6.833333333333334281e+01 6.333333333333333570e+01 8.333333333333334281e+01
6.833333333333332860e+01 6.333333333333333570e+01 8.249999999999998579e+01
6.583333333333332860e+01 6.000000000000000000e+01 8.166666666666665719e+01
6.750000000000001421e+01 6.250000000000000000e+01 8.250000000000000000e+01
6.666666666666667140e+01 6.250000000000001421e+01 8.250000000000000000e+01
6.416666666666667140e+01 6.083333333333333570e+01 8.166666666666665719e+01
6.750000000000000000e+01 6.416666666666667140e+01 8.166666666666665719e+01
6.916666666666665719e+01 6.416666666666665719e+01 8.416666666666667140e+01
6.916666666666665719e+01 6.500000000000001421e+01 8.416666666666667140e+01
7.000000000000001421e+01 6.583333333333332860e+01 8.500000000000001421e+01
7.083333333333334281e+01 6.416666666666665719e+01 8.583333333333334281e+01
7.250000000000000000e+01 6.666666666666667140e+01 8.750000000000000000e+01
7.500000000000000000e+01 6.833333333333332860e+01 8.833333333333334281e+01
7.416666666666667140e+01 6.833333333333332860e+01 8.666666666666667140e+01
7.666666666666667140e+01 7.083333333333334281e+01 8.666666666666665719e+01
8.000000000000000000e+01 7.416666666666667140e+01 9.000000000000000000e+01
7.916666666666665719e+01 7.333333333333334281e+01 8.916666666666665719e+01
8.083333333333332860e+01 7.500000000000000000e+01 9.083333333333332860e+01
7.916666666666665719e+01 7.250000000000000000e+01 8.916666666666665719e+01
7.999999999999998579e+01 7.250000000000000000e+01 9.000000000000000000e+01
7.833333333333332860e+01 7.416666666666667140e+01 8.916666666666665719e+01
7.750000000000000000e+01 7.250000000000000000e+01 8.916666666666665719e+01
7.666666666666665719e+01 7.333333333333332860e+01 8.916666666666665719e+01
7.833333333333332860e+01 7.499999999999998579e+01 9.166666666666665719e+01
7.916666666666665719e+01 7.583333333333332860e+01 9.250000000000000000e+01
7.916666666666665719e+01 7.583333333333334281e+01 9.166666666666667140e+01
8.083333333333334281e+01 7.750000000000000000e+01 9.166666666666665719e+01
8.083333333333334281e+01 7.833333333333334281e+01 9.083333333333332860e+01
8.416666666666667140e+01 8.250000000000001421e+01 9.333333333333331439e+01
8.416666666666667140e+01 8.166666666666665719e+01 9.333333333333332860e+01
8.500000000000000000e+01 8.166666666666665719e+01 9.333333333333332860e+01
8.583333333333334281e+01 8.250000000000000000e+01 9.416666666666665719e+01
8.500000000000001421e+01 8.250000000000000000e+01 9.333333333333332860e+01
8.500000000000000000e+01 8.250000000000000000e+01 9.250000000000000000e+01
8.249999999999998579e+01 8.083333333333334281e+01 9.000000000000000000e+01
8.333333333333331439e+01 8.166666666666665719e+01 9.083333333333334281e+01
8.249999999999998579e+01 8.083333333333332860e+01 9.083333333333332860e+01
8.166666666666665719e+01 8.000000000000000000e+01 9.083333333333332860e+01
8.083333333333334281e+01 8.083333333333334281e+01 9.083333333333332860e+01
7.916666666666665719e+01 7.916666666666667140e+01 9.000000000000000000e+01
8.000000000000000000e+01 7.833333333333334281e+01 9.083333333333334281e+01
7.833333333333332860e+01 7.666666666666665719e+01 9.000000000000000000e+01
8.000000000000000000e+01 7.750000000000000000e+01 9.083333333333334281e+01
7.666666666666667140e+01 7.416666666666667140e+01 9.000000000000001421e+01
7.750000000000001421e+01 7.416666666666667140e+01 9.250000000000001421e+01
7.583333333333334281e+01 7.166666666666667140e+01 9.083333333333334281e+01
7.833333333333334281e+01 7.333333333333332860e+01 9.166666666666667140e+01
7.750000000000000000e+01 7.333333333333332860e+01 9.166666666666665719e+01
7.499999999999998579e+01 6.750000000000000000e+01 8.916666666666665719e+01
7.583333333333332860e+01 7.000000000000000000e+01 8.999999999999998579e+01
7.583333333333334281e+01 7.166666666666667140e+01 8.999999999999998579e+01
7.916666666666665719e+01 7.416666666666667140e+01 9.083333333333332860e+01
7.833333333333334281e+01 7.250000000000000000e+01 9.083333333333332860e+01
8.083333333333334281e+01 7.416666666666665719e+01 9.166666666666665719e+01
8.000000000000000000e+01 7.416666666666665719e+01 9.166666666666667140e+01
8.000000000000000000e+01 7.583333333333334281e+01 9.166666666666667140e+01
7.833333333333334281e+01 7.416666666666667140e+01 9.083333333333334281e+01
8.000000000000000000e+01 7.583333333333334281e+01 9.166666666666665719e+01
8.083333333333332860e+01 8.083333333333332860e+01 9.416666666666667140e+01
7.999999999999998579e+01 8.083333333333332860e+01 9.416666666666665719e+01
7.916666666666665719e+01 8.000000000000000000e+01 9.166666666666665719e+01
7.666666666666665719e+01 8.000000000000000000e+01 9.083333333333332860e+01
7.583333333333332860e+01 8.000000000000000000e+01 9.166666666666665719e+01
7.666666666666665719e+01 8.083333333333334281e+01 9.249999999999998579e+01
7.916666666666665719e+01 8.250000000000000000e+01 9.250000000000000000e+01
8.166666666666665719e+01 8.416666666666667140e+01 9.416666666666665719e+01
8.166666666666667140e+01 8.583333333333334281e+01 9.500000000000000000e+01
8.166666666666667140e+01 8.583333333333332860e+01 9.500000000000000000e+01
8.250000000000001421e+01 8.500000000000000000e+01 9.416666666666665719e+01
8.333333333333334281e+01 8.583333333333334281e+01 9.416666666666665719e+01
8.333333333333334281e+01 8.500000000000000000e+01 9.500000000000000000e+01
8.333333333333334281e+01 8.416666666666667140e+01 9.416666666666667140e+01
8.583333333333334281e+01 8.750000000000001421e+01 9.500000000000000000e+01
8.500000000000000000e+01 8.833333333333334281e+01 9.416666666666667140e+01
8.333333333333332860e+01 8.666666666666665719e+01 9.416666666666667140e+01
8.250000000000000000e+01 8.500000000000000000e+01 9.416666666666665719e+01
8.416666666666665719e+01 8.583333333333334281e+01 9.416666666666665719e+01
8.083333333333332860e+01 8.416666666666665719e+01 9.166666666666665719e+01
8.083333333333334281e+01 8.416666666666667140e+01 9.250000000000000000e+01
8.166666666666668561e+01 8.250000000000000000e+01 9.083333333333332860e+01
8.250000000000002842e+01 8.333333333333332860e+01 9.166666666666665719e+01
8.250000000000001421e+01 8.166666666666665719e+01 9.166666666666667140e+01
8.250000000000000000e+01 8.083333333333332860e+01 9.083333333333334281e+01
8.416666666666665719e+01 7.999999999999998579e+01 9.166666666666665719e+01
8.666666666666665719e+01 8.250000000000000000e+01 9.166666666666665719e+01
8.583333333333334281e+01 8.166666666666667140e+01 9.083333333333332860e+01
8.500000000000000000e+01 8.083333333333334281e+01 9.083333333333332860e+01
8.750000000000001421e+01 8.333333333333334281e+01 9.333333333333334281e+01
8.833333333333332860e+01 8.416666666666665719e+01 9.166666666666667140e+01
8.916666666666665719e+01 8.666666666666665719e+01 9.416666666666667140e+01
8.833333333333332860e+01 8.750000000000000000e+01 9.333333333333334281e+01
8.916666666666665719e+01 8.916666666666667140e+01 9.416666666666667140e+01
9.000000000000000000e+01 8.833333333333334281e+01 9.416666666666665719e+01
8.833333333333334281e+01 8.833333333333334281e+01 9.416666666666665719e+01
8.750000000000001421e+01 8.750000000000001421e+01 9.416666666666665719e+01
8.833333333333334281e+01 8.833333333333334281e+01 9.499999999999998579e+01
8.833333333333332860e+01 8.833333333333334281e+01 9.416666666666665719e+01
8.916666666666665719e+01 8.749999999999998579e+01 9.333333333333332860e+01
8.916666666666665719e+01 8.666666666666665719e+01 9.333333333333334281e+01
8.916666666666665719e+01 8.750000000000000000e+01 9.333333333333334281e+01
9.083333333333331439e+01 8.916666666666665719e+01 9.500000000000000000e+01
8.999999999999998579e+01 8.916666666666667140e+01 9.416666666666667140e+01
8.916666666666665719e+01 9.000000000000000000e+01 9.416666666666667140e+01
8.916666666666665719e+01 9.000000000000001421e+01 9.250000000000001421e+01
8.666666666666665719e+01 8.666666666666667140e+01 8.833333333333334281e+01
8.666666666666665719e+01 8.750000000000000000e+01 8.833333333333334281e+01
8.750000000000000000e+01 8.833333333333334281e+01 8.916666666666667140e+01
8.666666666666665719e+01 8.916666666666665719e+01 9.000000000000000000e+01
8.416666666666667140e+01 8.833333333333332860e+01 9.000000000000000000e+01
8.166666666666665719e+01 8.499999999999998579e+01 8.833333333333334281e+01
7.916666666666665719e+01 8.249999999999998579e+01 8.833333333333334281e+01
8.083333333333332860e+01 8.416666666666665719e+01 9.000000000000001421e+01
8.000000000000000000e+01 8.250000000000000000e+01 8.916666666666667140e+01
8.000000000000001421e+01 8.250000000000001421e+01 9.000000000000000000e+01
8.250000000000001421e+01 8.583333333333334281e+01 9.416666666666665719e+01
8.083333333333334281e+01 8.416666666666667140e+01 9.250000000000000000e+01
8.000000000000000000e+01 8.333333333333332860e+01 9.166666666666665719e+01
8.166666666666665719e+01 8.333333333333332860e+01 9.166666666666665719e+01
8.333333333333332860e+01 8.416666666666667140e+01 9.166666666666665719e+01
8.666666666666667140e+01 8.750000000000000000e+01 9.333333333333334281e+01
8.833333333333334281e+01 8.833333333333334281e+01 9.333333333333334281e+01
8.666666666666667140e+01 8.583333333333334281e+01 9.166666666666667140e+01
8.750000000000000000e+01 8.666666666666667140e+01 9.333333333333334281e+01
8.916666666666667140e+01 8.833333333333334281e+01 9.416666666666665719e+01
8.750000000000000000e+01 8.666666666666667140e+01 9.333333333333332860e+01
8.833333333333332860e+01 8.833333333333332860e+01 9.500000000000000000e+01
8.666666666666665719e+01 8.666666666666665719e+01 9.333333333333332860e+01
8.333333333333332860e+01 8.416666666666665719e+01 9.249999999999998579e+01
8.416666666666665719e+01 8.499999999999998579e+01 9.416666666666665719e+01
8.416666666666665719e+01 8.499999999999998579e+01 9.416666666666665719e+01
8.166666666666665719e+01 8.333333333333332860e+01 9.166666666666665719e+01
8.250000000000001421e+01 8.416666666666665719e+01 9.250000000000000000e+01
8.166666666666668561e+01 8.333333333333334281e+01 9.166666666666665719e+01
8.000000000000001421e+01 8.166666666666667140e+01 9.000000000000000000e+01
8.166666666666667140e+01 8.333333333333334281e+01 9.000000000000000000e+01
7.916666666666667140e+01 8.000000000000001421e+01 8.833333333333334281e+01
8.083333333333332860e+01 8.000000000000000000e+01 9.083333333333334281e+01
8.333333333333332860e+01 8.083333333333334281e+01 9.083333333333334281e+01
8.250000000000000000e+01 8.000000000000001421e+01 9.083333333333334281e+01
8.250000000000000000e+01 7.916666666666665719e+01 9.083333333333334281e+01
8.666666666666667140e+01 8.166666666666665719e+01 9.333333333333334281e+01
8.833333333333334281e+01 8.249999999999998579e+01 9.416666666666665719e+01
8.916666666666665719e+01 8.416666666666665719e+01 9.500000000000000000e+01
8.833333333333334281e+01 8.499999999999998579e+01 9.666666666666667140e+01
8.500000000000000000e+01 8.249999999999998579e+01 9.666666666666665719e+01
8.583333333333334281e+01 8.499999999999998579e+01 9.750000000000000000e+01
8.416666666666665719e+01 8.583333333333334281e+01 9.666666666666665719e+01
8.500000000000000000e+01 8.750000000000001421e+01 9.749999999999998579e+01
8.583333333333332860e+01 8.833333333333334281e+01 9.666666666666665719e+01
8.416666666666667140e+01 8.916666666666667140e+01 9.583333333333332860e+01
8.166666666666667140e+01 8.749999999999998579e+01 9.333333333333332860e+01
8.083333333333334281e+01 8.833333333333332860e+01 9.333333333333332860e+01
8.000000000000000000e+01 8.666666666666665719e+01 9.250000000000000000e+01
8.083333333333334281e+01 8.666666666666665719e+01 9.250000000000000000e+01
8.333333333333334281e+01 8.833333333333332860e+01 9.333333333333334281e+01
8.500000000000001421e+01 8.833333333333334281e+01 9.250000000000000000e+01
8.666666666666667140e+01 9.000000000000001421e+01 9.333333333333334281e+01
8.583333333333332860e+01 9.000000000000001421e+01 9.333333333333334281e+01
8.583333333333331439e+01 9.000000000000000000e+01 9.333333333333334281e+01
8.416666666666665719e+01 8.833333333333332860e+01 9.166666666666665719e+01
8.583333333333331439e+01 9.083333333333332860e+01 9.416666666666665719e+01
8.666666666666665719e+01 9.083333333333332860e+01 9.416666666666665719e+01
8.749999999999998579e+01 9.250000000000000000e+01 9.416666666666665719e+01
8.916666666666665719e+01 9.333333333333332860e+01 9.416666666666665719e+01
8.916666666666667140e+01 9.333333333333332860e+01 9.333333333333332860e+01
9.083333333333334281e+01 9.500000000000000000e+01 9.500000000000000000e+01
9.166666666666667140e+01 9.500000000000000000e+01 9.500000000000000000e+01
9.166666666666667140e+01 9.500000000000001421e+01 9.500000000000000000e+01
9.083333333333334281e+01 9.416666666666667140e+01 9.416666666666667140e+01
9.416666666666667140e+01 9.583333333333334281e+01 9.666666666666667140e+01
9.416666666666665719e+01 9.500000000000000000e+01 9.583333333333334281e+01
9.083333333333332860e+01 9.250000000000000000e+01 9.416666666666667140e+01
9.166666666666665719e+01 9.333333333333332860e+01 9.500000000000000000e+01
8.916666666666665719e+01 9.166666666666665719e+01 9.333333333333334281e+01
8.916666666666665719e+01 9.333333333333334281e+01 9.416666666666667140e+01
8.916666666666667140e+01 9.333333333333334281e+01 9.416666666666667140e+01
8.916666666666667140e+01 9.333333333333334281e+01 9.416666666666665719e+01
8.750000000000001421e+01 9.083333333333334281e+01 9.250000000000000000e+01
8.916666666666667140e+01 9.250000000000000000e+01 9.416666666666665719e+01
8.666666666666667140e+01 9.083333333333334281e+01 9.333333333333332860e+01
8.750000000000000000e+01 9.000000000000000000e+01 9.333333333333332860e+01
8.999999999999998579e+01 9.166666666666665719e+01 9.499999999999998579e+01
8.916666666666665719e+01 9.000000000000000000e+01 9.333333333333332860e+01
8.999999999999998579e+01 9.083333333333334281e+01 9.416666666666665719e+01
8.916666666666665719e+01 8.833333333333332860e+01 9.166666666666665719e+01
8.833333333333332860e+01 8.666666666666665719e+01 9.083333333333334281e+01
8.750000000000000000e+01 8.583333333333332860e+01 9.083333333333332860e+01
8.833333333333334281e+01 8.666666666666665719e+01 9.083333333333334281e+01
8.750000000000000000e+01 8.583333333333332860e+01 9.083333333333334281e+01
9.000000000000000000e+01 8.750000000000000000e+01 9.166666666666667140e+01
9.000000000000000000e+01 8.833333333333332860e+01 9.250000000000001421e+01
8.916666666666667140e+01 8.916666666666665719e+01 9.250000000000000000e+01
8.916666666666665719e+01 9.083333333333332860e+01 9.416666666666667140e+01
8.916666666666667140e+01 9.000000000000000000e+01 9.416666666666665719e+01
9.083333333333334281e+01 9.166666666666665719e+01 9.583333333333332860e+01
9.166666666666665719e+01 9.333333333333334281e+01 9.666666666666665719e+01
9.166666666666665719e+01 9.333333333333334281e+01 9.583333333333331439e+01
9.166666666666665719e+01 9.333333333333334281e+01 9.583333333333332860e+01
9.083333333333334281e+01 9.250000000000000000e+01 9.416666666666667140e+01
8.916666666666667140e+01 9.166666666666667140e+01 9.333333333333334281e+01
8.833333333333334281e+01 9.166666666666665719e+01 9.333333333333334281e+01
8.916666666666667140e+01 9.083333333333332860e+01 9.250000000000000000e+01
9.000000000000000000e+01 9.083333333333332860e+01 9.250000000000000000e+01
9.083333333333332860e+01 9.166666666666665719e+01 9.249999999999998579e+01
8.916666666666665719e+01 9.083333333333332860e+01 9.249999999999998579e+01
8.833333333333332860e+01 9.000000000000000000e+01 9.166666666666665719e+01
8.833333333333332860e+01 9.083333333333334281e+01 9.249999999999998579e+01
8.916666666666665719e+01 9.166666666666665719e+01 9.333333333333332860e+01
8.916666666666665719e+01 9.166666666666665719e+01 9.416666666666665719e+01
9.000000000000000000e+01 9.166666666666665719e+01 9.416666666666665719e+01
8.916666666666667140e+01 9.166666666666665719e+01 9.416666666666665719e+01
8.833333333333334281e+01 9.000000000000000000e+01 9.250000000000000000e+01
8.750000000000001421e+01 8.916666666666665719e+01 9.250000000000000000e+01
8.833333333333334281e+01 8.999999999999998579e+01 9.333333333333334281e+01
9.000000000000000000e+01 9.083333333333332860e+01 9.333333333333334281e+01
8.999999999999998579e+01 9.083333333333332860e+01 9.333333333333332860e+01
8.999999999999998579e+01 8.916666666666665719e+01 9.333333333333332860e+01
8.916666666666665719e+01 8.833333333333334281e+01 9.333333333333332860e+01
9.083333333333332860e+01 9.000000000000001421e+01 9.416666666666665719e+01
9.083333333333332860e+01 8.916666666666668561e+01 9.333333333333334281e+01
9.250000000000000000e+01 9.000000000000001421e+01 9.333333333333334281e+01
9.083333333333334281e+01 8.833333333333334281e+01 9.583333333333334281e+01
9.000000000000000000e+01 8.833333333333334281e+01 9.500000000000000000e+01
9.000000000000000000e+01 8.833333333333334281e+01 9.500000000000000000e+01
9.000000000000000000e+01 8.833333333333332860e+01 9.583333333333334281e+01
8.916666666666667140e+01 8.833333333333331439e+01 9.583333333333332860e+01
8.916666666666665719e+01 8.916666666666665719e+01 9.583333333333332860e+01
8.916666666666667140e+01 8.999999999999997158e+01 9.583333333333332860e+01
8.833333333333334281e+01 8.916666666666665719e+01 9.583333333333332860e+01
8.750000000000000000e+01 9.083333333333332860e+01 9.750000000000000000e+01
8.583333333333334281e+01 8.999999999999998579e+01 9.666666666666665719e+01
8.750000000000001421e+01 9.333333333333332860e+01 9.583333333333332860e+01
8.833333333333334281e+01 9.416666666666665719e+01 9.666666666666665719e+01
8.666666666666667140e+01 9.250000000000000000e+01 9.500000000000000000e+01
8.583333333333334281e+01 9.333333333333334281e+01 9.500000000000000000e+01
8.666666666666665719e+01 9.416666666666667140e+01 9.583333333333334281e+01
8.750000000000000000e+01 9.500000000000001421e+01 9.583333333333334281e+01
8.916666666666665719e+01 9.583333333333334281e+01 9.666666666666667140e+01
8.833333333333334281e+01 9.500000000000001421e+01 9.583333333333334281e+01
8.916666666666665719e+01 9.416666666666667140e+01 9.500000000000000000e+01
8.999999999999998579e+01 9.416666666666665719e+01 9.583333333333332860e+01
9.166666666666665719e+01 9.499999999999998579e+01 9.666666666666665719e+01
8.999999999999998579e+01 9.249999999999998579e+01 9.500000000000000000e+01
9.166666666666665719e+01 9.333333333333332860e+01 9.666666666666667140e+01
9.333333333333334281e+01 9.333333333333332860e+01 9.666666666666667140e+01
9.250000000000001421e+01 9.166666666666667140e+01 9.500000000000001421e+01
9.166666666666667140e+01 9.000000000000001421e+01 9.416666666666667140e+01
9.083333333333334281e+01 8.916666666666667140e+01 9.333333333333334281e+01
9.166666666666665719e+01 9.000000000000000000e+01 9.333333333333332860e+01
8.999999999999998579e+01 9.000000000000000000e+01 9.333333333333331439e+01
8.999999999999998579e+01 9.083333333333332860e+01 9.333333333333331439e+01
8.916666666666665719e+01 8.999999999999998579e+01 9.249999999999998579e+01
9.000000000000000000e+01 9.166666666666665719e+01 9.333333333333332860e+01
8.916666666666665719e+01 9.083333333333332860e+01 9.249999999999998579e+01
8.916666666666665719e+01 9.000000000000000000e+01 9.249999999999998579e+01
9.000000000000000000e+01 9.083333333333332860e+01 9.416666666666665719e+01
8.833333333333334281e+01 9.166666666666665719e+01 9.416666666666665719e+01
8.833333333333332860e+01 9.166666666666665719e+01 9.416666666666665719e+01
8.916666666666665719e+01 9.249999999999998579e+01 9.500000000000000000e+01
9.083333333333332860e+01 9.249999999999998579e+01 9.583333333333332860e+01
9.000000000000000000e+01 9.250000000000000000e+01 9.583333333333332860e+01
9.000000000000000000e+01 9.250000000000000000e+01 9.666666666666667140e+01
9.083333333333332860e+01 9.249999999999998579e+01 9.750000000000000000e+01
9.083333333333332860e+01 9.333333333333332860e+01 9.833333333333334281e+01
9.083333333333332860e+01 9.416666666666665719e+01 9.833333333333334281e+01
9.000000000000000000e+01 9.333333333333334281e+01 9.666666666666667140e+01
9.166666666666665719e+01 9.333333333333334281e+01 9.666666666666667140e+01
9.166666666666665719e+01 9.333333333333334281e+01 9.666666666666665719e+01
9.000000000000000000e+01 9.083333333333334281e+01 9.500000000000000000e+01
9.000000000000000000e+01 9.083333333333332860e+01 9.416666666666665719e+01
9.083333333333332860e+01 9.083333333333332860e+01 9.416666666666665719e+01
8.916666666666665719e+01 8.916666666666665719e+01 9.250000000000000000e+01
8.916666666666665719e+01 8.916666666666665719e+01 9.250000000000000000e+01
8.999999999999998579e+01 9.000000000000000000e+01 9.250000000000000000e+01
8.916666666666665719e+01 8.916666666666665719e+01 9.166666666666667140e+01
9.083333333333332860e+01 9.083333333333332860e+01 9.333333333333334281e+01
9.000000000000000000e+01 8.916666666666665719e+01 9.250000000000000000e+01
9.000000000000000000e+01 8.916666666666665719e+01 9.249999999999998579e+01
9.166666666666667140e+01 9.166666666666665719e+01 9.416666666666665719e+01
9.250000000000000000e+01 9.166666666666665719e+01 9.500000000000000000e+01
9.333333333333334281e+01 9.166666666666665719e+01 9.500000000000000000e+01
9.500000000000000000e+01 9.333333333333332860e+01 9.583333333333332860e+01
9.416666666666667140e+01 9.250000000000000000e+01 9.416666666666667140e+01
9.250000000000001421e+01 9.083333333333334281e+01 9.333333333333334281e+01
9.166666666666667140e+01 9.000000000000001421e+01 9.333333333333332860e+01
9.166666666666667140e+01 8.916666666666667140e+01 9.333333333333332860e+01
9.250000000000001421e+01 9.083333333333334281e+01 9.416666666666665719e+01
9.250000000000000000e+01 9.083333333333332860e+01 9.416666666666665719e+01
9.249999999999998579e+01 9.083333333333332860e+01 9.416666666666665719e+01
9.166666666666665719e+01 8.916666666666665719e+01 9.166666666666665719e+01
9.083333333333331439e+01 8.833333333333332860e+01 9.083333333333332860e+01
9.083333333333332860e+01 8.833333333333332860e+01 9.083333333333332860e+01
8.999999999999998579e+01 8.750000000000000000e+01 9.000000000000000000e+01
9.083333333333332860e+01 8.916666666666665719e+01 9.083333333333332860e+01
9.166666666666665719e+01 8.999999999999998579e+01 9.083333333333332860e+01
9.083333333333332860e+01 9.000000000000000000e+01 9.000000000000000000e+01
9.166666666666665719e+01 9.083333333333332860e+01 9.083333333333332860e+01
9.083333333333334281e+01 9.000000000000000000e+01 9.000000000000000000e+01
9.083333333333334281e+01 9.000000000000000000e+01 9.000000000000000000e+01
9.083333333333334281e+01 9.166666666666667140e+01 9.250000000000001421e+01
9.083333333333334281e+01 9.166666666666665719e+01 9.250000000000000000e+01
9.166666666666665719e+01 9.250000000000000000e+01 9.333333333333334281e+01
9.416666666666665719e+01 9.500000000000000000e+01 9.583333333333334281e+01
9.333333333333334281e+01 9.333333333333334281e+01 9.416666666666667140e+01
9.416666666666667140e+01 9.416666666666667140e+01 9.500000000000000000e+01
9.333333333333334281e+01 9.333333333333334281e+01 9.500000000000000000e+01
9.250000000000001421e+01 9.250000000000001421e+01 9.416666666666665719e+01
9.333333333333334281e+01 9.333333333333334281e+01 9.499999999999998579e+01
9.333333333333334281e+01 9.333333333333334281e+01 9.499999999999998579e+01
9.333333333333332860e+01 9.416666666666665719e+01 9.499999999999998579e+01
9.166666666666665719e+01 9.333333333333332860e+01 9.583333333333332860e+01
9.166666666666665719e+01 9.333333333333334281e+01 9.583333333333334281e+01
9.166666666666665719e+01 9.333333333333334281e+01 9.583333333333334281e+01
9.166666666666667140e+01 9.416666666666667140e+01 9.666666666666665719e+01
9.083333333333334281e+01 9.333333333333332860e+01 9.583333333333332860e+01
9.000000000000000000e+01 9.333333333333334281e+01 9.500000000000000000e+01
9.000000000000000000e+01 9.416666666666665719e+01 9.583333333333334281e+01
8.999999999999998579e+01 9.416666666666665719e+01 9.583333333333332860e+01
8.916666666666665719e+01 9.333333333333332860e+01 9.500000000000000000e+01
8.999999999999998579e+01 9.333333333333332860e+01 9.500000000000000000e+01
9.166666666666665719e+01 9.416666666666665719e+01 9.416666666666665719e+01
9.166666666666665719e+01 9.333333333333332860e+01 9.333333333333332860e+01
9.083333333333332860e+01 9.083333333333332860e+01 9.166666666666665719e+01
9.166666666666665719e+01 9.083333333333332860e+01 9.166666666666665719e+01
9.250000000000000000e+01 9.166666666666665719e+01 9.250000000000000000e+01
9.416666666666665719e+01 9.250000000000000000e+01 9.333333333333334281e+01
9.333333333333334281e+01 9.083333333333334281e+01 9.166666666666667140e+01
9.416666666666667140e+01 9.166666666666667140e+01 9.250000000000000000e+01
9.416666666666665719e+01 9.166666666666665719e+01 9.250000000000000000e+01
9.416666666666667140e+01 9.000000000000001421e+01 9.250000000000000000e+01
9.416666666666665719e+01 9.000000000000000000e+01 9.250000000000000000e+01
9.333333333333332860e+01 9.000000000000000000e+01 9.249999999999998579e+01
9.416666666666665719e+01 9.166666666666665719e+01 9.416666666666665719e+01
9.500000000000000000e+01 9.249999999999998579e+01 9.500000000000000000e+01
9.416666666666665719e+01 9.166666666666665719e+01 9.500000000000000000e+01
9.500000000000000000e+01 9.166666666666665719e+01 9.500000000000000000e+01
9.500000000000000000e+01 9.249999999999998579e+01 9.583333333333332860e+01
9.500000000000000000e+01 9.249999999999998579e+01 9.583333333333332860e+01
9.583333333333334281e+01 9.333333333333332860e+01 9.666666666666665719e+01
9.333333333333334281e+01 9.166666666666665719e+01 9.416666666666665719e+01
9.416666666666667140e+01 9.250000000000000000e+01 9.500000000000000000e+01
9.333333333333334281e+01 9.166666666666667140e+01 9.416666666666667140e+01
9.333333333333334281e+01 9.166666666666665719e+01 9.416666666666667140e+01
9.166666666666667140e+01 9.000000000000000000e+01 9.250000000000001421e+01
9.166666666666665719e+01 9.000000000000000000e+01 9.166666666666667140e+01
8.833333333333332860e+01 8.833333333333334281e+01 9.083333333333334281e+01
8.999999999999998579e+01 8.916666666666665719e+01 9.166666666666665719e+01
8.749999999999998579e+01 8.750000000000000000e+01 9.083333333333332860e+01
8.749999999999998579e+01 8.750000000000000000e+01 9.083333333333332860e+01
9.000000000000000000e+01 9.083333333333334281e+01 9.333333333333332860e+01
9.000000000000000000e+01 8.916666666666667140e+01 9.333333333333332860e+01
9.083333333333334281e+01 9.000000000000000000e+01 9.500000000000000000e+01
9.083333333333334281e+01 9.083333333333332860e+01 9.500000000000000000e+01
9.166666666666665719e+01 9.083333333333334281e+01 9.583333333333334281e+01
9.083333333333334281e+01 8.916666666666665719e+01 9.500000000000000000e+01
9.416666666666665719e+01 9.166666666666665719e+01 9.666666666666667140e+01
9.416666666666667140e+01 9.166666666666665719e+01 9.666666666666667140e+01
9.666666666666667140e+01 9.250000000000000000e+01 9.750000000000000000e+01
9.666666666666667140e+01 9.249999999999998579e+01 9.750000000000000000e+01
9.666666666666667140e+01 9.166666666666665719e+01 9.750000000000000000e+01
9.583333333333334281e+01 9.249999999999998579e+01 9.666666666666665719e+01
9.583333333333332860e+01 9.249999999999998579e+01 9.583333333333332860e+01
9.499999999999998579e+01 9.249999999999998579e+01 9.583333333333332860e+01
9.499999999999997158e+01 9.250000000000000000e+01 9.583333333333331439e+01
9.666666666666665719e+01 9.500000000000000000e+01 9.749999999999998579e+01
9.500000000000000000e+01 9.416666666666667140e+01 9.666666666666665719e+01
9.500000000000000000e+01 9.416666666666667140e+01 9.666666666666665719e+01
9.250000000000001421e+01 9.250000000000000000e+01 9.416666666666665719e+01
9.250000000000001421e+01 9.166666666666665719e+01 9.333333333333332860e+01
9.250000000000000000e+01 9.250000000000000000e+01 9.333333333333334281e+01
9.249999999999998579e+01 9.250000000000000000e+01 9.333333333333332860e+01
9.333333333333334281e+01 9.333333333333332860e+01 9.416666666666665719e+01
9.333333333333332860e+01 9.166666666666665719e+01 9.416666666666665719e+01
9.333333333333331439e+01 9.250000000000000000e+01 9.416666666666665719e+01
9.249999999999998579e+01 9.166666666666665719e+01 9.333333333333332860e+01
9.333333333333332860e+01 9.166666666666665719e+01 9.333333333333332860e+01
9.166666666666665719e+01 9.083333333333332860e+01 9.249999999999998579e+01
9.416666666666665719e+01 9.333333333333332860e+01 9.416666666666665719e+01
9.333333333333334281e+01 9.333333333333332860e+01 9.416666666666665719e+01
9.333333333333334281e+01 9.333333333333332860e+01 9.416666666666665719e+01
9.333333333333334281e+01 9.416666666666665719e+01 9.500000000000000000e+01
9.333333333333332860e+01 9.416666666666665719e+01 9.500000000000000000e+01
9.416666666666665719e+01 9.500000000000000000e+01 9.416666666666665719e+01
9.500000000000000000e+01 9.583333333333334281e+01 9.500000000000000000e+01
9.500000000000000000e+01 9.583333333333332860e+01 9.500000000000000000e+01
9.583333333333334281e+01 9.666666666666665719e+01 9.583333333333332860e+01
9.666666666666665719e+01 9.666666666666665719e+01 9.583333333333332860e+01
9.666666666666665719e+01 9.666666666666665719e+01 9.666666666666665719e+01
9.500000000000000000e+01 9.583333333333334281e+01 9.666666666666665719e+01
9.250000000000000000e+01 9.333333333333334281e+01 9.500000000000000000e+01
9.250000000000000000e+01 9.166666666666667140e+01 9.416666666666665719e+01
9.250000000000000000e+01 9.166666666666667140e+01 9.416666666666665719e+01
9.083333333333334281e+01 9.166666666666667140e+01 9.416666666666665719e+01
9.083333333333334281e+01 9.000000000000001421e+01 9.250000000000000000e+01
9.166666666666667140e+01 9.083333333333334281e+01 9.333333333333334281e+01
9.083333333333334281e+01 8.999999999999998579e+01 9.250000000000000000e+01
9.000000000000000000e+01 8.916666666666665719e+01 9.166666666666667140e+01
8.916666666666665719e+01 8.833333333333332860e+01 9.166666666666667140e+01
9.166666666666665719e+01 8.999999999999998579e+01 9.250000000000000000e+01
9.416666666666665719e+01 9.166666666666665719e+01 9.416666666666667140e+01
9.333333333333334281e+01 9.083333333333332860e+01 9.333333333333334281e+01
9.083333333333334281e+01 8.833333333333332860e+01 9.083333333333334281e+01
9.166666666666667140e+01 8.833333333333332860e+01 9.166666666666665719e+01
9.083333333333334281e+01 9.000000000000000000e+01 9.333333333333334281e+01
8.999999999999998579e+01 8.916666666666665719e+01 9.250000000000000000e+01
8.916666666666665719e+01 8.916666666666665719e+01 9.249999999999998579e+01
8.916666666666665719e+01 8.999999999999998579e+01 9.333333333333331439e+01
8.916666666666665719e+01 8.999999999999998579e+01 9.249999999999997158e+01
8.916666666666667140e+01 8.916666666666665719e+01 9.249999999999998579e+01
8.750000000000001421e+01 8.833333333333332860e+01 8.999999999999998579e+01
8.833333333333334281e+01 8.916666666666667140e+01 9.083333333333332860e+01
9.083333333333332860e+01 9.000000000000001421e+01 9.250000000000000000e+01
8.916666666666667140e+01 8.833333333333334281e+01 9.083333333333334281e+01
9.000000000000000000e+01 8.750000000000001421e+01 9.083333333333334281e+01
8.999999999999998579e+01 8.750000000000000000e+01 9.083333333333332860e+01
9.166666666666665719e+01 8.833333333333332860e+01 9.166666666666667140e+01
9.250000000000000000e+01 8.833333333333332860e+01 9.166666666666665719e+01
9.166666666666665719e+01 8.750000000000000000e+01 9.083333333333334281e+01
9.000000000000000000e+01 8.750000000000000000e+01 9.083333333333334281e+01
9.166666666666667140e+01 8.833333333333332860e+01 9.250000000000000000e+01
9.250000000000001421e+01 9.000000000000000000e+01 9.333333333333334281e+01
9.250000000000001421e+01 9.166666666666665719e+01 9.416666666666665719e+01
9.500000000000000000e+01 9.416666666666665719e+01 9.583333333333334281e+01
9.416666666666665719e+01 9.500000000000000000e+01 9.500000000000000000e+01
9.416666666666665719e+01 9.583333333333334281e+01 9.500000000000000000e+01
9.333333333333331439e+01 9.416666666666667140e+01 9.416666666666665719e+01
9.416666666666665719e+01 9.416666666666667140e+01 9.499999999999998579e+01
9.499999999999998579e+01 9.500000000000000000e+01 9.583333333333332860e+01
9.583333333333332860e+01 9.500000000000000000e+01 9.499999999999998579e+01
9.249999999999998579e+01 9.333333333333332860e+01 9.333333333333332860e+01
9.249999999999998579e+01 9.249999999999998579e+01 9.333333333333332860e+01
9.250000000000000000e+01 9.249999999999998579e+01 9.333333333333334281e+01
9.250000000000000000e+01 9.250000000000000000e+01 9.333333333333334281e+01
9.166666666666667140e+01 9.083333333333334281e+01 9.250000000000001421e+01
9.250000000000001421e+01 9.083333333333334281e+01 9.333333333333334281e+01
9.166666666666667140e+01 9.166666666666667140e+01 9.333333333333334281e+01
9.083333333333334281e+01 9.250000000000000000e+01 9.333333333333334281e+01
8.916666666666667140e+01 9.166666666666667140e+01 9.333333333333332860e+01
8.916666666666665719e+01 9.083333333333334281e+01 9.333333333333331439e+01
9.083333333333332860e+01 9.166666666666667140e+01 9.499999999999998579e+01
8.999999999999998579e+01 9.166666666666667140e+01 9.416666666666665719e+01
8.916666666666665719e+01 9.083333333333334281e+01 9.333333333333331439e+01
8.666666666666665719e+01 8.833333333333332860e+01 9.083333333333332860e+01
8.749999999999998579e+01 8.916666666666665719e+01 9.166666666666665719e+01
8.749999999999998579e+01 8.749999999999998579e+01 9.166666666666665719e+01
8.916666666666665719e+01 8.833333333333332860e+01 9.250000000000000000e+01
8.916666666666665719e+01 8.750000000000000000e+01 9.166666666666665719e+01
9.000000000000000000e+01 8.833333333333332860e+01 9.166666666666665719e+01
9.000000000000000000e+01 8.916666666666665719e+01 9.166666666666665719e+01
9.083333333333332860e+01 8.999999999999998579e+01 9.166666666666665719e+01
9.083333333333332860e+01 8.999999999999998579e+01 9.166666666666665719e+01
9.000000000000000000e+01 8.916666666666665719e+01 9.083333333333332860e+01
9.083333333333334281e+01 9.000000000000000000e+01 9.250000000000000000e+01
9.166666666666667140e+01 9.000000000000000000e+01 9.250000000000000000e+01
9.083333333333334281e+01 9.083333333333334281e+01 9.250000000000000000e+01
9.083333333333334281e+01 9.000000000000000000e+01 9.250000000000000000e+01
9.000000000000000000e+01 8.833333333333332860e+01 9.166666666666665719e+01
9.083333333333332860e+01 8.833333333333331439e+01 9.166666666666665719e+01
9.166666666666665719e+01 8.916666666666665719e+01 9.250000000000000000e+01
9.166666666666665719e+01 8.916666666666665719e+01 9.250000000000000000e+01
9.249999999999998579e+01 9.000000000000000000e+01 9.333333333333332860e+01
9.250000000000000000e+01 9.000000000000000000e+01 9.333333333333334281e+01
9.416666666666667140e+01 9.166666666666667140e+01 9.416666666666667140e+01
9.333333333333334281e+01 9.083333333333334281e+01 9.500000000000000000e+01
9.250000000000001421e+01 9.083333333333334281e+01 9.416666666666667140e+01
9.250000000000000000e+01 9.083333333333334281e+01 9.416666666666665719e+01
9.416666666666667140e+01 9.250000000000000000e+01 9.500000000000000000e+01
9.500000000000000000e+01 9.249999999999998579e+01 9.583333333333332860e+01
9.500000000000000000e+01 9.249999999999998579e+01 9.583333333333332860e+01
9.499999999999998579e+01 9.249999999999998579e+01 9.666666666666665719e+01
9.416666666666665719e+01 9.249999999999998579e+01 9.666666666666665719e+01
9.499999999999998579e+01 9.250000000000000000e+01 9.666666666666667140e+01
9.416666666666665719e+01 9.166666666666665719e+01 9.583333333333334281e+01
9.499999999999998579e+01 9.333333333333334281e+01 9.583333333333334281e+01
9.500000000000000000e+01 9.250000000000001421e+01 9.500000000000001421e+01
9.250000000000000000e+01 9.166666666666667140e+01 9.250000000000000000e+01
9.250000000000001421e+01 9.250000000000001421e+01 9.333333333333334281e+01
9.083333333333334281e+01 9.250000000000001421e+01 9.333333333333334281e+01
9.083333333333334281e+01 9.166666666666665719e+01 9.333333333333334281e+01
8.750000000000000000e+01 8.999999999999998579e+01 9.083333333333332860e+01
8.833333333333334281e+01 8.916666666666665719e+01 9.083333333333332860e+01
8.916666666666667140e+01 9.083333333333332860e+01 9.250000000000000000e+01
9.000000000000000000e+01 9.166666666666665719e+01 9.333333333333332860e+01
8.916666666666665719e+01 9.000000000000000000e+01 9.249999999999998579e+01
9.083333333333332860e+01 9.166666666666667140e+01 9.416666666666665719e+01
9.249999999999998579e+01 9.250000000000000000e+01 9.583333333333332860e+01
9.249999999999998579e+01 9.250000000000000000e+01 9.583333333333332860e+01
9.250000000000000000e+01 9.166666666666667140e+01 9.416666666666665719e+01
9.000000000000000000e+01 9.000000000000000000e+01 9.250000000000001421e+01
9.416666666666667140e+01 9.250000000000000000e+01 9.500000000000001421e+01
9.416666666666667140e+01 9.333333333333334281e+01 9.500000000000001421e+01
9.333333333333334281e+01 9.250000000000000000e+01 9.416666666666667140e+01
9.250000000000000000e+01 9.166666666666665719e+01 9.416666666666665719e+01
9.333333333333332860e+01 9.333333333333332860e+01 9.499999999999998579e+01
9.333333333333332860e+01 9.333333333333332860e+01 9.499999999999998579e+01
9.416666666666665719e+01 9.416666666666665719e+01 9.583333333333332860e+01
9.333333333333332860e+01 9.416666666666665719e+01 9.583333333333332860e+01
9.333333333333334281e+01 9.416666666666667140e+01 9.666666666666665719e+01
9.583333333333334281e+01 9.666666666666667140e+01 9.833333333333334281e+01
9.416666666666667140e+01 9.666666666666667140e+01 9.833333333333334281e+01
9.416666666666667140e+01 9.666666666666667140e+01 9.833333333333334281e+01
9.500000000000001421e+01 9.750000000000000000e+01 9.916666666666665719e+01
9.500000000000000000e+01 9.833333333333332860e+01 9.916666666666667140e+01
9.416666666666665719e+01 9.833333333333332860e+01 9.916666666666667140e+01
9.416666666666665719e+01 9.833333333333332860e+01 9.916666666666667140e+01
9.416666666666665719e+01 9.833333333333332860e+01 9.916666666666667140e+01
9.333333333333332860e+01 9.666666666666665719e+01 9.750000000000001421e+01
9.500000000000000000e+01 9.833333333333334281e+01 9.833333333333334281e+01
9.333333333333334281e+01 9.666666666666667140e+01 9.750000000000000000e+01
9.500000000000001421e+01 9.666666666666667140e+01 9.750000000000000000e+01
9.333333333333334281e+01 9.666666666666667140e+01 9.750000000000000000e+01
9.166666666666668561e+01 9.583333333333332860e+01 9.749999999999998579e+01
9.166666666666667140e+01 9.333333333333332860e+01 9.583333333333334281e+01
9.083333333333334281e+01 9.249999999999998579e+01 9.500000000000000000e+01
9.083333333333334281e+01 9.249999999999998579e+01 9.500000000000000000e+01
9.083333333333332860e+01 9.249999999999998579e+01 9.500000000000000000e+01
9.083333333333334281e+01 9.416666666666665719e+01 9.583333333333332860e+01
9.000000000000000000e+01 9.333333333333332860e+01 9.499999999999998579e+01
9.166666666666665719e+01 9.500000000000000000e+01 9.499999999999998579e+01
9.083333333333332860e+01 9.416666666666665719e+01 9.499999999999998579e+01
8.999999999999998579e+01 9.250000000000000000e+01 9.333333333333332860e+01
9.083333333333332860e+01 9.333333333333334281e+01 9.333333333333334281e+01
9.083333333333331439e+01 9.500000000000000000e+01 9.416666666666667140e+01
9.166666666666665719e+01 9.583333333333334281e+01 9.500000000000000000e+01
9.083333333333332860e+01 9.416666666666667140e+01 9.333333333333334281e+01
8.999999999999998579e+01 9.333333333333334281e+01 9.249999999999998579e+01
9.000000000000000000e+01 9.166666666666667140e+01 9.250000000000000000e+01
9.000000000000000000e+01 9.166666666666667140e+01 9.250000000000000000e+01
8.916666666666665719e+01 9.166666666666665719e+01 9.333333333333332860e+01
9.000000000000000000e+01 9.250000000000000000e+01 9.333333333333332860e+01
9.083333333333334281e+01 9.333333333333332860e+01 9.416666666666665719e+01
9.083333333333332860e+01 9.249999999999998579e+01 9.416666666666665719e+01
9.166666666666665719e+01 9.333333333333332860e+01 9.500000000000000000e+01
9.250000000000000000e+01 9.333333333333332860e+01 9.500000000000000000e+01
9.166666666666667140e+01 9.416666666666665719e+01 9.583333333333332860e+01
9.250000000000000000e+01 9.500000000000000000e+01 9.666666666666665719e+01
9.333333333333334281e+01 9.583333333333332860e+01 9.666666666666665719e+01
9.416666666666667140e+01 9.666666666666665719e+01 9.750000000000000000e+01
9.500000000000000000e+01 9.666666666666665719e+01 9.750000000000000000e+01
9.499999999999998579e+01 9.666666666666665719e+01 9.750000000000000000e+01
9.583333333333332860e+01 9.666666666666665719e+01 9.750000000000000000e+01
9.583333333333332860e+01 9.750000000000000000e+01 9.750000000000000000e+01
9.499999999999998579e+01 9.750000000000000000e+01 9.750000000000000000e+01
9.499999999999998579e+01 9.750000000000000000e+01 9.750000000000000000e+01
9.666666666666665719e+01 9.833333333333334281e+01 9.833333333333334281e+01
9.666666666666665719e+01 9.750000000000000000e+01 9.750000000000000000e+01
9.583333333333334281e+01 9.666666666666667140e+01 9.666666666666667140e+01
9.583333333333334281e+01 9.666666666666667140e+01 9.666666666666667140e+01
9.416666666666667140e+01 9.500000000000001421e+01 9.500000000000001421e+01
9.416666666666667140e+01 9.500000000000001421e+01 9.500000000000001421e+01
9.500000000000001421e+01 9.583333333333334281e+01 9.583333333333334281e+01
9.583333333333334281e+01 9.583333333333334281e+01 9.583333333333334281e+01
9.666666666666665719e+01 9.583333333333334281e+01 9.583333333333334281e+01
9.416666666666665719e+01 9.416666666666665719e+01 9.499999999999998579e+01
9.333333333333332860e+01 9.333333333333332860e+01 9.416666666666665719e+01
9.083333333333332860e+01 9.250000000000000000e+01 9.416666666666665719e+01
9.249999999999998579e+01 9.333333333333332860e+01 9.583333333333331439e+01
9.166666666666665719e+01 9.249999999999998579e+01 9.499999999999998579e+01
9.249999999999998579e+01 9.333333333333332860e+01 9.583333333333332860e+01
9.250000000000000000e+01 9.249999999999998579e+01 9.499999999999998579e+01
9.166666666666665719e+01 9.166666666666665719e+01 9.416666666666665719e+01
9.166666666666665719e+01 9.166666666666665719e+01 9.416666666666665719e+01
9.166666666666665719e+01 9.166666666666665719e+01 9.416666666666665719e+01
9.416666666666665719e+01 9.250000000000000000e+01 9.500000000000000000e+01
9.416666666666665719e+01 9.250000000000000000e+01 9.583333333333334281e+01
9.666666666666665719e+01 9.416666666666665719e+01 9.666666666666667140e+01
9.666666666666665719e+01 9.416666666666665719e+01 9.666666666666667140e+01
9.583333333333334281e+01 9.333333333333332860e+01 9.583333333333334281e+01
9.666666666666667140e+01 9.416666666666667140e+01 9.666666666666667140e+01
9.666666666666667140e+01 9.500000000000000000e+01 9.750000000000001421e+01
9.666666666666667140e+01 9.500000000000000000e+01 9.750000000000000000e+01
9.583333333333332860e+01 9.416666666666665719e+01 9.666666666666665719e+01
9.583333333333332860e+01 9.416666666666665719e+01 9.666666666666665719e+01
9.499999999999998579e+01 9.416666666666665719e+01 9.666666666666665719e+01
9.499999999999998579e+01 9.416666666666665719e+01 9.583333333333332860e+01
9.499999999999998579e+01 9.333333333333332860e+01 9.583333333333332860e+01
9.416666666666665719e+01 9.333333333333332860e+01 9.500000000000000000e+01
9.499999999999998579e+01 9.416666666666665719e+01 9.583333333333332860e+01
9.416666666666665719e+01 9.416666666666665719e+01 9.583333333333332860e+01
9.333333333333332860e+01 9.333333333333332860e+01 9.499999999999998579e+01
9.166666666666665719e+01 9.416666666666665719e+01 9.583333333333332860e+01
9.250000000000000000e+01 9.416666666666665719e+01 9.583333333333332860e+01
9.166666666666665719e+01 9.250000000000000000e+01 9.416666666666665719e+01
9.166666666666665719e+01 9.333333333333334281e+01 9.416666666666667140e+01
9.166666666666665719e+01 9.333333333333334281e+01 9.416666666666665719e+01
9.166666666666665719e+01 9.416666666666667140e+01 9.416666666666667140e+01
9.166666666666665719e+01 9.416666666666665719e+01 9.500000000000000000e+01
9.166666666666665719e+01 9.416666666666665719e+01 9.500000000000000000e+01
9.250000000000000000e+01 9.333333333333332860e+01 9.500000000000000000e+01
9.249999999999998579e+01 9.416666666666665719e+01 9.583333333333334281e+01
9.416666666666665719e+01 9.416666666666665719e+01 9.583333333333334281e+01
9.333333333333332860e+01 9.500000000000000000e+01 9.666666666666665719e+01
9.250000000000000000e+01 9.583333333333334281e+01 9.750000000000000000e+01
9.250000000000000000e+01 9.583333333333334281e+01 9.750000000000000000e+01
9.083333333333334281e+01 9.500000000000000000e+01 9.666666666666667140e+01
9.000000000000000000e+01 9.416666666666665719e+01 9.583333333333334281e+01
9.000000000000000000e+01 9.500000000000000000e+01 9.583333333333334281e+01
9.083333333333332860e+01 9.500000000000000000e+01 9.666666666666667140e+01
9.083333333333332860e+01 9.583333333333332860e+01 9.666666666666665719e+01
9.083333333333332860e+01 9.499999999999998579e+01 9.583333333333332860e+01
9.166666666666665719e+01 9.500000000000000000e+01 9.583333333333334281e+01
9.083333333333334281e+01 9.416666666666665719e+01 9.500000000000000000e+01
9.166666666666665719e+01 9.416666666666665719e+01 9.499999999999998579e+01
9.083333333333334281e+01 9.333333333333332860e+01 9.416666666666665719e+01
9.250000000000000000e+01 9.416666666666665719e+01 9.499999999999998579e+01
9.250000000000000000e+01 9.416666666666665719e+01 9.499999999999998579e+01
9.249999999999998579e+01 9.333333333333332860e+01 9.499999999999998579e+01
9.249999999999998579e+01 9.416666666666665719e+01 9.500000000000000000e+01
9.249999999999998579e+01 9.416666666666665719e+01 9.500000000000000000e+01
9.166666666666665719e+01 9.333333333333334281e+01 9.500000000000000000e+01
8.916666666666667140e+01 9.083333333333334281e+01 9.333333333333334281e+01
9.000000000000000000e+01 9.083333333333334281e+01 9.333333333333334281e+01
8.833333333333334281e+01 9.083333333333334281e+01 9.333333333333332860e+01
9.000000000000000000e+01 9.166666666666665719e+01 9.416666666666665719e+01
9.000000000000000000e+01 9.250000000000000000e+01 9.500000000000000000e+01
8.999999999999998579e+01 9.166666666666665719e+01 9.499999999999998579e+01
9.083333333333332860e+01 9.250000000000000000e+01 9.500000000000000000e+01
8.999999999999998579e+01 9.166666666666667140e+01 9.500000000000000000e+01
8.916666666666665719e+01 9.166666666666667140e+01 9.500000000000000000e+01
9.083333333333332860e+01 9.250000000000000000e+01 9.583333333333334281e+01
9.333333333333332860e+01 9.500000000000000000e+01 9.750000000000000000e+01
9.416666666666665719e+01 9.583333333333332860e+01 9.833333333333334281e+01
9.166666666666667140e+01 9.250000000000000000e+01 9.500000000000001421e+01
9.083333333333334281e+01 8.916666666666665719e+01 9.250000000000001421e+01
9.166666666666665719e+01 8.833333333333334281e+01 9.250000000000001421e+01
9.166666666666665719e+01 8.833333333333334281e+01 9.250000000000000000e+01
9.166666666666665719e+01 8.833333333333334281e+01 9.250000000000000000e+01
9.166666666666665719e+01 8.833333333333332860e+01 9.166666666666665719e+01
9.083333333333334281e+01 8.666666666666667140e+01 8.999999999999998579e+01
9.083333333333334281e+01 8.750000000000000000e+01 9.000000000000000000e+01
9.000000000000000000e+01 8.583333333333334281e+01 8.916666666666665719e+01
9.000000000000000000e+01 8.583333333333334281e+01 8.916666666666665719e+01
9.416666666666665719e+01 8.916666666666667140e+01 9.250000000000000000e+01
9.500000000000000000e+01 9.250000000000000000e+01 9.500000000000000000e+01
9.500000000000000000e+01 9.333333333333332860e+01 9.500000000000000000e+01
9.583333333333334281e+01 9.499999999999998579e+01 9.583333333333334281e+01
9.500000000000000000e+01 9.416666666666665719e+01 9.583333333333334281e+01
9.416666666666667140e+01 9.333333333333332860e+01 9.500000000000001421e+01
9.583333333333334281e+01 9.500000000000000000e+01 9.666666666666667140e+01
9.500000000000000000e+01 9.416666666666665719e+01 9.583333333333334281e+01
9.500000000000000000e+01 9.500000000000000000e+01 9.583333333333334281e+01
9.500000000000000000e+01 9.500000000000000000e+01 9.583333333333332860e+01
9.499999999999998579e+01 9.499999999999998579e+01 9.583333333333331439e+01
9.333333333333332860e+01 9.333333333333332860e+01 9.499999999999998579e+01
9.250000000000000000e+01 9.250000000000000000e+01 9.416666666666665719e+01
9.166666666666665719e+01 9.166666666666665719e+01 9.333333333333332860e+01
9.250000000000000000e+01 9.250000000000000000e+01 9.333333333333332860e+01
9.416666666666665719e+01 9.416666666666665719e+01 9.500000000000000000e+01
9.333333333333332860e+01 9.333333333333332860e+01 9.416666666666665719e+01
9.333333333333332860e+01 9.333333333333332860e+01 9.416666666666665719e+01
9.416666666666665719e+01 9.416666666666665719e+01 9.500000000000000000e+01
9.333333333333332860e+01 9.333333333333332860e+01 9.416666666666665719e+01
9.333333333333332860e+01 9.333333333333332860e+01 9.416666666666665719e+01
9.500000000000000000e+01 9.500000000000000000e+01 9.500000000000000000e+01
9.499999999999998579e+01 9.416666666666665719e+01 9.583333333333332860e+01
9.583333333333332860e+01 9.500000000000000000e+01 9.666666666666665719e+01
9.500000000000000000e+01 9.416666666666667140e+01 9.583333333333334281e+01
9.416666666666665719e+01 9.333333333333334281e+01 9.500000000000000000e+01
9.416666666666665719e+01 9.333333333333332860e+01 9.499999999999998579e+01
9.333333333333332860e+01 9.416666666666665719e+01 9.583333333333332860e+01
9.333333333333334281e+01 9.416666666666665719e+01 9.499999999999998579e+01
9.333333333333334281e+01 9.500000000000000000e+01 9.583333333333332860e+01
9.250000000000001421e+01 9.583333333333334281e+01 9.583333333333332860e+01
9.166666666666667140e+01 9.583333333333334281e+01 9.583333333333332860e+01
9.250000000000000000e+01 9.750000000000000000e+01 9.583333333333334281e+01
9.000000000000000000e+01 9.583333333333334281e+01 9.500000000000000000e+01
9.000000000000000000e+01 9.583333333333334281e+01 9.500000000000000000e+01
8.999999999999998579e+01 9.666666666666667140e+01 9.583333333333332860e+01
9.083333333333332860e+01 9.750000000000000000e+01 9.666666666666665719e+01
9.166666666666665719e+01 9.666666666666665719e+01 9.583333333333332860e+01
9.083333333333332860e+01 9.666666666666665719e+01 9.666666666666665719e+01
9.083333333333332860e+01 9.583333333333332860e+01 9.583333333333332860e+01
9.249999999999998579e+01 9.583333333333332860e+01 9.666666666666665719e+01
9.333333333333332860e+01 9.583333333333332860e+01 9.666666666666665719e+01
9.333333333333334281e+01 9.583333333333334281e+01 9.666666666666665719e+01
9.500000000000000000e+01 9.666666666666665719e+01 9.666666666666665719e+01
9.583333333333334281e+01 9.750000000000000000e+01 9.750000000000000000e+01
9.666666666666665719e+01 9.750000000000000000e+01 9.750000000000000000e+01
9.666666666666665719e+01 9.666666666666665719e+01 9.666666666666665719e+01
9.750000000000000000e+01 9.750000000000000000e+01 9.750000000000000000e+01
9.833333333333334281e+01 9.666666666666665719e+01 9.750000000000000000e+01
9.916666666666667140e+01 9.750000000000000000e+01 9.833333333333334281e+01
9.916666666666667140e+01 9.666666666666665719e+01 9.833333333333334281e+01
9.666666666666667140e+01 9.416666666666665719e+01 9.666666666666667140e+01
9.666666666666667140e+01 9.416666666666665719e+01 9.666666666666667140e+01
9.750000000000000000e+01 9.500000000000000000e+01 9.750000000000001421e+01
9.666666666666665719e+01 9.500000000000000000e+01 9.750000000000001421e+01
9.666666666666665719e+01 9.500000000000000000e+01 9.750000000000000000e+01
9.666666666666665719e+01 9.583333333333334281e+01 9.833333333333332860e+01
9.666666666666665719e+01 9.583333333333334281e+01 9.833333333333332860e+01
9.583333333333332860e+01 9.583333333333334281e+01 9.749999999999998579e+01
9.583333333333334281e+01 9.583333333333334281e+01 9.749999999999998579e+01
9.583333333333334281e+01 9.666666666666665719e+01 9.749999999999998579e+01
9.833333333333334281e+01 9.916666666666665719e+01 9.916666666666665719e+01
9.833333333333334281e+01 9.916666666666665719e+01 9.916666666666665719e+01
9.750000000000000000e+01 9.750000000000001421e+01 9.833333333333334281e+01
9.583333333333334281e+01 9.583333333333334281e+01 9.666666666666667140e+01
9.500000000000000000e+01 9.500000000000001421e+01 9.583333333333334281e+01
9.500000000000000000e+01 9.500000000000001421e+01 9.583333333333334281e+01
9.333333333333334281e+01 9.333333333333334281e+01 9.500000000000000000e+01
9.333333333333334281e+01 9.333333333333332860e+01 9.499999999999998579e+01
9.333333333333334281e+01 9.333333333333332860e+01 9.499999999999998579e+01
9.250000000000000000e+01 9.249999999999998579e+01 9.416666666666665719e+01
9.166666666666665719e+01 9.249999999999998579e+01 9.416666666666665719e+01
9.166666666666665719e+01 9.249999999999998579e+01 9.416666666666665719e+01
9.083333333333334281e+01 9.333333333333332860e+01 9.416666666666665719e+01
9.250000000000000000e+01 9.500000000000000000e+01 9.583333333333334281e+01
9.250000000000000000e+01 9.416666666666667140e+01 9.583333333333332860e+01
9.250000000000000000e+01 9.416666666666667140e+01 9.583333333333332860e+01
9.416666666666665719e+01 9.583333333333334281e+01 9.666666666666665719e+01
9.416666666666665719e+01 9.583333333333334281e+01 9.666666666666665719e+01
9.333333333333332860e+01 9.500000000000000000e+01 9.583333333333332860e+01
9.333333333333332860e+01 9.499999999999998579e+01 9.583333333333332860e+01
9.416666666666665719e+01 9.416666666666665719e+01 9.583333333333332860e+01
9.250000000000000000e+01 9.333333333333331439e+01 9.499999999999998579e+01
9.166666666666667140e+01 9.249999999999998579e+01 9.416666666666665719e+01
9.166666666666667140e+01 9.250000000000000000e+01 9.416666666666667140e+01
9.250000000000000000e+01 9.416666666666667140e+01 9.500000000000000000e+01
9.166666666666665719e+01 9.333333333333334281e+01 9.416666666666667140e+01
9.166666666666665719e+01 9.250000000000000000e+01 9.416666666666665719e+01
9.166666666666665719e+01 9.333333333333332860e+01 9.500000000000000000e+01
8.916666666666665719e+01 9.249999999999998579e+01 9.583333333333334281e+01
8.916666666666665719e+01 9.250000000000000000e+01 9.583333333333332860e+01
8.916666666666665719e+01 9.333333333333334281e+01 9.583333333333334281e+01
9.083333333333332860e+01 9.416666666666667140e+01 9.666666666666665719e+01
9.166666666666667140e+01 9.500000000000000000e+01 9.833333333333334281e+01
9.250000000000001421e+01 9.500000000000000000e+01 9.833333333333334281e+01
9.250000000000001421e+01 9.500000000000000000e+01 9.833333333333334281e+01
9.250000000000000000e+01 9.500000000000000000e+01 9.833333333333334281e+01
9.250000000000000000e+01 9.583333333333332860e+01 9.833333333333334281e+01
9.333333333333334281e+01 9.583333333333334281e+01 9.833333333333334281e+01
9.583333333333332860e+01 9.666666666666665719e+01 9.750000000000000000e+01
9.666666666666665719e+01 9.750000000000000000e+01 9.833333333333332860e+01
9.583333333333332860e+01 9.666666666666665719e+01 9.750000000000000000e+01
9.416666666666665719e+01 9.500000000000000000e+01 9.666666666666665719e+01
9.500000000000000000e+01 9.583333333333334281e+01 9.666666666666665719e+01
9.416666666666665719e+01 9.500000000000000000e+01 9.583333333333332860e+01
9.416666666666665719e+01 9.500000000000000000e+01 9.583333333333332860e+01
9.500000000000000000e+01 9.583333333333334281e+01 9.666666666666665719e+01
9.500000000000000000e+01 9.583333333333334281e+01 9.666666666666665719e+01
9.416666666666665719e+01 9.500000000000000000e+01 9.583333333333334281e+01
9.416666666666665719e+01 9.500000000000000000e+01 9.583333333333332860e+01
9.416666666666665719e+01 9.500000000000000000e+01 9.583333333333332860e+01
9.416666666666665719e+01 9.499999999999998579e+01 9.583333333333332860e+01
9.583333333333332860e+01 9.666666666666665719e+01 9.666666666666665719e+01
9.666666666666665719e+01 9.666666666666665719e+01 9.666666666666665719e+01
9.583333333333334281e+01 9.583333333333334281e+01 9.666666666666665719e+01
9.500000000000000000e+01 9.500000000000000000e+01 9.583333333333332860e+01
9.500000000000000000e+01 9.500000000000000000e+01 9.583333333333332860e+01
9.416666666666665719e+01 9.416666666666665719e+01 9.499999999999998579e+01
9.500000000000000000e+01 9.500000000000000000e+01 9.583333333333332860e+01
9.583333333333332860e+01 9.583333333333332860e+01 9.666666666666665719e+01
9.500000000000000000e+01 9.500000000000000000e+01 9.666666666666665719e+01
9.499999999999998579e+01 9.499999999999998579e+01 9.666666666666665719e+01
9.416666666666665719e+01 9.416666666666665719e+01 9.583333333333332860e+01
9.416666666666665719e+01 9.416666666666665719e+01 9.583333333333332860e+01
9.583333333333332860e+01 9.583333333333332860e+01 9.666666666666665719e+01
9.666666666666665719e+01 9.666666666666665719e+01 9.750000000000000000e+01
9.666666666666667140e+01 9.666666666666667140e+01 9.750000000000000000e+01
9.583333333333334281e+01 9.666666666666665719e+01 9.750000000000000000e+01
9.583333333333334281e+01 9.666666666666665719e+01 9.750000000000000000e+01
9.583333333333334281e+01 9.666666666666665719e+01 9.750000000000000000e+01
9.416666666666667140e+01 9.500000000000000000e+01 9.583333333333334281e+01
9.500000000000000000e+01 9.500000000000000000e+01 9.666666666666667140e+01
9.416666666666665719e+01 9.500000000000000000e+01 9.666666666666667140e+01
9.333333333333332860e+01 9.416666666666665719e+01 9.583333333333334281e+01
9.166666666666665719e+01 9.333333333333332860e+01 9.499999999999998579e+01
9.166666666666665719e+01 9.333333333333332860e+01 9.499999999999998579e+01
9.166666666666665719e+01 9.333333333333332860e+01 9.499999999999998579e+01
9.250000000000000000e+01 9.333333333333332860e+01 9.583333333333332860e+01
9.250000000000000000e+01 9.333333333333334281e+01 9.583333333333334281e+01
9.249999999999998579e+01 9.250000000000000000e+01 9.583333333333334281e+01
9.499999999999998579e+01 9.500000000000000000e+01 9.750000000000000000e+01
9.500000000000000000e+01 9.583333333333332860e+01 9.750000000000000000e+01
9.583333333333334281e+01 9.583333333333332860e+01 9.750000000000000000e+01
9.583333333333332860e+01 9.500000000000000000e+01 9.750000000000000000e+01
9.666666666666665719e+01 9.500000000000000000e+01 9.749999999999998579e+01
9.666666666666665719e+01 9.500000000000000000e+01 9.749999999999998579e+01
9.666666666666665719e+01 9.500000000000000000e+01 9.749999999999998579e+01
9.666666666666665719e+01 9.583333333333334281e+01 9.750000000000000000e+01
9.666666666666665719e+01 9.583333333333334281e+01 9.750000000000000000e+01
9.666666666666665719e+01 9.666666666666667140e+01 9.750000000000000000e+01
9.666666666666665719e+01 9.583333333333334281e+01 9.750000000000000000e+01
9.666666666666665719e+01 9.583333333333334281e+01 9.750000000000000000e+01
9.666666666666665719e+01 9.666666666666665719e+01 9.833333333333334281e+01
9.750000000000000000e+01 9.833333333333334281e+01 9.833333333333334281e+01
9.750000000000000000e+01 9.833333333333332860e+01 9.833333333333332860e+01
9.750000000000000000e+01 9.833333333333334281e+01 9.833333333333332860e+01
9.666666666666665719e+01 9.750000000000000000e+01 9.749999999999998579e+01
9.750000000000000000e+01 9.750000000000000000e+01 9.749999999999998579e+01
9.750000000000000000e+01 9.750000000000000000e+01 9.750000000000000000e+01
9.750000000000000000e+01 9.750000000000000000e+01 9.750000000000000000e+01
9.583333333333334281e+01 9.750000000000000000e+01 9.666666666666665719e+01
9.500000000000000000e+01 9.666666666666665719e+01 9.583333333333332860e+01
9.583333333333334281e+01 9.666666666666665719e+01 9.583333333333332860e+01
9.500000000000000000e+01 9.583333333333332860e+01 9.583333333333332860e+01
9.499999999999998579e+01 9.583333333333332860e+01 9.583333333333332860e+01
9.416666666666665719e+01 9.499999999999998579e+01 9.499999999999998579e+01
9.416666666666665719e+01 9.499999999999998579e+01 9.499999999999998579e+01
9.416666666666665719e+01 9.416666666666665719e+01 9.416666666666665719e+01
9.333333333333332860e+01 9.333333333333332860e+01 9.333333333333332860e+01
9.333333333333332860e+01 9.333333333333332860e+01 9.333333333333332860e+01
9.500000000000000000e+01 9.416666666666665719e+01 9.416666666666665719e+01
9.583333333333334281e+01 9.500000000000000000e+01 9.500000000000000000e+01
9.500000000000000000e+01 9.416666666666665719e+01 9.416666666666665719e+01
9.583333333333334281e+01 9.500000000000000000e+01 9.500000000000000000e+01
9.666666666666665719e+01 9.583333333333334281e+01 9.583333333333334281e+01
9.750000000000000000e+01 9.666666666666665719e+01 9.666666666666665719e+01
9.833333333333334281e+01 9.750000000000000000e+01 9.750000000000000000e+01
9.833333333333334281e+01 9.833333333333334281e+01 9.833333333333334281e+01
9.916666666666667140e+01 9.916666666666667140e+01 9.916666666666667140e+01
9.750000000000001421e+01 9.750000000000001421e+01 9.750000000000001421e+01
9.750000000000001421e+01 9.750000000000001421e+01 9.750000000000001421e+01
9.750000000000001421e+01 9.750000000000001421e+01 9.750000000000001421e+01
9.833333333333334281e+01 9.833333333333334281e+01 9.833333333333334281e+01
9.750000000000000000e+01 9.750000000000000000e+01 9.750000000000000000e+01
9.749999999999998579e+01 9.749999999999998579e+01 9.749999999999998579e+01
9.749999999999998579e+01 9.749999999999998579e+01 9.749999999999998579e+01
9.749999999999998579e+01 9.749999999999998579e+01 9.749999999999998579e+01
9.750000000000000000e+01 9.750000000000000000e+01 9.750000000000000000e+01
9.666666666666665719e+01 9.666666666666665719e+01 9.666666666666665719e+01
9.833333333333334281e+01 9.833333333333334281e+01 9.833333333333334281e+01
9.833333333333334281e+01 9.833333333333334281e+01 9.833333333333334281e+01
9.750000000000000000e+01 9.750000000000000000e+01 9.750000000000000000e+01
9.583333333333334281e+01 9.583333333333334281e+01 9.583333333333334281e+01
9.666666666666667140e+01 9.666666666666667140e+01 9.666666666666667140e+01
9.583333333333334281e+01 9.583333333333334281e+01 9.583333333333334281e+01
9.583333333333334281e+01 9.583333333333334281e+01 9.583333333333334281e+01
9.500000000000000000e+01 9.500000000000000000e+01 9.500000000000000000e+01
9.500000000000000000e+01 9.500000000000000000e+01 9.500000000000000000e+01
9.583333333333332860e+01 9.583333333333332860e+01 9.583333333333332860e+01
9.500000000000000000e+01 9.500000000000000000e+01 9.500000000000000000e+01
9.500000000000000000e+01 9.500000000000000000e+01 9.500000000000000000e+01
9.583333333333334281e+01 9.583333333333334281e+01 9.583333333333334281e+01
9.666666666666665719e+01 9.666666666666665719e+01 9.666666666666665719e+01
9.666666666666665719e+01 9.583333333333332860e+01 9.666666666666665719e+01
9.666666666666665719e+01 9.583333333333332860e+01 9.666666666666665719e+01
9.666666666666665719e+01 9.583333333333332860e+01 9.666666666666665719e+01
9.583333333333334281e+01 9.500000000000000000e+01 9.583333333333334281e+01
9.500000000000000000e+01 9.416666666666665719e+01 9.500000000000000000e+01
9.416666666666665719e+01 9.333333333333334281e+01 9.416666666666665719e+01
9.500000000000000000e+01 9.416666666666665719e+01 9.500000000000000000e+01
9.416666666666665719e+01 9.333333333333332860e+01 9.416666666666665719e+01
9.416666666666665719e+01 9.249999999999998579e+01 9.416666666666665719e+01
9.416666666666665719e+01 9.333333333333332860e+01 9.500000000000000000e+01
9.416666666666665719e+01 9.333333333333332860e+01 9.416666666666665719e+01
9.500000000000000000e+01 9.416666666666665719e+01 9.500000000000000000e+01
9.500000000000000000e+01 9.416666666666665719e+01 9.500000000000000000e+01
9.666666666666667140e+01 9.583333333333334281e+01 9.666666666666665719e+01
9.583333333333334281e+01 9.500000000000001421e+01 9.583333333333334281e+01
9.583333333333334281e+01 9.500000000000000000e+01 9.500000000000001421e+01
9.500000000000000000e+01 9.333333333333334281e+01 9.416666666666667140e+01
9.583333333333334281e+01 9.416666666666667140e+01 9.500000000000001421e+01
9.499999999999998579e+01 9.416666666666665719e+01 9.416666666666665719e+01
9.583333333333332860e+01 9.416666666666665719e+01 9.416666666666665719e+01
9.583333333333332860e+01 9.416666666666665719e+01 9.416666666666665719e+01
9.500000000000000000e+01 9.333333333333331439e+01 9.333333333333331439e+01
9.500000000000000000e+01 9.333333333333332860e+01 9.333333333333332860e+01
9.500000000000000000e+01 9.333333333333332860e+01 9.249999999999998579e+01
9.500000000000000000e+01 9.333333333333334281e+01 9.250000000000000000e+01
9.583333333333334281e+01 9.416666666666667140e+01 9.416666666666667140e+01
9.666666666666667140e+01 9.583333333333334281e+01 9.500000000000000000e+01
9.583333333333334281e+01 9.500000000000000000e+01 9.416666666666667140e+01
9.666666666666665719e+01 9.583333333333334281e+01 9.500000000000000000e+01
9.500000000000000000e+01 9.416666666666667140e+01 9.333333333333334281e+01
9.416666666666665719e+01 9.500000000000000000e+01 9.416666666666667140e+01
9.416666666666665719e+01 9.500000000000000000e+01 9.500000000000000000e+01
9.416666666666665719e+01 9.416666666666665719e+01 9.416666666666667140e+01
9.416666666666665719e+01 9.250000000000000000e+01 9.500000000000000000e+01
9.416666666666665719e+01 9.250000000000000000e+01 9.500000000000000000e+01
9.333333333333334281e+01 9.166666666666665719e+01 9.416666666666665719e+01
9.333333333333334281e+01 9.166666666666667140e+01 9.416666666666665719e+01
9.416666666666667140e+01 9.250000000000000000e+01 9.500000000000000000e+01
9.416666666666665719e+01 9.250000000000000000e+01 9.500000000000000000e+01
9.500000000000000000e+01 9.333333333333332860e+01 9.666666666666665719e+01
9.500000000000000000e+01 9.250000000000000000e+01 9.583333333333334281e+01
9.583333333333332860e+01 9.333333333333332860e+01 9.583333333333334281e+01
9.499999999999998579e+01 9.333333333333331439e+01 9.583333333333332860e+01
9.499999999999998579e+01 9.499999999999998579e+01 9.583333333333332860e+01
9.666666666666665719e+01 9.666666666666665719e+01 9.750000000000000000e+01
9.666666666666665719e+01 9.666666666666665719e+01 9.750000000000000000e+01
9.666666666666665719e+01 9.666666666666665719e+01 9.750000000000000000e+01
9.666666666666665719e+01 9.666666666666665719e+01 9.750000000000000000e+01
9.666666666666665719e+01 9.666666666666665719e+01 9.750000000000000000e+01
9.750000000000000000e+01 9.750000000000000000e+01 9.750000000000000000e+01
9.833333333333334281e+01 9.833333333333334281e+01 9.833333333333334281e+01
9.750000000000000000e+01 9.750000000000000000e+01 9.833333333333334281e+01
9.833333333333334281e+01 9.833333333333334281e+01 9.916666666666667140e+01
9.750000000000000000e+01 9.666666666666667140e+01 9.750000000000001421e+01
9.750000000000000000e+01 9.666666666666667140e+01 9.750000000000001421e+01
9.749999999999998579e+01 9.666666666666665719e+01 9.750000000000000000e+01
9.666666666666665719e+01 9.583333333333334281e+01 9.666666666666665719e+01
9.500000000000000000e+01 9.416666666666665719e+01 9.500000000000000000e+01
9.500000000000000000e+01 9.416666666666665719e+01 9.499999999999998579e+01
9.416666666666665719e+01 9.333333333333332860e+01 9.416666666666665719e+01
9.250000000000001421e+01 9.250000000000000000e+01 9.416666666666665719e+01
9.250000000000000000e+01 9.249999999999998579e+01 9.333333333333332860e+01
9.166666666666665719e+01 9.166666666666665719e+01 9.249999999999998579e+01
9.166666666666665719e+01 9.333333333333332860e+01 9.416666666666665719e+01
9.083333333333332860e+01 9.249999999999998579e+01 9.333333333333332860e+01
9.083333333333331439e+01 9.249999999999998579e+01 9.333333333333332860e+01
9.083333333333331439e+01 9.249999999999998579e+01 9.416666666666665719e+01
9.249999999999998579e+01 9.333333333333332860e+01 9.499999999999998579e+01
9.000000000000000000e+01 9.083333333333332860e+01 9.250000000000000000e+01
9.000000000000000000e+01 9.083333333333332860e+01 9.250000000000000000e+01
9.166666666666665719e+01 9.166666666666665719e+01 9.166666666666665719e+01
9.166666666666665719e+01 9.083333333333334281e+01 9.166666666666665719e+01
9.166666666666665719e+01 9.083333333333334281e+01 9.166666666666665719e+01
9.249999999999998579e+01 9.083333333333334281e+01 9.083333333333332860e+01
9.166666666666665719e+01 9.083333333333334281e+01 9.083333333333332860e+01
9.250000000000000000e+01 9.166666666666665719e+01 9.166666666666665719e+01
9.250000000000000000e+01 9.083333333333334281e+01 9.083333333333332860e+01
9.166666666666665719e+01 9.166666666666667140e+01 9.166666666666665719e+01
9.333333333333332860e+01 9.333333333333334281e+01 9.333333333333332860e+01
9.333333333333332860e+01 9.333333333333334281e+01 9.333333333333332860e+01
9.249999999999998579e+01 9.249999999999998579e+01 9.416666666666665719e+01
9.249999999999998579e+01 9.250000000000000000e+01 9.416666666666665719e+01
9.333333333333332860e+01 9.333333333333332860e+01 9.500000000000000000e+01
9.333333333333332860e+01 9.250000000000000000e+01 9.583333333333334281e+01
