-2.804253489582692353e-04
-1.130663558215685982e-03
-9.273931126568491163e-04
-1.172367327624203055e-03
-2.319095771835717919e-03
-1.993483974805332262e-03
-2.204769301952885958e-03
-2.679801842377336173e-03
-1.999861186792954715e-03
-2.128339124931600580e-03
-2.513292542439844214e-03
-1.752495473183834961e-03
-2.897710568667064349e-03
-2.907318846713487399e-03
-2.288340174293292725e-03
-2.683836981503233930e-03
-3.173881162762313968e-03
-4.381094434407152918e-03
-5.501765690642351943e-03
-8.021302833054829232e-03
-8.568927092838355547e-03
-9.865642650770738500e-03
-1.015333613799201951e-02
-1.116832881529384106e-02
-1.499083916099897343e-02
-1.459800540460042505e-02
-1.667235685242362403e-02
-2.011977230483383977e-02
-2.189834011875073372e-02
-2.101913201960604535e-02
-2.432553139734748918e-02
-2.610119469354142338e-02
-2.968969823952245443e-02
-3.326886541776212514e-02
-3.438418342180159931e-02
-3.863980470508893150e-02
-4.102588302380728164e-02
-3.833511744175289310e-02
-4.086861189850866244e-02
-4.465273399372565732e-02
-4.432609059621678976e-02
-4.897375384753870076e-02
-5.056530562583735205e-02
-5.449614094356067945e-02
-5.311660627447314237e-02
-5.131230319082826646e-02
-5.244729180268339203e-02
-5.541633078319015832e-02
-5.842116506673385862e-02
-6.209686109942469390e-02
-6.477573770244815510e-02
-6.372145364190485994e-02
-6.532917373757304857e-02
-6.520676448952604509e-02
-7.101634616975946446e-02
-8.084279712021928688e-02
-8.395612602414648240e-02
-9.058278420618084970e-02
-1.000717000255912231e-01
-1.045250632058108559e-01
-1.124855889186072710e-01
-1.185934396566632743e-01
-1.242876051622704148e-01
-1.259645346867711013e-01
-1.362695813508359166e-01
-1.415081504548197922e-01
-1.524075662294324951e-01
-1.575067177006485852e-01
-1.633185451517717990e-01
-1.674700145982737920e-01
-1.719825542372495908e-01
-1.823464638676420002e-01
-1.869304992030332291e-01
-1.902446371176502171e-01
-1.938439577761426891e-01
-2.001374767114099951e-01
-2.028477427762727936e-01
-2.139503002712128121e-01
-2.249628598205894170e-01
-2.382316317493883839e-01
-2.463835276406470542e-01
-2.461576546316150138e-01
-2.576837000305076120e-01
-2.746351376390982479e-01
-2.860379088570692008e-01
-2.996955165037555879e-01
-3.243225250457643649e-01
-3.388076716715354153e-01
-3.353980439963266669e-01
-3.483409063051166044e-01
-3.580398953082032376e-01
-3.795836158105974079e-01
-3.828781529614223023e-01
-3.939340901014405927e-01
-4.082525397358021668e-01
-4.170072297010778972e-01
-4.205868335998698138e-01
-4.297899049104921265e-01
-4.466370350702091874e-01
-4.547934456790025948e-01
-4.798149259459669191e-01
-4.823620118001120116e-01
-5.179606863455086252e-01
-5.373607162236064827e-01
-5.428119880110010564e-01
-5.643652461467690840e-01
-5.783132974669824566e-01
-5.879427119998447138e-01
-6.080765502926538391e-01
-6.065786306523408555e-01
-6.204098953358029300e-01
-6.438939151019326124e-01
-6.462323549961406233e-01
-6.631129874985554062e-01
-6.797815970341070102e-01
-6.877920674920985356e-01
-7.091752018030267335e-01
-7.458455356965539851e-01
-7.560115934821055594e-01
-7.911734102103984423e-01
-8.095259565303944971e-01
-8.143504558297047780e-01
-8.390662670067372542e-01
-8.657641522916336152e-01
-9.127510109989428466e-01
-9.488139411850486926e-01
-9.757849872070233355e-01
-9.722240939410315974e-01
-1.017888145205553929e+00
-1.044063478826237734e+00
-1.070996352210721980e+00
-1.131745798381953216e+00
-1.158650691659611542e+00
-1.181798627445509453e+00
-1.185266956993469289e+00
-1.222814142710234364e+00
-1.260888941407348529e+00
-1.316669863532696105e+00
-1.342911319259517011e+00
-1.365544556992426717e+00
-1.390593616042217873e+00
-1.410851966090203913e+00
-1.453090780148582839e+00
-1.492416640020457042e+00
-1.524686545146954231e+00
-1.524120316756157889e+00
-1.533295925047335917e+00
-1.553444071598943044e+00
-1.555868762058305155e+00
-1.596542468608116883e+00
-1.648261148272763155e+00
-1.650074245847250820e+00
-1.701262793652273952e+00
-1.735264783523906118e+00
-1.754924202291961111e+00
-1.793497785562855995e+00
-1.828438712294417012e+00
-1.851399442280013075e+00
-1.899566296727448034e+00
-1.893624846323962219e+00
-1.889752697635444845e+00
-1.949524011130409962e+00
-1.928471790974993327e+00
-1.940291459394577034e+00
-2.011266655914565327e+00
-2.049091206295011958e+00
-2.077913562555237181e+00
-2.123369246341726857e+00
-2.135155750844861977e+00
-2.209966024332337575e+00
-2.247561793945183073e+00
-2.269649328851470749e+00
-2.319950708172387799e+00
-2.353579168581208414e+00
-2.351699491857016877e+00
-2.375379592435453713e+00
-2.393989947871342228e+00
-2.396696564279015007e+00
-2.445723379107112017e+00
-2.465428436117494293e+00
-2.503831140719312121e+00
-2.514362781057815965e+00
-2.546522584701057301e+00
-2.580633789898688857e+00
-2.600769623256236951e+00
-2.620842007684247132e+00
-2.620522692803076925e+00
-2.655815050161564717e+00
-2.661481274395435470e+00
-2.656971016493179683e+00
-2.679023507827016815e+00
-2.724053076824394459e+00
-2.769231801583308172e+00
-2.792907106680056817e+00
-2.814220641142131552e+00
-2.853428692248964005e+00
-2.884584367687061945e+00
-2.923016112921671628e+00
-2.946002206997204720e+00
-2.990548941901491009e+00
-2.992218443439222941e+00
-2.995760025893595913e+00
-2.975205760482450668e+00
-2.965382329048563026e+00
-2.981629702082357003e+00
-2.975273456666488681e+00
-3.013179567740263742e+00
-3.013753047390632656e+00
-3.022876716403942510e+00
-3.029155882772511799e+00
-3.057733702068237136e+00
-3.071875832135195772e+00
-3.093254028194464045e+00
-3.106664547520782804e+00
-3.125014897513094692e+00
-3.153415703064955000e+00
-3.166667578383658643e+00
-3.168620942068154811e+00
-3.217787621669813802e+00
-3.260297161582318637e+00
-3.257757079853667026e+00
-3.260630105044807436e+00
-3.275665306480857630e+00
-3.294161025401469267e+00
-3.302464220837850739e+00
-3.352336252336058919e+00
-3.364588981063251882e+00
-3.400263992089985976e+00
-3.416418770935372606e+00
-3.383828085316166856e+00
-3.419047066332808527e+00
-3.444993490237843847e+00
-3.455076401552132470e+00
-3.484876736666626673e+00
-3.499798320245763872e+00
-3.488433621986678279e+00
-3.521636173711992335e+00
-3.522291649494941446e+00
-3.527728405048821347e+00
-3.592996063643828730e+00
-3.597860411005020520e+00
-3.607847206849716493e+00
-3.649642910709962162e+00
-3.638005465857740539e+00
-3.678501884199921079e+00
-3.672206102694271834e+00
-3.680101567082546321e+00
-3.696195310541659840e+00
-3.698724301490538213e+00
-3.713436961689043248e+00
-3.723850075243559932e+00
-3.722441492370708538e+00
-3.708849802711670751e+00
-3.719543697552995187e+00
-3.728487290673522914e+00
-3.724779873532890750e+00
-3.754596635158737428e+00
-3.776386225469392510e+00
-3.794212673281486925e+00
-3.764076229983614130e+00
-3.778887791148863418e+00
-3.834127711290404417e+00
-3.831748920967365191e+00
-3.901122451426515259e+00
-3.902893328496345848e+00
-3.929864284904101002e+00
-3.920073084236612715e+00
-3.940022212493892617e+00
-3.961511611956267664e+00
-3.992020416109181014e+00
-3.996287971301552666e+00
-4.021312344779984116e+00
-4.044220571148949617e+00
-4.002665958618235820e+00
-3.975274423993746975e+00
-3.987616200499466856e+00
-3.979395564377229189e+00
-3.936162854897079288e+00
-3.921726534425278743e+00
-3.900936457533544122e+00
-3.937547401278069792e+00
-3.935023835388129498e+00
-3.930353699703465598e+00
-3.945129622965426019e+00
-3.986725847040470061e+00
-4.000733066453350695e+00
-4.003083108956626113e+00
-4.038131086477127596e+00
-4.041718449326709539e+00
-4.099372142034182431e+00
-4.089320793296289835e+00
-4.063367039864812291e+00
-4.076254520155046634e+00
-4.110253262251744033e+00
-4.097966610652552077e+00
-4.091026055091179003e+00
-4.109719701028572203e+00
-4.122371864885431947e+00
-4.141946959546220164e+00
-4.128249625719364602e+00
-4.135158258189771452e+00
-4.123385511919655855e+00
-4.137356091193639784e+00
-4.115718474449842290e+00
-4.139876616572045975e+00
-4.155443539534835473e+00
-4.163586581825169830e+00
-4.194950760543592061e+00
-4.211995387001135960e+00
-4.228989833442954982e+00
-4.230813953860014465e+00
-4.296187427807299564e+00
-4.306330160828332865e+00
-4.369777682450765255e+00
-4.360182954841449465e+00
-4.404878947092111474e+00
-4.413578380245537502e+00
-4.411714025590965704e+00
-4.410040380284916850e+00
-4.418579854648999827e+00
-4.454032927353671845e+00
-4.466164354300873995e+00
-4.514208230542771538e+00
-4.498117557759482743e+00
-4.538932671155615495e+00
-4.550695307168973081e+00
-4.583635154682506041e+00
-4.585226847234499026e+00
-4.610824651935504725e+00
-4.586222786301049403e+00
-4.589310417242556284e+00
-4.586774337287407910e+00
-4.571871545561655203e+00
-4.529674493033143179e+00
-4.548098087842655346e+00
-4.493584052369812731e+00
-4.479236123929628555e+00
-4.486724416808678839e+00
-4.464949938981405353e+00
-4.507263296892749516e+00
-4.493080323418960020e+00
-4.508374650441954401e+00
-4.513128762529508897e+00
-4.561526954899404629e+00
-4.538245584724506010e+00
-4.588853354700384912e+00
-4.613918483580229157e+00
-4.628692537353676251e+00
-4.655884908190354388e+00
-4.640357211997498510e+00
-4.625983823249828042e+00
-4.619807820160778178e+00
-4.629787159770188509e+00
-4.656365805442658434e+00
-4.685204255825631492e+00
-4.701149087972073204e+00
-4.717822355511441579e+00
-4.704034592796565661e+00
-4.740034565147573709e+00
-4.734749182650583421e+00
-4.746495349883990578e+00
-4.738283727358558295e+00
-4.730651052690333813e+00
-4.712934446646288578e+00
-4.705003810959376587e+00
-4.695176654514475523e+00
-4.665165210658051897e+00
-4.679557320372146556e+00
-4.643438895052076631e+00
-4.682777985508943530e+00
-4.718791978048600733e+00
-4.724939431697037229e+00
-4.733551755836035824e+00
-4.744719195394212718e+00
-4.755357727802932644e+00
-4.740198510518808028e+00
-4.731411059920555218e+00
-4.734105166098119710e+00
-4.742125259250503433e+00
-4.736968625406314359e+00
-4.734152196407295676e+00
-4.744676728350661676e+00
-4.744397447095026976e+00
-4.762748940188436642e+00
-4.783482690383339175e+00
-4.814160024409207317e+00
-4.844415246769993466e+00
-4.837012391180967263e+00
-4.847550499013125958e+00
-4.857457040101040846e+00
-4.851827367794257384e+00
-4.860503743859078796e+00
-4.842041015712275076e+00
-4.830281008512056218e+00
-4.785065719039772070e+00
-4.793131056493352027e+00
-4.812577901246774204e+00
-4.833091601680961524e+00
-4.856724331370747549e+00
-4.882644028786968349e+00
-4.902136483237812925e+00
-4.893258586126025378e+00
-4.916269265961300761e+00
-4.902425733618036574e+00
-4.898937224343532293e+00
-4.906776160580406554e+00
-4.870644727490000214e+00
-4.892202667816445860e+00
-4.874282389239715130e+00
-4.854812654568305241e+00
-4.835093749902974025e+00
-4.826222781319581934e+00
-4.861140803746904382e+00
-4.879837645391864598e+00
-4.931495006590956187e+00
-4.945186411586742992e+00
-4.972607278366493411e+00
-4.971280015777415073e+00
-4.967512740069508048e+00
-4.982325939989401320e+00
-4.990615889744111300e+00
-5.004268375414875791e+00
-4.992818341839275753e+00
-5.008426864016390923e+00
-5.017794518695570360e+00
-4.980929013147854967e+00
-4.998198645422936792e+00
-4.989726438168416323e+00
-4.992082136555920258e+00
-4.970286225888642662e+00
-4.999450854688541668e+00
-5.002034767444300201e+00
-4.997366473039636325e+00
-4.976177941940905569e+00
-4.977314434883227001e+00
-4.984906411490451106e+00
-5.007863866660894558e+00
-4.991443085679230229e+00
-4.998511651419979884e+00
-5.032089487292933150e+00
-5.031053155610477390e+00
-5.051192584026941823e+00
-5.044354052170172409e+00
-5.072749584195942241e+00
-5.051102945719598836e+00
-5.044113265421733772e+00
-5.012289843405892675e+00
-5.006461180721588633e+00
-4.997169596125997870e+00
-4.969752782667524293e+00
-4.989602947066242855e+00
-4.972894973466786439e+00
-5.003317673781705111e+00
-4.989356967012627209e+00
-5.024952870626380630e+00
-5.037484458252563080e+00
-5.070107412326856355e+00
-5.083550033739631324e+00
-5.113398608405232970e+00
-5.090404244565102765e+00
-5.089207552639721577e+00
-5.069587993384381264e+00
-5.056333368398696848e+00
-5.060795525970481101e+00
-5.022723207484315999e+00
-5.027547269538957586e+00
-5.005622688108724461e+00
-5.013516043687666013e+00
-5.029352160788342019e+00
-5.079890717393654498e+00
-5.064202269879563012e+00
-5.111814393733022044e+00
-5.118077845249694668e+00
-5.126787567658186440e+00
-5.148853606827268337e+00
-5.169775452910877256e+00
-5.186223408566448256e+00
-5.193679636792181142e+00
-5.163841394387461037e+00
-5.157553363430282367e+00
-5.179210281164630558e+00
-5.185109987277932930e+00
-5.198148736446531970e+00
-5.220763751175136136e+00
-5.252171723934528913e+00
-5.264891708988693964e+00
-5.260646714156422377e+00
-5.285262521250889911e+00
-5.311853332796955485e+00
-5.319887867448954033e+00
-5.308176078790489250e+00
-5.301586557016306323e+00
-5.277087299635932816e+00
-5.281126882386034893e+00
-5.254053378032340405e+00
-5.238682142849673262e+00
-5.217197333038606999e+00
-5.212424300823153445e+00
-5.221225226498869887e+00
-5.238704945204167629e+00
-5.239596701929327693e+00
-5.240736449803017116e+00
-5.251000811242673372e+00
-5.243374786661181730e+00
-5.267579027538635827e+00
-5.258609877895010776e+00
-5.264702040779495107e+00
-5.286922486830215817e+00
-5.280015223422736881e+00
-5.279468888013384209e+00
-5.285420116464569773e+00
-5.306747011999395802e+00
-5.330635216236467855e+00
-5.324660685056515241e+00
-5.321529613860734642e+00
-5.347098020852330436e+00
-5.355673182985817959e+00
-5.360699235175983013e+00
-5.319458450010505324e+00
-5.298081551441355508e+00
-5.287846344344941940e+00
-5.288263197544053718e+00
-5.271715729811743856e+00
-5.268725483240689123e+00
-5.239851477773406430e+00
-5.222874699837481316e+00
-5.243738520107178225e+00
-5.221523365123621474e+00
-5.269460192502191553e+00
-5.266287314215743365e+00
-5.279477520985638606e+00
-5.260264493008568465e+00
-5.264928000185665091e+00
-5.253545579716413449e+00
-5.244565583661684904e+00
-5.244915153618022075e+00
-5.211501682166192140e+00
-5.191963447091337613e+00
-5.185586131442052604e+00
-5.193554010581217462e+00
-5.204812443245701914e+00
-5.219038929906383295e+00
-5.227154637492001044e+00
-5.238483608419842952e+00
-5.263859811243444042e+00
-5.251702297422887966e+00
-5.284829005346471043e+00
-5.310826067069433165e+00
-5.289803158375423031e+00
-5.281273109223487694e+00
-5.223558510615805339e+00
-5.195585744755776503e+00
-5.187725585648840010e+00
-5.193417030951833269e+00
-5.191893515537667092e+00
-5.224390984487585321e+00
-5.226428411898727866e+00
-5.237058350816722552e+00
-5.259595430212203659e+00
-5.291512695947766076e+00
-5.332497284220066192e+00
-5.355798702543640211e+00
-5.355106516762370816e+00
-5.307552294405928350e+00
-5.307649055701519458e+00
-5.284514804660613407e+00
-5.271672071111296098e+00
-5.266678581379670376e+00
-5.245867191887952252e+00
-5.222573282300959185e+00
-5.248827128393664054e+00
-5.272561507739937703e+00
-5.274715402237481143e+00
-5.334466876413623382e+00
-5.308689973965941888e+00
-5.324937153084357000e+00
-5.319425226474541191e+00
-5.319984699928668626e+00
-5.335209083544356190e+00
-5.357952285257840508e+00
-5.340552014400445913e+00
-5.324506645602784971e+00
-5.319901477102112253e+00
-5.324075945299231449e+00
-5.367588038922066040e+00
-5.358611915454018160e+00
-5.361684620095378051e+00
-5.355763816803174038e+00
-5.346511014266750017e+00
-5.346606550589052986e+00
-5.331119624621623032e+00
-5.317074045218552314e+00
-5.313050859201866594e+00
-5.300870225465972752e+00
-5.282873873046436408e+00
-5.292636986910894237e+00
-5.279414268438277880e+00
-5.307523876014519360e+00
-5.318501013239924191e+00
-5.314289011222539827e+00
-5.318458776511844732e+00
-5.349538205115534240e+00
-5.361198575175000869e+00
-5.353851150468144304e+00
-5.384680185437083821e+00
-5.368221062352456663e+00
-5.420191295410115906e+00
-5.391132909848360910e+00
-5.401691621205807259e+00
-5.375407922887457168e+00
-5.397367832013625133e+00
-5.374348086739195729e+00
-5.370907211313232565e+00
-5.382241354908067876e+00
-5.368147535562979300e+00
-5.382782956621403159e+00
-5.371410914337872988e+00
-5.364526822922332627e+00
-5.358582480062762166e+00
-5.380281052066790970e+00
-5.359571225017195850e+00
-5.356186336544478621e+00
-5.350607620649704188e+00
-5.328447021201581535e+00
-5.307678929844398041e+00
-5.294513255311587230e+00
-5.245862984824823272e+00
-5.269309148768476447e+00
-5.271677101996435688e+00
-5.268348307234097305e+00
-5.294759731199482289e+00
-5.295168384111544668e+00
-5.323424248117647473e+00
-5.328562585209960289e+00
-5.342086771672358125e+00
-5.354015768005297993e+00
-5.367727937810689021e+00
-5.337454506051639846e+00
-5.316364614760661134e+00
-5.324958059927775267e+00
-5.300988623125287624e+00
-5.297306754432561604e+00
-5.292385565989247809e+00
-5.335949692459762694e+00
-5.344973245244537097e+00
-5.371239774680491408e+00
-5.396439943943851958e+00
-5.426170257580985812e+00
-5.453606302960183783e+00
-5.439944262134491559e+00
-5.470680596486920066e+00
-5.466651454563725920e+00
-5.467802317147610225e+00
-5.459355004208247486e+00
-5.483574067667005281e+00
-5.465499589945002512e+00
-5.483509544515145606e+00
-5.490809993701509129e+00
-5.503520511282706806e+00
-5.513942930836288170e+00
-5.498410652870115989e+00
-5.526385922257329497e+00
-5.514719341478397041e+00
-5.515515318727751470e+00
-5.499446833400526202e+00
-5.494264604581568179e+00
-5.466025715087698522e+00
-5.464515076706369712e+00
-5.453796952465144621e+00
-5.474279852994063944e+00
-5.486568596188638125e+00
-5.498869870501723156e+00
-5.524848078398465923e+00
-5.525399328025717871e+00
-5.512545480782788943e+00
-5.525568246822440521e+00
-5.559253995614296784e+00
-5.550752943545127494e+00
-5.545099414124680770e+00
-5.528878144832233055e+00
-5.509668534291681574e+00
-5.488100727147444680e+00
-5.463805100708429840e+00
-5.442476325888688571e+00
-5.471758646528639858e+00
-5.462441407156807927e+00
-5.459969793030516882e+00
-5.468930015290233371e+00
-5.479261089143571795e+00
-5.481189010415201679e+00
-5.475112877690013313e+00
-5.510025215558800760e+00
-5.523820591002570168e+00
-5.534783847599758388e+00
-5.519313847035263620e+00
-5.512332137047792457e+00
-5.516080491122638207e+00
-5.489221608878004588e+00
-5.505022773993004215e+00
-5.504514016658061060e+00
-5.518146767238156336e+00
-5.492754357354027839e+00
-5.476634391255182699e+00
-5.473784525243077681e+00
-5.489775519210782662e+00
-5.501973098199047563e+00
-5.483691579837609353e+00
-5.492551178751250873e+00
-5.462949481775646099e+00
-5.461687347041044305e+00
-5.459005954013333550e+00
-5.453762856960947758e+00
-5.471964058774171136e+00
-5.479051863121311428e+00
-5.448585564292223182e+00
-5.452798144935899316e+00
-5.460386397171567374e+00
-5.484592377038792321e+00
-5.502786805677095217e+00
-5.494170345684595169e+00
-5.505727202466800030e+00
-5.506325750162027965e+00
-5.499855276554601602e+00
-5.455316643080845296e+00
-5.484538399956924160e+00
-5.476182225344669696e+00
-5.457748578934550565e+00
-5.449386547722363083e+00
-5.461964300608975087e+00
-5.488645005871314098e+00
-5.505366586943390317e+00
-5.517319975071416138e+00
-5.554688515747041144e+00
-5.578893625612916907e+00
-5.587305860594602436e+00
-5.613546385717475218e+00
-5.631692520644066668e+00
-5.619572112410095244e+00
-5.603759718387328448e+00
-5.603665702304679641e+00
-5.577172426139025418e+00
-5.564321398149473019e+00
-5.538339801999947909e+00
-5.593056640922398515e+00
-5.607552670395054228e+00
-5.622200192456881851e+00
-5.632372606496043765e+00
-5.619606879415387723e+00
-5.627215096123937776e+00
-5.627476155253324563e+00
-5.646639548031080480e+00
-5.663627646193612364e+00
-5.658486012002590826e+00
-5.643011063776437908e+00
-5.602255099414440664e+00
-5.574027791015035760e+00
-5.563846390942549291e+00
-5.597688329377639604e+00
-5.598080906552787894e+00
-5.560677065123800666e+00
-5.589095446731211503e+00
-5.591525340664352584e+00
-5.611300989866028210e+00
-5.571666734319048686e+00
-5.570647208404388095e+00
-5.557153009323767989e+00
-5.563873788692967892e+00
-5.549277494377092168e+00
-5.531287019921491854e+00
-5.548145594558418381e+00
-5.519206699889191547e+00
-5.512063236337197303e+00
-5.510832896526749458e+00
-5.525906355742928433e+00
-5.538174195299204072e+00
-5.563427126600839934e+00
-5.564371563657185327e+00
-5.556140483225479265e+00
-5.593400918917630804e+00
-5.600127088143905141e+00
-5.590182678767687818e+00
-5.595599124677719693e+00
-5.568248205297189557e+00
-5.573996177708059996e+00
-5.556961610772395588e+00
-5.553940910504069350e+00
-5.536104756050455045e+00
-5.542373952374268775e+00
-5.542214671771392709e+00
-5.558789366204171856e+00
-5.591471782903232324e+00
-5.591720508425906289e+00
-5.601791443510157009e+00
-5.604371262201710557e+00
-5.599442876277516135e+00
-5.579810559486870325e+00
-5.581521977296828751e+00
-5.592258324567262129e+00
-5.569829717996450213e+00
-5.572012189408063421e+00
-5.572254469885644212e+00
-5.577368685588480091e+00
-5.589620748669969608e+00
-5.603814606862409065e+00
-5.641359402729794859e+00
-5.684074009205454914e+00
-5.699975238645308195e+00
-5.718221751841630507e+00
-5.710368018707138837e+00
-5.717655114695034513e+00
-5.708979822155262340e+00
-5.695171608653495809e+00
-5.672581768033716720e+00
-5.654900868672610770e+00
-5.665760402713463151e+00
-5.638425756160368785e+00
-5.652918090811435370e+00
-5.629946640694940996e+00
-5.649459640775497782e+00
-5.672881873628131899e+00
-5.658612549466388586e+00
-5.669816380125950239e+00
-5.696408587619520070e+00
-5.711620317959199333e+00
-5.686583721815891224e+00
-5.685592485246855787e+00
-5.675997117044065732e+00
-5.689954056074435940e+00
-5.709668911050862050e+00
-5.687329238922460561e+00
-5.704987664059300911e+00
-5.713480320723848038e+00
-5.717184565819627196e+00
-5.736781036693488822e+00
-5.761325135378550399e+00
-5.798615929134173008e+00
-5.807269413108570255e+00
-5.796797074310154230e+00
-5.763956916905032202e+00
-5.757079806566103741e+00
-5.742954308841880184e+00
-5.730270060991720094e+00
-5.725547230975966961e+00
-5.697814604591267873e+00
-5.688881324269703832e+00
-5.661670268841744402e+00
-5.675380831372097923e+00
-5.697445108895022869e+00
-5.709994078220800517e+00
-5.731691723534359184e+00
-5.741821019449100838e+00
-5.732209334143839818e+00
-5.729941996666608084e+00
-5.737119744230188445e+00
-5.733588082695700194e+00
-5.702734608999318944e+00
-5.673532302361182111e+00
-5.659914442433373161e+00
-5.670136542725815687e+00
-5.661235320161226880e+00
-5.631834694488483173e+00
-5.653711067863381068e+00
-5.665557972478621807e+00
-5.698723369324568466e+00
-5.716638519749750458e+00
-5.741788700465521700e+00
-5.735069474904449294e+00
-5.740159383963960416e+00
-5.721491185978538674e+00
-5.691533956995601606e+00
-5.676423473942007192e+00
-5.674442476712094674e+00
-5.644449667567454476e+00
-5.588791034701438676e+00
-5.541708262178959288e+00
-5.540746624607195692e+00
-5.580803106054031737e+00
-5.581412085875877338e+00
-5.592725112281551780e+00
-5.597861816687720982e+00
-5.646622329140766006e+00
-5.606222232251238502e+00
-5.630574395621922967e+00
-5.653098104204862473e+00
-5.639006846895904701e+00
-5.656957480011554296e+00
-5.617591276803404199e+00
-5.622411642137573828e+00
-5.613226368587793225e+00
-5.611351531866406006e+00
-5.583635680314447569e+00
-5.605990574401982229e+00
-5.604619319402101674e+00
-5.614483872053908087e+00
-5.653703009622280007e+00
-5.646542946758065895e+00
-5.628952560273562611e+00
-5.644712089897275575e+00
-5.658781628845309442e+00
-5.671392083453284272e+00
-5.689780277039199419e+00
-5.701190010947146725e+00
-5.713722507958285846e+00
-5.701255675262802747e+00
-5.708332220524274803e+00
-5.690670859578180973e+00
-5.710867432016114797e+00
-5.676093376715350303e+00
-5.654350827096382481e+00
-5.651991875307291302e+00
-5.642910932364308074e+00
-5.649530301771283014e+00
-5.628170437303512408e+00
-5.627132755508040596e+00
-5.606959215741220248e+00
-5.602676013954180689e+00
-5.618540052134055607e+00
-5.631173416702399237e+00
-5.651274757503751189e+00
-5.649504489262822560e+00
-5.668246441486646248e+00
-5.668571670498063320e+00
-5.662495533935172354e+00
-5.644820014756985138e+00
-5.653996984623864464e+00
-5.658692616063698111e+00
-5.660219814347742684e+00
-5.628120876762327640e+00
-5.620110610200127255e+00
-5.612223693118428614e+00
-5.604046590939643302e+00
-5.569839947281379544e+00
-5.580226391378565687e+00
-5.601948087083161276e+00
-5.592879151622257794e+00
-5.616025964609767662e+00
-5.614955009654821971e+00
-5.630091494798771912e+00
-5.637466925033557175e+00
-5.653367946114817855e+00
-5.622897276541537259e+00
-5.665746129718675306e+00
-5.660781138602477114e+00
-5.656515224216109416e+00
-5.680098514414107846e+00
-5.645395079021792384e+00
-5.614629494436799817e+00
-5.610181964108508446e+00
-5.604424682290203741e+00
-5.587006587078128916e+00
-5.618023283842890514e+00
-5.584805516127681280e+00
-5.593882454302649521e+00
-5.576682738523290439e+00
-5.545107101957620799e+00
-5.529760845822385917e+00
-5.537799723599748702e+00
-5.529040522581302852e+00
-5.520887933481365195e+00
-5.522232945995112274e+00
-5.513491123444524966e+00
-5.514529503906201668e+00
-5.506221926472187889e+00
-5.522038901212246387e+00
-5.509429454990919517e+00
-5.540680945078806374e+00
-5.539724421603777316e+00
-5.528160726259882196e+00
-5.544727082817255237e+00
-5.524204041868125969e+00
-5.522909639108910973e+00
-5.526002353621604968e+00
-5.508962174126924793e+00
-5.513666191566884756e+00
-5.523538462073135591e+00
-5.528519988117476913e+00
-5.512425995416844415e+00
-5.564041797295504743e+00
-5.552178054501321292e+00
-5.583442130955236671e+00
-5.596650929815533360e+00
-5.599423922093291317e+00
-5.628188467789062344e+00
-5.603498725065533037e+00
-5.614950271144900640e+00
-5.600733425083356920e+00
-5.619890135956946864e+00
-5.606912693455293528e+00
-5.602994509885355967e+00
-5.603062857680916942e+00
-5.585116331968383641e+00
-5.603156333718570359e+00
