-9.658984708521101831e-03 -1.024120845341185485e-02 -4.546422039145972321e-04
-9.086563201546533561e-03 -7.978095122708878800e-03 -4.915130879421953855e-03
-2.461516385352756006e-02 -1.815251445960412019e-02 -9.314798099864549791e-03
-1.938136139543004260e-02 -1.192801176672957097e-02 -7.917844925608819029e-03
-2.010575050202659600e-02 -1.219936485532637817e-02 -1.331720984346695426e-02
-4.465615415761047674e-02 -4.042640777514167755e-02 -2.114973197218517065e-02
-6.696809660818717203e-02 -6.427209722951264526e-02 -2.868676724425175961e-02
-7.686832394464945817e-02 -6.032840593969200638e-02 -2.668999262189842778e-02
-9.726420835214347194e-02 -6.557879942193524381e-02 -2.562285832177354367e-02
-1.127983656164221193e-01 -8.379728717207984845e-02 -2.722869269443587564e-02
-1.090032709075180739e-01 -7.603179817879039681e-02 -3.435146648348466614e-02
-1.210115056734651223e-01 -7.537338433678787697e-02 -3.369694607456281965e-02
-1.218581789704488993e-01 -7.147682085321009626e-02 -3.723338046574599380e-02
-1.624810730569071215e-01 -1.053415463452425371e-01 -6.380476352264703721e-02
-2.378982210362180771e-01 -1.421497932020724941e-01 -7.359637348084810404e-02
-2.515691093374211595e-01 -1.449481965202816247e-01 -9.018013334137947590e-02
-2.608816038856252573e-01 -1.508266635419108770e-01 -9.955363659487985462e-02
-3.320028320893860796e-01 -1.977588176618983729e-01 -1.373261087256684720e-01
-3.085043944791122095e-01 -2.065901389914545361e-01 -1.848880514614529569e-01
-2.810679365979064648e-01 -1.768615583106864231e-01 -2.098701213105204355e-01
-3.345436713483881941e-01 -2.062772035366298995e-01 -2.602876427538171056e-01
-4.216493862763661116e-01 -2.814083748075507652e-01 -3.270339079583762798e-01
-5.249371759729763998e-01 -3.279527390897983841e-01 -4.410526865211392145e-01
-6.263716022071617040e-01 -3.955275690105631292e-01 -5.267016006895801628e-01
-6.512308068023291430e-01 -4.220084749140255442e-01 -6.311020167364738143e-01
-7.144950401537047968e-01 -4.367673990745747359e-01 -6.719762275476288682e-01
-8.075243801048017644e-01 -4.871017742939970918e-01 -9.468024482502626071e-01
-8.511254689136384943e-01 -4.741272410766141365e-01 -1.129022744001227263e+00
-8.644606728185643130e-01 -4.856374837522686727e-01 -1.166890795566148942e+00
-8.975890037997995563e-01 -5.248034595745891817e-01 -1.207842126660394699e+00
-9.342290768710993509e-01 -5.548072252722545672e-01 -1.364517622744900960e+00
-9.970224551823495540e-01 -5.778697029798489648e-01 -1.550087719241488582e+00
-8.877209686656322152e-01 -5.169611861625800220e-01 -1.561471858843568317e+00
-8.471528413878746111e-01 -4.758204357621751979e-01 -1.714329515404352522e+00
-8.814529316318809871e-01 -5.059742208943662778e-01 -1.969559144712828225e+00
-9.732429608958869105e-01 -6.139708250011706170e-01 -2.128392591973727654e+00
-1.043068233534523603e+00 -6.876125862651150111e-01 -2.179374049310483397e+00
-1.081981904289056162e+00 -7.808241087649540058e-01 -2.283899894165327460e+00
-1.273525446014134310e+00 -9.289943861723377605e-01 -2.620085832823491945e+00
-1.412438484486249202e+00 -1.008156822096158534e+00 -2.962399154366386789e+00
-1.458303865523092435e+00 -9.891126826545043604e-01 -3.120052891087648383e+00
-1.519295806640152291e+00 -9.985009848427169876e-01 -3.268038021900026457e+00
-1.729441186394839347e+00 -1.190880151257068365e+00 -3.532156311184606157e+00
-1.983494013987509019e+00 -1.356237546358154633e+00 -3.711192464692666615e+00
-2.089204236596427400e+00 -1.447507579705157310e+00 -3.793195766156325810e+00
-2.185778543912227256e+00 -1.484869069986125112e+00 -3.933516369074983920e+00
-2.212705288251644475e+00 -1.484723206459654055e+00 -3.856386922182541532e+00
-2.390665441777512612e+00 -1.578409466527165517e+00 -3.965256927034033652e+00
-2.491482776006270772e+00 -1.578994257387184685e+00 -3.967394397037362186e+00
-2.696192248836428718e+00 -1.760430233816197898e+00 -3.987388909620698918e+00
-2.877728236355367564e+00 -2.035989295910929808e+00 -4.029182388309332730e+00
-3.043124453670329022e+00 -2.203064021554955065e+00 -4.092958869636003527e+00
-3.202598751124607901e+00 -2.271227828608002763e+00 -4.196173981540624709e+00
-3.254506777193105993e+00 -2.322753091504903722e+00 -4.265539110694524183e+00
-3.244233559112635668e+00 -2.329518644401638916e+00 -4.189195308726019640e+00
-3.410446778206919216e+00 -2.447876655178517602e+00 -4.285800546416306034e+00
-3.475479525196711883e+00 -2.486984402076912293e+00 -4.490261135206410792e+00
-3.503500153455205268e+00 -2.518795026231555489e+00 -4.538722195848651886e+00
-3.494806675318633093e+00 -2.647433020013933103e+00 -4.696609348246436610e+00
-3.449665039953309531e+00 -2.573812779489155655e+00 -4.752598154740105052e+00
-3.524693714113135368e+00 -2.412123841405025004e+00 -4.841402187689548775e+00
-3.640174837495860238e+00 -2.446111610489466237e+00 -4.995274971889794635e+00
-3.600163812017127096e+00 -2.391902718999942667e+00 -4.990267229371459834e+00
-3.575363289987066651e+00 -2.368472823144740502e+00 -5.041041006749336972e+00
-3.753547675973236242e+00 -2.413946650924209347e+00 -5.261228761349039829e+00
-3.784494789436588569e+00 -2.495718243283291837e+00 -5.426080647101095167e+00
-3.954950956187193611e+00 -2.584287872354554594e+00 -5.427160814918280174e+00
-3.952483121025057500e+00 -2.547858814040010689e+00 -5.477668481383226151e+00
-4.129572351371326278e+00 -2.565249706338988744e+00 -5.475519190481770160e+00
-4.267579423320067455e+00 -2.639495113305314167e+00 -5.599739815286023159e+00
-4.372609258118527187e+00 -2.861710635619524101e+00 -5.688271000169286218e+00
-4.368448383621610809e+00 -2.928212262806650479e+00 -5.600450439000036695e+00
-4.565813923439547395e+00 -3.146360055994214200e+00 -5.698431598138531839e+00
-4.641191661545024161e+00 -3.351257569264630032e+00 -5.756600938268334744e+00
-4.670820173023994215e+00 -3.490922150859272044e+00 -5.801145673450820439e+00
-4.608503923894128107e+00 -3.375050050782447464e+00 -5.699512096300194841e+00
-4.762300298747448757e+00 -3.652313537536684862e+00 -5.967724490787192693e+00
-4.847166658376549364e+00 -3.720957099310481020e+00 -6.092493849319171595e+00
-4.873779590521958305e+00 -3.838235442010069498e+00 -6.017723673693846642e+00
-5.028617578686406020e+00 -4.054978675989174164e+00 -6.097688391536043362e+00
-4.884883914271776817e+00 -3.865913069906884658e+00 -5.986080324191215496e+00
-5.053517641673622052e+00 -3.988661666481605916e+00 -6.168387235961264814e+00
-5.097545508768932976e+00 -4.092120436174791820e+00 -6.240400104539673087e+00
-5.188545082519324225e+00 -4.056156876721145110e+00 -6.185602019452547395e+00
-5.454540206774860067e+00 -4.146870105232745018e+00 -6.190670386019830218e+00
-5.594410090573480154e+00 -4.209616452018397403e+00 -6.251648641336704060e+00
-5.661563846089373797e+00 -4.220778860088143958e+00 -6.234679087415937460e+00
-5.899319155810863080e+00 -4.474913922630290308e+00 -6.230646947137757685e+00
-6.161815683139908906e+00 -4.579310886397097491e+00 -6.491981636526531929e+00
-6.288164549569184913e+00 -4.596405348576340089e+00 -6.586046448723355873e+00
-6.662622500008369641e+00 -4.766968184352358584e+00 -6.696004322153717325e+00
-6.670154923743412567e+00 -4.659899019107432316e+00 -6.503493397438951718e+00
-6.718694247871871639e+00 -4.540890698164813166e+00 -6.444135586229114310e+00
-6.651970164905494975e+00 -4.536064772185032901e+00 -6.611983758971265779e+00
-6.500317248108584245e+00 -4.461502825877434297e+00 -6.568163970944913999e+00
-6.669763379466947306e+00 -4.736749870275206220e+00 -6.711619274458622719e+00
-6.809697639978440797e+00 -4.717231872531391090e+00 -6.647347639634515915e+00
-6.840789698531733798e+00 -4.759915501441430941e+00 -6.718162110281850730e+00
-6.851781145743816914e+00 -4.841624928515743775e+00 -6.659188366844682960e+00
-6.963105589809150509e+00 -4.941330257326887576e+00 -6.689719296994764086e+00
-6.848286038558218713e+00 -5.009976111716740732e+00 -6.646526143965253652e+00
-6.827085352349058667e+00 -5.220473817099170688e+00 -6.825080786685840728e+00
-6.942868989279423531e+00 -5.332148165248961291e+00 -6.846197632549909429e+00
-7.244775705730168269e+00 -5.487498807014427271e+00 -6.839329521146988000e+00
-7.318054554518417021e+00 -5.472655833902617672e+00 -6.835970344219217232e+00
-7.210226152572064784e+00 -5.363046762057042116e+00 -6.783729966887841911e+00
-7.255344368534553112e+00 -5.408387993701408547e+00 -6.858125485014360478e+00
-7.303455149066330421e+00 -5.410010126665883767e+00 -6.830776911661085471e+00
-7.417867479670500863e+00 -5.417537280074054884e+00 -6.981033138834130014e+00
-7.294523753344330785e+00 -5.279406488517132345e+00 -6.894027996993122187e+00
-7.329724190925519522e+00 -5.233998972875491873e+00 -6.961642347236249861e+00
-7.548951484984792515e+00 -5.305355008628491298e+00 -7.122422989534705096e+00
-7.596249773978743569e+00 -5.375534822080116015e+00 -7.302157286024498539e+00
-7.699547162110266463e+00 -5.417445059752730607e+00 -7.429984971418619466e+00
-7.730700405638296857e+00 -5.536740934602155662e+00 -7.557701203076234719e+00
-7.892290786736478658e+00 -5.701030939454303947e+00 -7.680641482136657316e+00
-7.862969629717056819e+00 -5.637578918989830434e+00 -7.701735484305089585e+00
-7.824742270820718382e+00 -5.529541149065809513e+00 -7.631082152619772963e+00
-7.679166790713821911e+00 -5.419350234951605394e+00 -7.428876111740008170e+00
-7.727413873523173216e+00 -5.513660913499428773e+00 -7.488097952771170185e+00
-7.948379935786512362e+00 -5.819355278325149428e+00 -7.679226011022599607e+00
-7.834619017159120347e+00 -5.575529690469652522e+00 -7.418943485947191441e+00
-7.790549471343180876e+00 -5.492267823435020624e+00 -7.360844687961431987e+00
-7.782086632716574748e+00 -5.429368148681371409e+00 -7.292473831616203661e+00
-8.001394041737743379e+00 -5.612537610523308906e+00 -7.386034431377336951e+00
-7.930155737387901915e+00 -5.458376259253460816e+00 -7.381814221912859963e+00
-7.937865415058903196e+00 -5.592814247474146683e+00 -7.422763712563373417e+00
-8.045000247692936313e+00 -5.664557807459120298e+00 -7.509290953727496110e+00
-8.087589926619591196e+00 -5.736261883832193931e+00 -7.589481141775303641e+00
-7.977979371437191602e+00 -5.586622998940383056e+00 -7.526125260294678654e+00
-7.827901022789143681e+00 -5.538795153987732256e+00 -7.400535468062193090e+00
-7.644798791570750041e+00 -5.594417959335912016e+00 -7.533245883923906483e+00
-7.656123750498721847e+00 -5.739141679544067287e+00 -7.564878811327621300e+00
-7.569180610978937018e+00 -5.787688797612262626e+00 -7.587475754589286581e+00
-7.442966419044353188e+00 -5.611678004410382670e+00 -7.504938011254890462e+00
-7.581234822768595727e+00 -5.778742148206946538e+00 -7.543111236083506199e+00
-7.465540329791268803e+00 -5.604850057731587398e+00 -7.560336685990430183e+00
-7.327849368654088202e+00 -5.677554511719815622e+00 -7.643172759091678259e+00
-7.329843883677028771e+00 -5.626973656463327700e+00 -7.633069076626672889e+00
-7.396640181683213022e+00 -5.882123697205896562e+00 -7.649363793832607783e+00
-7.578145718806503339e+00 -5.896424371186365754e+00 -7.863185031132088554e+00
-7.644054547428083879e+00 -5.905716434735765574e+00 -7.928704279417519096e+00
-7.803223971014314309e+00 -5.940928323566111224e+00 -8.035957536502541743e+00
-7.643769815436752602e+00 -5.844840828581927994e+00 -8.038734442016380655e+00
-7.753881910440067138e+00 -5.973838749619396538e+00 -8.161186894887276111e+00
-7.646988156693533156e+00 -5.876603459356713799e+00 -8.125814591933520958e+00
-7.812461240962173648e+00 -6.032772452468116775e+00 -8.215877010542966374e+00
-8.022829852372844073e+00 -6.143349220516034492e+00 -8.264578850178011749e+00
-8.073725049285396693e+00 -6.191887070468318655e+00 -8.209819564401390934e+00
-8.354318134988982791e+00 -6.205441458633229601e+00 -8.404720075471514562e+00
-8.249132854954785543e+00 -6.114447737992007248e+00 -8.237505884053714311e+00
-8.556074326461958535e+00 -6.214092321835400945e+00 -8.166586881228294459e+00
-8.378086824039773006e+00 -6.010824406915732609e+00 -7.909358173145980331e+00
-8.602455936109929979e+00 -6.076205388230846438e+00 -7.747092858466233523e+00
-8.518040953326613263e+00 -5.977790698137424030e+00 -7.560112158701945972e+00
-8.907671534180446216e+00 -6.071189317643785444e+00 -7.624181099547644003e+00
-9.003106149893262966e+00 -6.098040557168873832e+00 -7.551021430093338260e+00
-8.924958386957662526e+00 -5.936557365873492031e+00 -7.486668333271706111e+00
-8.801547529669388581e+00 -5.845783812340966890e+00 -7.453706345835041880e+00
-8.724040252795257189e+00 -5.840548567475609687e+00 -7.354852811370291121e+00
-8.749397483187241420e+00 -5.856991160150381681e+00 -7.422707727591735249e+00
-8.669255530809156340e+00 -5.911487124334051657e+00 -7.485329800290688063e+00
-8.792611340043116286e+00 -6.127415485526709560e+00 -7.610299971496175431e+00
-8.822122984840422788e+00 -6.212277710526366903e+00 -7.763080070983919612e+00
-8.967318893389911949e+00 -6.385896391996285892e+00 -7.830360721960019532e+00
-8.718572359352954493e+00 -6.409611621600343589e+00 -7.879161798871933797e+00
-8.652279740913598971e+00 -6.440172171364173082e+00 -7.874713233806043711e+00
-8.604652542248066638e+00 -6.451310370901646607e+00 -7.847079492829640124e+00
-8.781668580421319703e+00 -6.638644272635400689e+00 -7.945568950902488048e+00
-8.706038592320428648e+00 -6.565861024997289519e+00 -7.899603169214015175e+00
-8.790600402292337634e+00 -6.593371760860622821e+00 -7.968473761426440483e+00
-8.723358594781883468e+00 -6.582058125546124572e+00 -7.881939110671092763e+00
-8.899550065796331566e+00 -6.684014804538046306e+00 -8.066946662177727490e+00
-8.885704147231317407e+00 -6.722184083139945976e+00 -8.050966193300206797e+00
-8.880470198829296891e+00 -6.704054292978630869e+00 -8.127760381333166251e+00
-8.906992828774036752e+00 -6.653759847534732152e+00 -7.959058954959713716e+00
-8.915733888404449914e+00 -6.526364131827895321e+00 -7.775741821477812898e+00
-9.060813805189452452e+00 -6.486128201854990394e+00 -7.785875121627340079e+00
-9.320216647401259991e+00 -6.504186997631268063e+00 -7.977694449907612118e+00
-9.510117643632858275e+00 -6.437919605626947650e+00 -7.915335163909102967e+00
-9.628475511788376906e+00 -6.627210413768236386e+00 -7.893712179388479910e+00
-9.705718232963485903e+00 -6.623558238164177325e+00 -8.013778684350743475e+00
-9.593489522345931775e+00 -6.485669794905132512e+00 -7.811734597676748493e+00
-9.391523129296420080e+00 -6.240577820520539554e+00 -7.683989116642658601e+00
-9.406133789588604799e+00 -6.283530104835266528e+00 -7.693817498979181657e+00
-9.442021530990706069e+00 -6.149709260285770362e+00 -7.623929783753065514e+00
-9.383332474180589244e+00 -6.299781606528742195e+00 -7.802329599472304089e+00
-9.525420771311329915e+00 -6.463979878557066350e+00 -7.857969787479281543e+00
-9.353917371255993984e+00 -6.337648588316604048e+00 -7.747647682769454036e+00
-9.336528069537138208e+00 -6.471073041053720942e+00 -7.862228376513023420e+00
-9.541803640336656400e+00 -6.505773976546670667e+00 -7.965547085277947303e+00
-9.835603565843854312e+00 -6.593006780484712337e+00 -8.017530990249557732e+00
-1.012539202897074908e+01 -6.740842898898675273e+00 -8.216324942427899458e+00
-1.046684076375588113e+01 -7.022068811803495514e+00 -8.424366099696584342e+00
-1.058478252437160627e+01 -6.991765347792084029e+00 -8.383397765152428960e+00
-1.061426901471283557e+01 -7.074958618355661422e+00 -8.504090686753475126e+00
-1.089043302435930549e+01 -7.036383888614717641e+00 -8.590359224686418216e+00
-1.084461278522334560e+01 -6.941831485940292978e+00 -8.554425323365952849e+00
-1.089698799089714498e+01 -6.969353902391648425e+00 -8.520278290370784546e+00
-1.097867053346754673e+01 -7.147901514938761025e+00 -8.680841126011305420e+00
-1.087202764493625828e+01 -6.993703914490896345e+00 -8.660872285473560694e+00
-1.086127210318081460e+01 -7.103152871218833653e+00 -8.709794319914056615e+00
-1.072212256312074530e+01 -7.010263308080309841e+00 -8.666540906558429569e+00
-1.064916209448830031e+01 -6.758887979058715523e+00 -8.426661531448294440e+00
-1.066519311523361679e+01 -6.833961929659459145e+00 -8.564924769270968241e+00
-1.073175311299649870e+01 -6.813840965112473391e+00 -8.680595082697248444e+00
-1.086245661513414262e+01 -6.922032047229484064e+00 -8.745290623800444862e+00
-1.110428904621884705e+01 -7.132047527959453070e+00 -8.983265600111989713e+00
-1.118973446901469870e+01 -7.171832462157672339e+00 -8.974399549146292898e+00
-1.120275745081163521e+01 -6.938446710660658212e+00 -8.747284203767311084e+00
-1.129353366979188067e+01 -6.949285841256108931e+00 -8.738931713755032860e+00
-1.126930050226629731e+01 -6.868838866237195973e+00 -8.616353919543151108e+00
-1.153458776533143215e+01 -6.896118865328260128e+00 -8.692513624754639068e+00
-1.171609725418340453e+01 -7.088780021346539506e+00 -8.879030103755940928e+00
-1.192647418404032855e+01 -7.290238178882759712e+00 -9.044741770595416952e+00
-1.211495414184189023e+01 -7.512213167039206496e+00 -9.086745008170312943e+00
-1.188191317639124733e+01 -7.465512314295525975e+00 -8.984697530670672450e+00
-1.164438645923729787e+01 -7.318468792856911875e+00 -8.826446890883955732e+00
-1.151183953093513068e+01 -7.451358283665342697e+00 -8.829676411749927567e+00
-1.163708055385380646e+01 -7.632334804509214976e+00 -8.981763080948665490e+00
-1.154083912822825297e+01 -7.611830418068788795e+00 -8.784066577540263765e+00
-1.153674072345105017e+01 -7.664399112514717949e+00 -8.757317172979531605e+00
-1.126488039178269318e+01 -7.760025762503248714e+00 -8.606695740192687794e+00
-1.131005369424417140e+01 -7.822350082712491215e+00 -8.560481622387312584e+00
-1.116592906884684488e+01 -7.461519094609286640e+00 -8.289992999625102499e+00
-1.112696700358855217e+01 -7.468870894979938946e+00 -8.139868931194888191e+00
-1.119202587385287373e+01 -7.334198360667062211e+00 -8.087100431448464022e+00
-1.128689719018943549e+01 -7.284600977777071940e+00 -8.171181615324083936e+00
-1.118668798805030917e+01 -7.023359824997814194e+00 -8.117932407002220074e+00
-1.131642779561518175e+01 -7.004069488777903807e+00 -8.206871890775218503e+00
-1.138278836849641706e+01 -6.991160565052450870e+00 -8.346880116142727957e+00
-1.145125694617163781e+01 -7.024746090451287728e+00 -8.533988081584864105e+00
-1.149386220113053447e+01 -6.877503409750906016e+00 -8.410081691992036923e+00
-1.141084181915310936e+01 -6.901123363518654408e+00 -8.516060704964887762e+00
-1.157460155362667464e+01 -7.052755394064355698e+00 -8.656053247005857543e+00
-1.173821219540137761e+01 -7.021056214375017035e+00 -8.825225654691260857e+00
-1.196101422049008001e+01 -7.120868515500778706e+00 -8.995029932722587773e+00
-1.220542496339700378e+01 -7.227785238143717095e+00 -9.011137610906876816e+00
-1.276703886817511879e+01 -7.506296272814152459e+00 -9.293646432489945042e+00
-1.249002380264035672e+01 -7.513977476157495339e+00 -9.322809924782324842e+00
-1.253486073175478488e+01 -7.569344773509970814e+00 -9.360539458311631478e+00
-1.233895834008685810e+01 -7.348775285810321023e+00 -9.143799821041003639e+00
-1.259988888352348191e+01 -7.345518364406387946e+00 -9.356019778773278617e+00
-1.269142389434854046e+01 -7.381172480429168736e+00 -9.424562950186672339e+00
-1.253842900119917125e+01 -7.368061728230176577e+00 -9.259427500167365821e+00
-1.248288237803404144e+01 -7.515281796517110813e+00 -9.377787074158490555e+00
-1.245112220371132850e+01 -7.576692764022288529e+00 -9.366844399408496002e+00
-1.213739937810719383e+01 -7.537428364459076491e+00 -9.256262409654491208e+00
-1.194045211229535219e+01 -7.519061497573749975e+00 -9.120027417366170397e+00
-1.210369330338144245e+01 -7.501922351032314751e+00 -8.955772783201942033e+00
-1.215463248646979011e+01 -7.558393506825517250e+00 -8.943705919768239809e+00
-1.259658613903655855e+01 -7.871204240321326040e+00 -9.308932754710845359e+00
-1.251724459193451011e+01 -7.998177703285753282e+00 -9.308983781620437270e+00
-1.261807933378313962e+01 -7.976077684053647587e+00 -9.261653604716602928e+00
-1.301387846847034702e+01 -8.130992029947053723e+00 -9.475033318105309021e+00
-1.310046436947249049e+01 -8.106282810721801013e+00 -9.356335347571327787e+00
-1.318129988582373890e+01 -8.031895651798906854e+00 -9.308102331029180831e+00
-1.364436240087526286e+01 -8.196667812588017910e+00 -9.364677427176587798e+00
-1.375312954887281691e+01 -8.234939607021129149e+00 -9.433120088999178421e+00
-1.405514875357959603e+01 -8.403371837770318820e+00 -9.606178059158795079e+00
-1.403567551155299498e+01 -8.417865919798796170e+00 -9.539163760642850320e+00
-1.395131567640374648e+01 -8.279395451701558883e+00 -9.325321275205228133e+00
-1.413589573828453716e+01 -8.261770605417503077e+00 -9.296485037973848620e+00
-1.430822016764741633e+01 -8.282764859897355336e+00 -9.267493909577346756e+00
-1.435055915903366142e+01 -8.317477352075336228e+00 -9.346514338444954717e+00
-1.440273491873461253e+01 -8.145869742294896909e+00 -9.323925941877638124e+00
-1.442693513722273657e+01 -8.292746411853705979e+00 -9.533296369277334037e+00
-1.444735218134457888e+01 -8.354052902998239105e+00 -9.554639328836657342e+00
-1.449987057054823048e+01 -8.550669529321574203e+00 -9.632017787495005479e+00
-1.424185858668234594e+01 -8.360766533835199965e+00 -9.516854766701737134e+00
-1.440646089309527511e+01 -8.246606921061184536e+00 -9.514483104122195556e+00
-1.407435911067413237e+01 -8.121164232095921420e+00 -9.367224023087004525e+00
-1.404415826390121325e+01 -8.071216101342752580e+00 -9.412404402563272043e+00
-1.399400133112132494e+01 -7.986000677728116948e+00 -9.287848437680803926e+00
-1.390917317639643258e+01 -7.919462161899308406e+00 -9.073803728046405226e+00
-1.415848096993604521e+01 -8.252628214778152227e+00 -9.181056459163793093e+00
-1.430887717267864900e+01 -8.243565425193107643e+00 -8.916979757276687124e+00
-1.415674365689369907e+01 -8.171031572265530230e+00 -8.972262934740871998e+00
-1.416365009801299379e+01 -7.859178571595636598e+00 -8.814381450420649244e+00
-1.421213085194246695e+01 -7.827300816121312899e+00 -8.834760882347291400e+00
-1.440066035467392247e+01 -8.048365922038763998e+00 -8.890259325975774729e+00
-1.485622960447424745e+01 -8.232655220174375899e+00 -9.103290199316603548e+00
-1.494164782742106112e+01 -8.310781920499806574e+00 -9.060135895248725646e+00
-1.479037425041522091e+01 -8.221047049267964368e+00 -9.050191317751792752e+00
-1.480512940066947714e+01 -8.060115992385053829e+00 -8.891818195843427475e+00
-1.455602670320225833e+01 -7.810818768173573012e+00 -8.788113079093244906e+00
-1.446517622863936481e+01 -7.769492112981486898e+00 -8.714425449870244478e+00
-1.445938125733563950e+01 -7.720249382708018970e+00 -8.598895788260097817e+00
-1.488954693496777359e+01 -7.929141738306695331e+00 -8.707448850592667711e+00
-1.512892539446046314e+01 -7.937693375088119119e+00 -8.719134041084171116e+00
-1.517525531825748963e+01 -7.880102426589412623e+00 -8.844484407771647128e+00
-1.517610578791573595e+01 -7.708128831201679354e+00 -8.626709275532068233e+00
-1.526409908471988786e+01 -7.756341272505475004e+00 -8.740110686200438295e+00
-1.589246707466134900e+01 -8.064536573714923051e+00 -8.963496939192840074e+00
-1.589408674796388254e+01 -8.011489482124868999e+00 -9.129968738512097559e+00
-1.618285405778267716e+01 -8.093932584539839326e+00 -9.109109435035151137e+00
-1.648103365768426087e+01 -8.252560061945102277e+00 -9.323841573379436198e+00
-1.659868693239909021e+01 -8.204677303581378922e+00 -9.221134444001027219e+00
-1.631410618323400996e+01 -8.096473180296689165e+00 -9.073833400455745490e+00
-1.627559289281642663e+01 -8.318929317876602170e+00 -8.875901255043128657e+00
-1.638009640978987136e+01 -8.561345493410518870e+00 -8.893972642480445501e+00
-1.639850437231990909e+01 -8.736582571336038328e+00 -8.965098679180373509e+00
-1.637084927856425765e+01 -8.695918656144467462e+00 -8.800629448721226211e+00
-1.627648501963669858e+01 -8.633490689843757337e+00 -8.792541105125279088e+00
-1.624358876440296129e+01 -8.826889207656865466e+00 -8.821949060818838007e+00
-1.625483980676126095e+01 -8.897755176396788812e+00 -8.913754866905112095e+00
-1.605135067651274738e+01 -8.752961401939755248e+00 -8.786505807825655268e+00
-1.617977098933422297e+01 -8.982808318689180282e+00 -9.061893155895898389e+00
-1.631129578581652595e+01 -9.082575205965683907e+00 -9.157657270479216294e+00
-1.655964409620802513e+01 -8.876118211832494609e+00 -9.344286510040371141e+00
-1.659995686578905350e+01 -8.774727358485661100e+00 -9.325019076194756451e+00
-1.657700840865468805e+01 -8.801043390768681363e+00 -9.402323689596865819e+00
-1.654643023150634207e+01 -8.786598282036720775e+00 -9.530579495315565808e+00
-1.625572269838162143e+01 -8.724076372291008852e+00 -9.402517492022933965e+00
-1.646091007820387375e+01 -8.802622711504076491e+00 -9.418278154018072001e+00
-1.642786566357114708e+01 -8.591036141704996965e+00 -9.289524065293516486e+00
-1.663899950784979254e+01 -8.763888475558932356e+00 -9.398557853899017545e+00
-1.665370174031923156e+01 -8.731417176565930305e+00 -9.267203036237251723e+00
-1.662021003643068084e+01 -8.824901612837454223e+00 -9.388993806216985760e+00
-1.619190975124645604e+01 -8.741451821939822509e+00 -9.150742273244132363e+00
-1.605226314684309230e+01 -8.569478634205562884e+00 -8.989244402659192446e+00
-1.620167527887030445e+01 -8.756202642847071616e+00 -9.021866692502511498e+00
-1.641824926939928986e+01 -8.891391686398829819e+00 -8.951341332723215416e+00
-1.673783983508976547e+01 -9.058384684735615977e+00 -9.066276079894908690e+00
-1.672061584090414499e+01 -9.044235504356972655e+00 -9.017551184504721817e+00
-1.667203354117724956e+01 -9.241319894929786116e+00 -9.043710516796688026e+00
-1.660083089853862859e+01 -9.234650049689980378e+00 -8.971553295811849793e+00
-1.681220476735839142e+01 -9.150318775466192989e+00 -8.990977725756277295e+00
-1.671889936768227258e+01 -8.873020158851485206e+00 -8.778226319492613783e+00
-1.693487071210889638e+01 -9.072745720651266055e+00 -8.962357165594509567e+00
-1.715989646584007033e+01 -9.247202831024631919e+00 -9.112728434612426653e+00
-1.730030544943053883e+01 -9.048462059167619032e+00 -9.108769457465854202e+00
-1.729120462716511852e+01 -8.985171933908429054e+00 -9.168593590788734815e+00
-1.708617405674836931e+01 -8.851059806942533470e+00 -9.107652559788077085e+00
-1.693212999845888334e+01 -8.722356195712787752e+00 -8.967092716648835449e+00
-1.701752072041169939e+01 -8.659229325167460800e+00 -8.883934583491715387e+00
-1.690665340904700997e+01 -8.523226860177805619e+00 -8.767869349209481911e+00
-1.678898265844145499e+01 -8.627142737978575227e+00 -8.770552594434168014e+00
-1.696018519677227587e+01 -8.758612621577572810e+00 -8.802585165390027555e+00
-1.689150991560752146e+01 -8.685963391749385920e+00 -8.675984009874504466e+00
-1.681870441404893413e+01 -8.539034139312182248e+00 -8.584809915878427233e+00
-1.669910915530844520e+01 -8.476501977038228830e+00 -8.561691324543595272e+00
-1.667055089066531437e+01 -8.511086302122970793e+00 -8.574991025873131889e+00
-1.666781329284167512e+01 -8.512721072204533002e+00 -8.582797151690133575e+00
-1.688603353169998655e+01 -8.624606219546217645e+00 -8.715616813894236259e+00
-1.686952215976478442e+01 -8.648812313373692717e+00 -8.842877570451245006e+00
-1.696731003701471963e+01 -8.725690695526612473e+00 -8.944632338695644336e+00
-1.674898863355807777e+01 -8.474897970007209125e+00 -8.690064560446113973e+00
-1.681208768423050870e+01 -8.544508645151482895e+00 -8.877672584860636817e+00
-1.687911150947632777e+01 -8.495559989452322824e+00 -8.898409474919660056e+00
-1.666602294184875888e+01 -8.485578934222385072e+00 -8.841194076698727145e+00
-1.673006770981905689e+01 -8.599795068723787850e+00 -8.873538263826215911e+00
-1.665719529656500342e+01 -8.626221121095802857e+00 -8.769736227716622423e+00
-1.670559551261589704e+01 -8.670461391918939498e+00 -8.740362947702950080e+00
-1.665561083105992424e+01 -8.590540148039798041e+00 -8.845566727044351651e+00
-1.661534253201633504e+01 -8.637007066037210024e+00 -8.802480429141962048e+00
-1.667556612659105397e+01 -8.616396965149558440e+00 -8.793961749190142285e+00
-1.667256292281808783e+01 -8.828036563806433534e+00 -8.957965552866669512e+00
-1.647508108270293548e+01 -8.779702458813051891e+00 -8.750480871474241695e+00
-1.639097042547066607e+01 -8.864823710024896997e+00 -8.734831443165390397e+00
-1.643754398780906456e+01 -8.934748190093168674e+00 -8.856692271945492578e+00
-1.616864193460990862e+01 -8.992448481097929047e+00 -8.826732738250488097e+00
-1.598509970722832030e+01 -8.839518390938462034e+00 -8.704393019520345831e+00
-1.588628536646454847e+01 -8.701227056001675564e+00 -8.685064126874721069e+00
-1.596902605951163423e+01 -8.984214975308875140e+00 -8.740265746767672539e+00
-1.597230552903116596e+01 -8.900091614011774510e+00 -8.717470121629794733e+00
-1.593110697273857568e+01 -8.907008462679787186e+00 -8.773440985807024362e+00
-1.624617604724177156e+01 -8.940930977303070293e+00 -8.945276880955200127e+00
-1.604923297821191142e+01 -8.922775770574146392e+00 -8.938657918268921421e+00
-1.624755267313987162e+01 -9.112305396769787791e+00 -9.108989486409834413e+00
-1.644232849176296085e+01 -9.243377765666121348e+00 -8.981378967818555381e+00
-1.652125765178951866e+01 -8.973944827133259139e+00 -8.873129282467539625e+00
-1.648359229311669694e+01 -8.983562387346358591e+00 -8.934378039829406148e+00
-1.657742869364076910e+01 -9.153100785317564103e+00 -8.890921882086226802e+00
-1.641656036414141084e+01 -8.883195110141649309e+00 -8.717869110035918467e+00
-1.652232428472616022e+01 -8.847919508651120424e+00 -8.575331386665691724e+00
-1.625592076318222468e+01 -8.781708649931685429e+00 -8.425078575873341080e+00
-1.595699282380003936e+01 -8.570406675296474930e+00 -8.188341979526381209e+00
-1.632514970225267348e+01 -8.651883677297220743e+00 -8.319114050831847962e+00
-1.641021392448877236e+01 -8.546155779103170147e+00 -8.205609518139386438e+00
-1.645810841904184230e+01 -8.599562076672876643e+00 -8.355363733409783222e+00
-1.672547581007625439e+01 -8.792584904781360677e+00 -8.420812991682408821e+00
-1.694025154111564291e+01 -8.949569582446176952e+00 -8.554904880067978112e+00
-1.729520716528447366e+01 -8.937439879115967045e+00 -8.571351785358316988e+00
-1.756858587924770632e+01 -8.970991594195771413e+00 -8.634985106458525905e+00
-1.766817394682029274e+01 -9.070839607429977747e+00 -8.769952436275794128e+00
-1.810950010549153788e+01 -9.140507309956806381e+00 -8.783572659080931544e+00
-1.842023306583007880e+01 -9.215521502405355392e+00 -8.826335180379839329e+00
-1.829696851016316117e+01 -9.033605869387818288e+00 -8.606980210388272212e+00
-1.807938915385134493e+01 -8.849932947974927799e+00 -8.537282997141165453e+00
-1.818836153029385372e+01 -8.798351492381680572e+00 -8.546643833244839783e+00
-1.831926844656323894e+01 -8.644282364111985473e+00 -8.315506620033465524e+00
-1.832165855308840463e+01 -8.373852545784917112e+00 -8.033009340831906542e+00
-1.819405427325027702e+01 -8.417521632198370796e+00 -8.175481351230946103e+00
-1.831337503486501461e+01 -8.369807736412791854e+00 -8.137427143606482005e+00
-1.812216731250487456e+01 -8.241821303752853822e+00 -8.013239046671939647e+00
-1.808551477633902493e+01 -8.151140624331942419e+00 -7.890288837562525082e+00
-1.830931287583935685e+01 -8.259502163208656711e+00 -7.687459573684118475e+00
-1.873736022994501838e+01 -8.344766627178691110e+00 -7.737557962526568467e+00
-1.911309123099731622e+01 -8.483533852843496703e+00 -7.780550072182668586e+00
-1.916719441515781597e+01 -8.271453952195193082e+00 -7.472725838934531239e+00
-1.938756941443334370e+01 -8.393869288662877182e+00 -7.743431998727521304e+00
-1.948999456689607612e+01 -8.422373602160899253e+00 -7.739933630723930591e+00
-1.972191453417576312e+01 -8.412998415005365160e+00 -7.636342112141649707e+00
-1.974338531441491185e+01 -8.526742933119221490e+00 -7.522683152459722855e+00
-1.972176310553066259e+01 -8.403702637424064648e+00 -7.302955019729094666e+00
-1.980028705329801753e+01 -8.459452718432400431e+00 -7.413990891397524763e+00
-1.972470290119814962e+01 -8.279959634435355653e+00 -7.436789138148602873e+00
-1.956279576350061333e+01 -8.094345924709610784e+00 -7.380316456275645365e+00
-1.960707567220383041e+01 -8.014552111646004562e+00 -7.335604237450280785e+00
-1.947813874962173841e+01 -8.040301850654104854e+00 -7.447987931148944085e+00
-1.923506249145576774e+01 -8.128758744360689903e+00 -7.318078733404855818e+00
-1.940492168204323065e+01 -8.142237661546209537e+00 -7.316449971092100490e+00
-1.906351726067808983e+01 -8.060678688518535751e+00 -7.288283160311598508e+00
-1.910382817780999432e+01 -8.008244859387659176e+00 -7.385089616074947294e+00
-1.953617780866595766e+01 -8.152307879861146134e+00 -7.698872182737740211e+00
-1.981413063882365577e+01 -8.150067464071362622e+00 -7.753964260869702585e+00
-1.988982535650195160e+01 -8.241121535603275206e+00 -8.043592288281260494e+00
-1.951367193688155410e+01 -8.252928978239982172e+00 -8.060701468100678113e+00
-1.934120142215049043e+01 -8.202048008066324059e+00 -8.029076956919437791e+00
-1.907135734199813726e+01 -8.180335614260414445e+00 -8.116994740077423387e+00
-1.914819023453566160e+01 -7.953415872338820414e+00 -8.207190487033777515e+00
-1.925776448703197374e+01 -7.878019529264645548e+00 -8.389980358967410012e+00
-1.932385067441761706e+01 -7.922219058991423424e+00 -8.394031614852494272e+00
-1.919104125499799096e+01 -7.837390224167589459e+00 -8.396352008659043520e+00
-1.892323776171116023e+01 -7.775484193059075899e+00 -8.491801370697336537e+00
-1.836378392209142518e+01 -7.537472821464291428e+00 -8.310727872653361104e+00
-1.818088433149246086e+01 -7.445916591070265156e+00 -8.178638587441383834e+00
-1.865527712183139641e+01 -7.663749080168723360e+00 -8.264338481123175484e+00
-1.862572396812416997e+01 -7.549270944673575734e+00 -8.232852457593081041e+00
-1.873371123840230013e+01 -7.420123647341673845e+00 -8.090020888846137126e+00
-1.862635023319024086e+01 -7.357372305542256186e+00 -8.038161027279752346e+00
-1.834855303424019368e+01 -7.468373906246131178e+00 -8.026014825566363697e+00
-1.831502846406339557e+01 -7.304543581288429621e+00 -7.994891076301110289e+00
-1.788076852881217960e+01 -7.232367410253891293e+00 -7.787099650069736256e+00
-1.753985901147255078e+01 -7.076044070283482590e+00 -7.516542555545852267e+00
-1.766684540655155899e+01 -7.117095057593902041e+00 -7.484783682382055936e+00
-1.776888805326657916e+01 -7.253964258975774904e+00 -7.572884764020308523e+00
-1.770339149794718736e+01 -7.271612822294279965e+00 -7.566933102503133668e+00
-1.776410688045099562e+01 -7.328900691355900499e+00 -7.654041150610980893e+00
-1.779526183554198582e+01 -7.364007368817206967e+00 -7.693219030449730766e+00
-1.773330742603533494e+01 -7.465443308827873992e+00 -7.567263081272431080e+00
-1.788361554756043503e+01 -7.518330918026506993e+00 -7.644839788251147183e+00
-1.830757296599126249e+01 -7.732132674189642785e+00 -7.838673602257531847e+00
-1.857575007287818281e+01 -7.798653693657541908e+00 -7.962936838198041656e+00
-1.889807514717730186e+01 -7.903880848655134628e+00 -8.055771765697169684e+00
-1.917845917423506918e+01 -8.159028341309689125e+00 -8.331228398011958802e+00
-1.929170062463611401e+01 -8.150024738170937866e+00 -8.187041355022982358e+00
-1.938240799898382605e+01 -8.081684348572242271e+00 -8.164563146812351846e+00
-1.909169928812990946e+01 -8.160783959602419202e+00 -8.142606859220519411e+00
-1.928437377114963169e+01 -8.239936267867079778e+00 -8.189276843404998729e+00
-1.919894976733781533e+01 -8.096724359097624557e+00 -8.244766830933329516e+00
-1.928093333669458431e+01 -8.216866265543455228e+00 -8.231074175359944789e+00
-1.886240965654677737e+01 -8.081174451830136718e+00 -8.035110823605645436e+00
-1.905103294954319182e+01 -7.999129114960150666e+00 -7.956122664555779878e+00
-1.913457800912859597e+01 -8.090266258442529335e+00 -7.973113100469793046e+00
-1.914483353765887230e+01 -8.048353416574400399e+00 -7.921203781531647614e+00
-1.939085952487166864e+01 -8.158310451969118304e+00 -8.036050587359184760e+00
-1.921607078948658653e+01 -8.099507795298251267e+00 -7.906793290047045453e+00
-1.973237800637616246e+01 -8.105935008194773417e+00 -7.970576459368544420e+00
-1.972987870018427259e+01 -8.130410540164138666e+00 -7.916481618292221079e+00
-1.969038213157233130e+01 -8.170524392095966704e+00 -7.797439135763548634e+00
-1.952468960081080240e+01 -7.887551606220027267e+00 -7.556503865684187637e+00
-1.972986898338451311e+01 -7.856481475344454068e+00 -7.594410163639463640e+00
-1.970398520750141103e+01 -7.985532134499765178e+00 -7.701456674722203743e+00
-1.976432153954921489e+01 -7.921567021465814484e+00 -7.678892160609715134e+00
-1.976844138328553768e+01 -7.859653915465029783e+00 -7.665944704597192683e+00
-1.941507870035521677e+01 -7.668460045383815427e+00 -7.612619140780185312e+00
-1.972337101072630006e+01 -7.668649629124004719e+00 -7.727706238158042140e+00
-1.967451123123145962e+01 -7.643135258807236987e+00 -7.747051516968203266e+00
-1.941701466616976290e+01 -7.557456276048336363e+00 -7.703228581035197919e+00
-1.921663652378716591e+01 -7.651408554967088271e+00 -7.737650476653437970e+00
-1.895443235720037833e+01 -7.587203590851530066e+00 -7.760546320695484113e+00
-1.870855769901713472e+01 -7.532116370765076674e+00 -7.638078108173495195e+00
-1.897696036259485197e+01 -7.675504686151346512e+00 -7.819711387636840705e+00
-1.887050229277242153e+01 -7.609326522615231347e+00 -7.814566212743874196e+00
-1.849791686997572171e+01 -7.432006595835024321e+00 -7.662444206443183248e+00
-1.835480838251585567e+01 -7.527252852609217726e+00 -7.675480635401678242e+00
-1.807658364689286756e+01 -7.716764728702550258e+00 -7.875839256157729729e+00
-1.786520180966092397e+01 -7.579806163999997182e+00 -7.750099522672451613e+00
-1.805200810270303080e+01 -7.669370798003352085e+00 -7.853799936418225158e+00
-1.850141756168154572e+01 -7.776558414574199496e+00 -8.043521476223501665e+00
-1.859483528757527893e+01 -7.901738969214018304e+00 -8.079015910680654500e+00
-1.877993580741226154e+01 -8.033935483222188978e+00 -8.295735964470186019e+00
-1.821186823883189732e+01 -7.834585929285414529e+00 -8.013445662190999741e+00
-1.835937148767711591e+01 -8.051201260725523667e+00 -8.147985650834950633e+00
-1.860084410845998448e+01 -8.216882666922440848e+00 -8.341491976379382223e+00
-1.869649818630299976e+01 -8.141276294681489389e+00 -8.308681450231841126e+00
-1.861979840024763888e+01 -7.977823731169526589e+00 -8.126298208373466281e+00
-1.880433681902762189e+01 -8.185237737438580297e+00 -8.242244885476683436e+00
-1.855876198442541281e+01 -8.177213825702635219e+00 -8.130315580818784582e+00
-1.827110936853744505e+01 -8.075065067465041935e+00 -8.076944277374050074e+00
-1.823383887110633239e+01 -7.917987520759962372e+00 -7.920452971317658353e+00
-1.811783877613138216e+01 -7.800226422552334782e+00 -7.870015521101964673e+00
-1.827824698625120092e+01 -7.861849301700748249e+00 -8.018770599793644038e+00
-1.805544775923220513e+01 -7.780346269120697045e+00 -8.080845095210239748e+00
-1.786252494730910101e+01 -7.745598643448713183e+00 -7.984278768405099314e+00
-1.756764031274705928e+01 -7.705056388006594759e+00 -8.013205306407595430e+00
-1.726181155436245263e+01 -7.529746163857280017e+00 -7.887719186562600626e+00
-1.712588428429172183e+01 -7.479729372996726688e+00 -7.975390674756456022e+00
-1.697147775163159622e+01 -7.506991981220695109e+00 -8.121236936683539298e+00
-1.694825967263390609e+01 -7.446453480253333979e+00 -8.112041659212131606e+00
-1.689228610459536739e+01 -7.561379551965195844e+00 -8.362757662116280244e+00
-1.675061897416993872e+01 -7.741839825929631047e+00 -8.315044066246056076e+00
-1.654611627726049861e+01 -7.656974777139430088e+00 -8.298820439620119060e+00
-1.660536563226574458e+01 -7.678559960874025592e+00 -8.282366564915701446e+00
-1.655459878830472675e+01 -7.693583906054255017e+00 -8.319548465032116980e+00
-1.676092681932687611e+01 -7.753356321890654712e+00 -8.359855963684545088e+00
-1.727883519880905538e+01 -8.006677876756882029e+00 -8.556966097173473784e+00
-1.723619690774663837e+01 -7.900188111271878810e+00 -8.379817085055574211e+00
-1.717674276450649273e+01 -7.641402593442876423e+00 -8.125578516254979178e+00
-1.742609771584388056e+01 -7.682466546102896920e+00 -8.127888817680508637e+00
-1.786014350437934084e+01 -7.835908065250045240e+00 -8.231365950255151276e+00
-1.797222965462706412e+01 -7.672948584229715152e+00 -8.218459648021070763e+00
-1.820449172644613611e+01 -7.713443536419406499e+00 -8.171487829864295449e+00
-1.827162657111615474e+01 -7.802539102450697150e+00 -8.083078165040898710e+00
-1.832549479389306768e+01 -7.807162710137573569e+00 -7.980122598665076339e+00
-1.823830577132511621e+01 -7.707553274736083537e+00 -7.965686030407499452e+00
-1.813407094276675480e+01 -7.591443432337706909e+00 -7.868523100246970436e+00
-1.836128773944043857e+01 -7.773869149204672979e+00 -7.918819364762318180e+00
-1.893540290133544346e+01 -8.148904109078980440e+00 -8.334095044995127211e+00
-1.898933107218992333e+01 -8.310452955646351114e+00 -8.468598309496970344e+00
-1.895901559516293133e+01 -8.262905196992496926e+00 -8.474938307403798277e+00
-1.917872247740521985e+01 -8.424363875453753536e+00 -8.636779152330277043e+00
-1.924048761110937988e+01 -8.343261708806595678e+00 -8.577875808179333816e+00
-1.936879542881538541e+01 -8.182573761354669628e+00 -8.662759345260527155e+00
-1.967304346542118765e+01 -8.216623963745963266e+00 -8.701785567331505433e+00
-1.985610283918853369e+01 -8.215782745236813511e+00 -8.626908099876960279e+00
-1.964611357584931639e+01 -8.176342940695057848e+00 -8.664007897354634835e+00
-1.952622636671059908e+01 -8.108906435881547026e+00 -8.698711204403855035e+00
-1.965835615110458079e+01 -8.089793568218514253e+00 -8.549914461929716936e+00
-1.982434027985163283e+01 -7.965822818187068499e+00 -8.457221807399497138e+00
-1.999649194423327714e+01 -7.986646026819701483e+00 -8.366152839510860417e+00
-1.993271043229639972e+01 -7.895133406563576095e+00 -8.161819577874222631e+00
-1.997200628506913489e+01 -8.002930327546680545e+00 -8.212082918747627858e+00
-1.992147039466572167e+01 -8.091761984495636995e+00 -8.254801861184745349e+00
-2.015717933711338361e+01 -8.268755695883800882e+00 -8.447024767984757432e+00
-2.022242200097535658e+01 -8.414234952815620616e+00 -8.574535862538173348e+00
-2.040666208456278241e+01 -8.336523045881333971e+00 -8.415704330465104022e+00
-2.064923370256678226e+01 -8.471446869428698179e+00 -8.496959393216084067e+00
-2.068252658119373422e+01 -8.418293342357562992e+00 -8.504519648778464003e+00
-2.066498903274139920e+01 -8.491088374527073768e+00 -8.536816168173372077e+00
-2.020314819603613543e+01 -8.404276207869710191e+00 -8.478383673893608474e+00
-2.027677621439208977e+01 -8.391169001346248990e+00 -8.593084510700856882e+00
-2.039503154422887832e+01 -8.313378382602950367e+00 -8.508372881227057150e+00
-2.055667045930706038e+01 -8.442276680381878506e+00 -8.505665180976077266e+00
-2.026114102234794601e+01 -8.182604183416220422e+00 -8.356235177025121530e+00
-2.010308093823268294e+01 -8.023019315487838199e+00 -8.219395383358564899e+00
-2.030571783456965562e+01 -8.222878852979931708e+00 -8.364608055786467489e+00
-2.013474879747190727e+01 -8.240333202606677787e+00 -8.311193896463002773e+00
-2.005962878060928034e+01 -8.270920758696119535e+00 -8.293357347429104465e+00
-2.004062753487409765e+01 -8.220868536356196188e+00 -8.165582144382447893e+00
-2.050611369928783390e+01 -8.292547525851748702e+00 -8.111217617375691802e+00
-2.056138416854125950e+01 -8.304832975559399699e+00 -8.070589312207790300e+00
-2.060068859443023470e+01 -8.428467843700428119e+00 -8.252069690471470764e+00
-2.048670767165045348e+01 -8.266812316998585430e+00 -8.067328907615721079e+00
-2.054314396488420513e+01 -8.212084041377670118e+00 -7.987146784207394212e+00
-2.079206067939997382e+01 -8.342046992780828063e+00 -8.064739162760428570e+00
-2.073072354373784520e+01 -8.372809762935938593e+00 -8.063707158604865199e+00
-2.082178945683065052e+01 -8.260308607527964142e+00 -8.058995464639531647e+00
-2.077108095660216946e+01 -8.179347157953554159e+00 -7.961568492814978804e+00
-2.072823379276532663e+01 -8.311895413428379342e+00 -8.030389714490704378e+00
-2.067476168959759164e+01 -8.457407295835080774e+00 -8.223493710605627172e+00
-2.060823210702714903e+01 -8.460062786825250924e+00 -8.224731697786030082e+00
-2.050435264933798152e+01 -8.424331326485580362e+00 -8.240468538799811782e+00
-2.060092577004792957e+01 -8.437809269259975764e+00 -8.212178672301456928e+00
-2.060497199276534985e+01 -8.649791611026667937e+00 -8.349945649161785610e+00
-2.044522347910671201e+01 -8.537433235595726089e+00 -8.264009381869714232e+00
-2.041915852727128211e+01 -8.523120665211063596e+00 -8.288460381984362968e+00
-2.054028443022177086e+01 -8.503142924809896641e+00 -8.245399252092909137e+00
-2.066644105335291570e+01 -8.429185883026551807e+00 -8.147575382884959083e+00
-2.100294778600549250e+01 -8.430339882536404872e+00 -8.275574838647301590e+00
-2.064725778732102057e+01 -8.299764296630623761e+00 -8.235281889157532120e+00
-2.062137112383445725e+01 -8.244337528342523314e+00 -8.188234988593130481e+00
-2.069697930026661226e+01 -8.120330684896302387e+00 -7.927435418698381753e+00
-2.079792093121930563e+01 -8.220360323878423969e+00 -7.962404131548227681e+00
-2.069475942006251401e+01 -8.096536987713419009e+00 -7.918316042615463068e+00
-2.080122176453221172e+01 -8.167114967803261294e+00 -7.978504056972480996e+00
-2.093001660975300027e+01 -8.281609439870255329e+00 -8.090079290212672802e+00
-2.086903436205793128e+01 -8.399260676838272488e+00 -8.213396714185993375e+00
-2.085161817642369542e+01 -8.418487484269267185e+00 -8.298243372682323482e+00
-2.073757223446308018e+01 -8.287994725355748216e+00 -8.210850612129885207e+00
-2.123105159915952456e+01 -8.292175290358862583e+00 -8.098750279265694019e+00
-2.154087494658495672e+01 -8.441687925428874806e+00 -8.240556995563814269e+00
-2.151583337722244593e+01 -8.439330325777913089e+00 -8.282565712013779446e+00
-2.168529969851454453e+01 -8.438915625921769248e+00 -8.308832528212999335e+00
-2.181883342253910740e+01 -8.593634919137134176e+00 -8.374812844410529422e+00
-2.195871329151558626e+01 -8.808000137743936975e+00 -8.497986591545297230e+00
-2.209662532888414432e+01 -8.807079643476498632e+00 -8.470721505739287949e+00
-2.222192682936757535e+01 -8.794124309044946131e+00 -8.343279300784697483e+00
-2.237475617341212697e+01 -8.908276080608725778e+00 -8.428038251555543425e+00
-2.272823508740584586e+01 -9.106230456395332240e+00 -8.423351687614719197e+00
-2.265820537402860424e+01 -9.084084587116691978e+00 -8.486521124040796948e+00
-2.250829580195000901e+01 -8.905761281015790232e+00 -8.300361617939490344e+00
-2.282525809549695595e+01 -9.080725939618497833e+00 -8.352276007009809433e+00
-2.253129780482273503e+01 -8.935627390253745972e+00 -8.292821606145363234e+00
-2.278555433785772522e+01 -8.735970872804601939e+00 -8.137181221334284231e+00
-2.280293327249045277e+01 -8.511833659367670890e+00 -7.951041553192901290e+00
-2.295501256029325177e+01 -8.454935431962057990e+00 -7.869865854776259440e+00
-2.315454254890937591e+01 -8.423993697139067649e+00 -7.839987191046800419e+00
-2.280773131079319427e+01 -8.335518511462645108e+00 -7.795476617409650366e+00
-2.255982369991752279e+01 -8.239004664305777936e+00 -7.749738115315795817e+00
-2.268229169440220261e+01 -8.280853759573018280e+00 -7.762083836248393709e+00
-2.293385109795514154e+01 -8.479347203115519704e+00 -7.894025522732573741e+00
-2.278092386642504152e+01 -8.449079782477060263e+00 -7.960382028390744935e+00
-2.289329324191232828e+01 -8.651065095767204838e+00 -8.049200485159362373e+00
-2.261249241651911746e+01 -8.710115206355336426e+00 -8.057865573733883124e+00
-2.267678424658376457e+01 -8.749977268583339907e+00 -8.173185655740436317e+00
-2.245316413956890500e+01 -8.804037370673018614e+00 -8.216111000746202819e+00
-2.210956097845841484e+01 -8.679956097829975903e+00 -8.121962636931801427e+00
-2.212241526614390352e+01 -8.624150407524165729e+00 -8.107838259035839101e+00
-2.195845163374634268e+01 -8.494508316025834560e+00 -8.053559991850155697e+00
-2.182905362276040862e+01 -8.647864303961966925e+00 -8.139472891710095581e+00
-2.174835503244989354e+01 -8.522409002927496147e+00 -8.046924274746160677e+00
-2.197385993890219780e+01 -8.655019750352767716e+00 -8.016764723903827772e+00
-2.185311837406688795e+01 -8.477860075372797510e+00 -7.868329235294164725e+00
-2.196265970683084845e+01 -8.535539996835328935e+00 -7.905110576025604630e+00
-2.207989493685514759e+01 -8.588175010318245484e+00 -7.790344959054723795e+00
-2.222215496876714269e+01 -8.433100934814245164e+00 -7.576299639832929422e+00
-2.237171697751419686e+01 -8.522963160201509680e+00 -7.729164757122608087e+00
-2.277977332978337799e+01 -8.858967337204898485e+00 -7.923900939393997866e+00
-2.277470876448578707e+01 -8.872675587175908873e+00 -7.897218263237986591e+00
-2.276722262447891865e+01 -8.701913305358470296e+00 -7.836616743515667949e+00
-2.269602088055931688e+01 -8.701738658816603689e+00 -7.862049195856315009e+00
-2.257175113940454736e+01 -8.546666533864648585e+00 -7.871993749346266611e+00
-2.273373335823406904e+01 -8.556635236364693142e+00 -7.881415717354559369e+00
-2.267868311894666533e+01 -8.475752845826740156e+00 -7.947715978904962064e+00
-2.265877103051495922e+01 -8.560127840070165917e+00 -8.224536563017021962e+00
-2.237802827200921740e+01 -8.512875713223532870e+00 -8.331193845761379890e+00
-2.229768840930742257e+01 -8.510804891209764023e+00 -8.199309491011165463e+00
-2.228315581398319978e+01 -8.413011247470016940e+00 -8.172228757831282664e+00
-2.228888034671551210e+01 -8.522498568924103068e+00 -8.202015788050292855e+00
-2.259796376999239342e+01 -8.533406142206903411e+00 -8.267414020380773110e+00
-2.274744912743096137e+01 -8.759385553597436314e+00 -8.312546770117631212e+00
-2.272409073726165119e+01 -8.853942777349415039e+00 -8.341402873987503241e+00
-2.247284583848242434e+01 -8.694693159728945631e+00 -8.308418297476043435e+00
-2.278805966354690682e+01 -8.801250417848940799e+00 -8.370611368525981533e+00
-2.261395128491724194e+01 -8.656266445126563625e+00 -8.093091660163880263e+00
-2.265835819419448782e+01 -8.605380354250442565e+00 -7.976865593353697825e+00
-2.254522286966018640e+01 -8.478399619411268517e+00 -7.954068912262242108e+00
-2.233945725488808165e+01 -8.315727093838869877e+00 -7.692764197887411726e+00
-2.214388225820407996e+01 -8.263165697988473113e+00 -7.742148168896617833e+00
-2.183327635002421019e+01 -8.395066013168070995e+00 -7.551083638568584888e+00
-2.191172555183998227e+01 -8.239731001436160440e+00 -7.507330002951204229e+00
-2.168239770599490868e+01 -8.203349968712403850e+00 -7.489456718493284093e+00
-2.199062768662159328e+01 -8.518895918791081101e+00 -7.724939852960384101e+00
-2.183564544243849426e+01 -8.534047309283190330e+00 -7.515803257477091215e+00
-2.204727573180937128e+01 -8.672151584070215691e+00 -7.491396278292303812e+00
-2.229948397942068183e+01 -8.903957442455492810e+00 -7.570821730093426183e+00
-2.239485257097208759e+01 -8.857177602559932694e+00 -7.542779393904905483e+00
-2.239016453985470534e+01 -8.892539517173450037e+00 -7.615670866311442744e+00
-2.240146191502594064e+01 -8.914123925465673892e+00 -7.600006015730751407e+00
-2.227199296723258826e+01 -8.917734872059018159e+00 -7.739286214489874638e+00
-2.171677370828295039e+01 -8.810581885089984411e+00 -7.683231034315879171e+00
-2.174852414334933925e+01 -8.831526815659312746e+00 -7.711635061073654818e+00
-2.139590528029701488e+01 -8.632451850094632562e+00 -7.436345803645575181e+00
-2.130910313046666360e+01 -8.569008710642904703e+00 -7.527995729401814273e+00
-2.097010632079245696e+01 -8.391294682373104052e+00 -7.592901855742065997e+00
-2.073161099730617352e+01 -8.321642884719503641e+00 -7.655162316299654712e+00
-2.070609821099993297e+01 -8.538781860779902644e+00 -7.796114036226676092e+00
-2.079554297096994375e+01 -8.621697250225320630e+00 -8.026753139512827318e+00
-2.096706006618485674e+01 -8.491309335920558254e+00 -8.033134729186114598e+00
-2.109793019573091755e+01 -8.568852419462748671e+00 -8.031412867589169835e+00
-2.140081975702705819e+01 -8.596429502529741029e+00 -8.000785227813747014e+00
-2.143316505577504216e+01 -8.505326030530330428e+00 -8.005076422733944597e+00
-2.145014046231073124e+01 -8.681916854067086575e+00 -8.165622634813498593e+00
-2.112429760762505992e+01 -8.720203875365804436e+00 -8.158343053129261335e+00
-2.098781536987402774e+01 -8.748245777077221064e+00 -8.050018858057475413e+00
-2.087495471332834640e+01 -8.773312725467802053e+00 -8.170899142932436021e+00
-2.081424979781770546e+01 -8.843206680723842084e+00 -8.184382407367024825e+00
-2.038003515997624504e+01 -8.616775587213842513e+00 -7.917563670622314476e+00
-2.041202608771572002e+01 -8.760489460751662349e+00 -7.924125431153555610e+00
-2.023896084332863765e+01 -8.711419793760878605e+00 -7.929426474571416250e+00
-2.009154737100507404e+01 -8.800054909887801813e+00 -7.993418347632347043e+00
-2.011697119381455678e+01 -8.847654240703230144e+00 -7.931964654196015374e+00
-2.020303524599492206e+01 -8.693511092860212841e+00 -7.772759362059403543e+00
-2.044117811885890745e+01 -8.844233007557043891e+00 -7.937672013483918931e+00
-2.067646377004057712e+01 -8.955873364008585469e+00 -8.062882325048704502e+00
-2.050148748069335625e+01 -8.974178397197858814e+00 -8.047387341425672247e+00
-2.056378739354470042e+01 -8.926253071394970817e+00 -8.165866907705716216e+00
-2.082257002766191079e+01 -9.200801989661069769e+00 -8.229176486538666069e+00
-2.087273395234182516e+01 -9.358507033524187335e+00 -8.290806311825388519e+00
-2.101470664869532357e+01 -9.230395864779939785e+00 -8.295791901796860657e+00
-2.132356357967858429e+01 -9.327601172007062402e+00 -8.374211806619381804e+00
-2.156504684183781961e+01 -9.328619338002702932e+00 -8.313664005296525161e+00
-2.156364265445800044e+01 -9.395697678274574471e+00 -8.356648603559532873e+00
-2.168024158780044530e+01 -9.357440783853073540e+00 -8.319590334840523127e+00
-2.184272196061911941e+01 -9.447863979274831792e+00 -8.370392767064116057e+00
-2.229868011321769572e+01 -9.605990575269084175e+00 -8.407305724361107124e+00
-2.230570203787261363e+01 -9.608079529659084628e+00 -8.342126334074064786e+00
-2.257026526383681997e+01 -9.386581629052949793e+00 -8.352327295856524003e+00
-2.259778266099789690e+01 -9.250598480566640802e+00 -8.283912883551661110e+00
-2.261672192304201445e+01 -9.404626629270977034e+00 -8.263500865160271047e+00
-2.252851386430923952e+01 -9.448568748599260658e+00 -8.320374267753997799e+00
-2.231008747418571403e+01 -9.458982875979202731e+00 -8.417451915952570474e+00
-2.212948289097518995e+01 -9.380662533501032740e+00 -8.465490813053433428e+00
-2.215813007933807910e+01 -9.162411960305831826e+00 -8.330722132393580281e+00
-2.226241781440383960e+01 -8.976990436456786071e+00 -8.382829546339806370e+00
-2.221891434465246107e+01 -8.724658257783179494e+00 -8.233475643178284287e+00
-2.223692367572272488e+01 -8.823097836086279955e+00 -8.236267651183933225e+00
-2.200721502382296890e+01 -8.962938039796345180e+00 -8.250345907019211111e+00
-2.205675999102237128e+01 -9.003682297317967098e+00 -8.394301180724248468e+00
-2.209445414178728129e+01 -8.957206929531327688e+00 -8.406252978023875500e+00
-2.191403685385333233e+01 -8.847477222688185705e+00 -8.306062778738843022e+00
-2.212165690592740219e+01 -8.955289680956125764e+00 -8.368534191586503468e+00
-2.251830026530691242e+01 -9.236974943301383689e+00 -8.490755338631146287e+00
-2.267304350411782110e+01 -9.482240858957675655e+00 -8.523457959944018114e+00
-2.234971524573300528e+01 -9.571042955253545870e+00 -8.444648779676125372e+00
-2.223300214131629815e+01 -9.669576966259322504e+00 -8.440734780080273225e+00
-2.197410323256884368e+01 -9.437948982504874351e+00 -8.265100233206718272e+00
-2.210078225757305148e+01 -9.528596648383601320e+00 -8.256932622036092795e+00
-2.197316092455739067e+01 -9.534166500162950086e+00 -8.195516786573293189e+00
-2.207798999775281956e+01 -9.534555648844779796e+00 -8.237983096784693871e+00
-2.220320163712118600e+01 -9.546335430696867519e+00 -8.224165013223313281e+00
-2.207069786378304954e+01 -9.564585251410779421e+00 -8.138868127169166300e+00
-2.190844255437432153e+01 -9.425277054992331927e+00 -8.261039286482903421e+00
-2.176482138159033042e+01 -9.293651120533350962e+00 -8.236556093347761731e+00
-2.180893112960783853e+01 -9.187566938847790965e+00 -8.220233793993475757e+00
-2.212453635070665570e+01 -9.251039009145376468e+00 -8.335695939015964839e+00
-2.216296926124307021e+01 -9.438208290891775931e+00 -8.464950772061801132e+00
-2.206989610051304140e+01 -9.338931484954056117e+00 -8.538802928234286327e+00
-2.219338214652105279e+01 -9.356693648963371857e+00 -8.533955099003904365e+00
-2.182267450327380587e+01 -9.256379323755107080e+00 -8.444443713621506475e+00
-2.163483554133608777e+01 -9.295058549106860468e+00 -8.438368039814012178e+00
-2.166396413653164998e+01 -9.277912253845007839e+00 -8.608193864748585611e+00
-2.174164196758504630e+01 -9.344844462073982783e+00 -8.477073835673971658e+00
-2.196049557655047835e+01 -9.604842815668209965e+00 -8.562733816806723297e+00
-2.193375689047755372e+01 -9.545324238474744760e+00 -8.435280050879626401e+00
-2.168124742486856960e+01 -9.549717581722301674e+00 -8.316554481489930595e+00
-2.160135237512279360e+01 -9.425997681586245847e+00 -8.195368960253404111e+00
-2.159886440780112338e+01 -9.473468305035618542e+00 -8.121515966970303424e+00
-2.145419629217805024e+01 -9.353872929921113411e+00 -7.957337501581932315e+00
-2.166002988217547554e+01 -9.439550181191982858e+00 -8.003541903371001354e+00
-2.174052363262185494e+01 -9.388847646435548810e+00 -8.107539501181275199e+00
-2.169943151487693456e+01 -9.280748197509133490e+00 -7.928643290903965912e+00
-2.156568638948366612e+01 -8.963251019542401110e+00 -7.856426783293724903e+00
-2.119415024824751015e+01 -8.802426127776916687e+00 -7.875953753636319554e+00
-2.131482291538796758e+01 -9.011128276294712691e+00 -7.998983396384910627e+00
-2.127151676462302632e+01 -8.910416189804818643e+00 -7.985310158999131325e+00
-2.144584432581126521e+01 -8.958146548777744300e+00 -7.988677063484328933e+00
-2.128121740008318596e+01 -8.838990002466958984e+00 -7.968134624834009472e+00
-2.133453005683552561e+01 -9.034413420374331594e+00 -8.134574777926044220e+00
-2.146215212930993488e+01 -9.015829315750440998e+00 -8.022080573487411215e+00
-2.142710116288252564e+01 -9.177911351295573894e+00 -8.003976296663953605e+00
-2.168738129209857135e+01 -9.228882157184068902e+00 -8.102449359841207510e+00
-2.166141506084954571e+01 -9.432812866666878904e+00 -8.132912064951804965e+00
-2.190718543367142246e+01 -9.308014715436994990e+00 -8.113758484664229442e+00
-2.177045274772488170e+01 -9.327994156034389306e+00 -8.124462006654393775e+00
-2.198429751883174532e+01 -9.375701909599618133e+00 -8.199657601033470300e+00
-2.206054890019522219e+01 -9.347415498729835903e+00 -8.199243187459730464e+00
-2.238763224220204151e+01 -9.342987744038072861e+00 -8.077598805298274343e+00
-2.264527186065618736e+01 -9.232705336518971961e+00 -8.080594623392581610e+00
-2.278360974665024585e+01 -9.358307886306343804e+00 -8.278657891614106035e+00
-2.307749022430285279e+01 -9.299179522145275101e+00 -8.146647362591286523e+00
-2.285251113296138925e+01 -9.322331056552338069e+00 -8.105619507546354185e+00
-2.310297120414343652e+01 -9.302721954752970035e+00 -8.100399633214646400e+00
-2.326987493897902937e+01 -9.423074558445142301e+00 -8.056605370844657443e+00
-2.336231430677343113e+01 -9.327162056661350675e+00 -8.025229323915866075e+00
-2.331260708636504475e+01 -9.388146927252657648e+00 -8.095579668138705998e+00
-2.328741049580686351e+01 -9.485785687439497238e+00 -8.182104360410102473e+00
-2.331488517670969074e+01 -9.703502317592215931e+00 -8.435905894258349136e+00
-2.332890437561332320e+01 -9.663473989449688162e+00 -8.403629170490937383e+00
-2.323101903993629591e+01 -9.281116745247363298e+00 -8.142371516207832727e+00
-2.311284693589439954e+01 -9.039120911124125968e+00 -8.212089414314151625e+00
-2.315084456614906827e+01 -8.866013484859216476e+00 -8.118839602861545046e+00
-2.332749195210659821e+01 -8.907391271165849389e+00 -8.162240020695058718e+00
-2.293119161060129230e+01 -8.737841323908847713e+00 -8.052982966644261609e+00
-2.316349341113664195e+01 -8.630532454816769672e+00 -8.025916779743688778e+00
-2.323388464268736442e+01 -8.517956150306179808e+00 -8.007522720653502901e+00
-2.323838860093631453e+01 -8.488851997248508141e+00 -7.893204970202295279e+00
-2.326817886165982685e+01 -8.236526142387814886e+00 -7.721666687698655274e+00
-2.325885170251769551e+01 -8.378760517966334476e+00 -7.677874100779021660e+00
-2.326919037775275712e+01 -8.491727648479367119e+00 -7.842533269767987925e+00
-2.329036968280974662e+01 -8.659887674837930760e+00 -7.828584608910650111e+00
-2.347106166992993082e+01 -8.903072561109052430e+00 -7.908749873776685035e+00
-2.353018532175348199e+01 -8.979855688874071262e+00 -7.965386950997890736e+00
-2.381671826937748193e+01 -9.061863466829441549e+00 -7.957840310501678616e+00
-2.388185107210780345e+01 -9.332890221007247078e+00 -8.006490477958415397e+00
-2.358098782494165135e+01 -9.295338810947573194e+00 -7.832103615657132423e+00
-2.391687524123474518e+01 -9.363025223720814694e+00 -7.949672923279419656e+00
-2.369262971931477324e+01 -9.402826755972123252e+00 -7.862993285662577492e+00
-2.353814692819435095e+01 -9.159312789716636871e+00 -7.702132578309123012e+00
-2.348124078674791093e+01 -9.295508924289187291e+00 -7.722162233052044300e+00
-2.333395550931363260e+01 -9.206345185426823008e+00 -7.699719755007103927e+00
-2.341938463574497220e+01 -9.115590344427310754e+00 -7.685991685129249795e+00
-2.323062029386908378e+01 -8.895544182908686537e+00 -7.360735957256421713e+00
-2.331727524447014943e+01 -8.816019190362620606e+00 -7.397286212406863903e+00
-2.285246471085776676e+01 -8.589997605007669179e+00 -7.276806626759329433e+00
-2.283331719260879566e+01 -8.497154577462756819e+00 -7.232288755319058460e+00
-2.285689700072651931e+01 -8.553400001715532497e+00 -7.293249564545345898e+00
-2.329175266314931392e+01 -8.589226652814243579e+00 -7.363451648582712394e+00
-2.373099328520498119e+01 -8.765915083357697313e+00 -7.684507634482021565e+00
-2.391072803324868090e+01 -8.700178212964576829e+00 -7.657330694092914669e+00
-2.397059613481842888e+01 -8.561365870170860148e+00 -7.615958401062674632e+00
-2.343090400928919337e+01 -8.443967547502024829e+00 -7.590486325431965220e+00
-2.332606072689413068e+01 -8.422712283206330142e+00 -7.769262810347224324e+00
-2.337380769228551003e+01 -8.510190641979047399e+00 -7.935956677486369237e+00
-2.356523541565542956e+01 -8.542542830014259181e+00 -8.076000576477573745e+00
-2.368828628986258167e+01 -8.665514247631005418e+00 -8.253582513526154685e+00
-2.363659086628609529e+01 -8.526683607639515827e+00 -8.258767576637348284e+00
-2.358242761261916343e+01 -8.395471333753862453e+00 -8.267570718144702013e+00
-2.341854577946434190e+01 -8.289592705172019294e+00 -8.115031635218711514e+00
-2.329600279695674203e+01 -8.172015847167619640e+00 -8.015397241449134569e+00
-2.349997684714335833e+01 -8.390461600936566455e+00 -8.018816191933751725e+00
-2.394823082923183932e+01 -8.389153944733111601e+00 -7.886176331433960129e+00
-2.410527270164324420e+01 -8.511506372531195908e+00 -7.911449432658736569e+00
-2.402305962942292439e+01 -8.477599487815826507e+00 -7.770724163943500962e+00
-2.392718092672000552e+01 -8.511083676748958382e+00 -7.638236385907999804e+00
-2.410293467536626366e+01 -8.488074990623516669e+00 -7.574311909259551889e+00
-2.410421675650265527e+01 -8.458333012874927448e+00 -7.405682761028795191e+00
-2.405129313644159339e+01 -8.639128568805492847e+00 -7.430972578228667302e+00
-2.360354455840007049e+01 -8.556939536586124717e+00 -7.353082174665485304e+00
-2.349641218528256559e+01 -8.600224605448905990e+00 -7.245371767194190404e+00
-2.342303245553291191e+01 -8.501587468025839200e+00 -7.239244121904926388e+00
-2.328519207438004202e+01 -8.461293727009428167e+00 -7.378704171655058985e+00
-2.306460874401420824e+01 -8.468538263482027872e+00 -7.308877565321398428e+00
-2.318969388971495249e+01 -8.588307536865979586e+00 -7.307254619024287301e+00
-2.357715930726811138e+01 -8.611524116029178444e+00 -7.524099097088544852e+00
-2.340529535745358913e+01 -8.658272813510190957e+00 -7.592912022614849654e+00
-2.327051989767027607e+01 -8.654149109054014133e+00 -7.711275420180858653e+00
-2.314423595527988198e+01 -8.637799481784812272e+00 -7.689619046610069120e+00
-2.333705532850926900e+01 -8.724135770443336213e+00 -7.742190655039115299e+00
-2.312876245426095778e+01 -8.849974606496965990e+00 -7.822113767554107255e+00
-2.321426159994458160e+01 -9.027034240914961316e+00 -8.008455389664259627e+00
-2.358090405485622298e+01 -9.132785936382555647e+00 -7.993627780918805215e+00
-2.377308020158725910e+01 -9.098080339854808685e+00 -8.054598148157568360e+00
-2.372163152697799049e+01 -8.932235492830766788e+00 -8.003492914338414366e+00
-2.348034899439438661e+01 -8.988615639482555153e+00 -7.992047989245986805e+00
-2.350266312377974032e+01 -8.960435258913349799e+00 -7.890824617119745810e+00
-2.356948601904390728e+01 -9.080646632618639913e+00 -7.933425386169675519e+00
-2.323710887309304240e+01 -9.001072012419488289e+00 -7.944668662990315156e+00
-2.307644346701479421e+01 -8.915416864373622019e+00 -7.787580583779449839e+00
-2.299655252783944803e+01 -8.847693809232078266e+00 -7.783771219073090997e+00
-2.289096879921838834e+01 -8.677842749595287231e+00 -7.562861694559889436e+00
-2.211678059613108260e+01 -8.643223811712314131e+00 -7.488644407411608306e+00
-2.205128899221346828e+01 -8.707166659109095264e+00 -7.584455793015768776e+00
-2.209551178836918339e+01 -8.834710063461344021e+00 -7.587401483475791686e+00
-2.208211678750752327e+01 -8.734281452192458772e+00 -7.402764606670006131e+00
-2.206809959211802408e+01 -8.739677505402358548e+00 -7.380053982204797691e+00
-2.198044392688967363e+01 -8.684806132103332743e+00 -7.417614730206823381e+00
-2.251157704104918622e+01 -8.752315966417318904e+00 -7.616138927842385442e+00
-2.279753222173843241e+01 -8.926115980287153917e+00 -7.855567298794558617e+00
-2.323738054388246255e+01 -8.743082162531113255e+00 -7.752490267939935009e+00
-2.320712960882000431e+01 -8.876732211402764250e+00 -7.863615702215949632e+00
-2.369101323147513227e+01 -8.824552870163742568e+00 -7.956202774047892667e+00
-2.387940716542824049e+01 -8.923046950420800982e+00 -8.015213672746039464e+00
-2.397362101869143913e+01 -8.930333714151293734e+00 -8.022696336787586091e+00
-2.397632956574648233e+01 -8.862751746511531081e+00 -8.057524413311664802e+00
-2.403239869189166455e+01 -8.834633682759445605e+00 -8.175329525330681690e+00
-2.388891928425671196e+01 -8.748350882107128967e+00 -8.053579206120712541e+00
-2.408636742605425241e+01 -8.881783893541513208e+00 -8.004676368689901622e+00
-2.417770100962264834e+01 -9.136306461802304213e+00 -8.080542887432972776e+00
-2.420381773634859357e+01 -9.482735774842364407e+00 -8.299623903604407715e+00
-2.449120112672300920e+01 -9.412957032605657304e+00 -8.278421123855380870e+00
-2.449950806172894247e+01 -9.460541973280381711e+00 -8.221667454726960145e+00
-2.444174486483698416e+01 -9.202122358444357886e+00 -8.017738547492468726e+00
-2.421728497683847792e+01 -9.186788307597357317e+00 -8.182981244261352316e+00
-2.422377244699758592e+01 -9.236292615203208101e+00 -8.198462119180613072e+00
-2.461044392499486122e+01 -9.263884321412913181e+00 -8.107273040662253294e+00
-2.494373647221609502e+01 -9.194643349344232774e+00 -8.048698796918159815e+00
-2.466671888276052726e+01 -9.046296162570891752e+00 -8.057285007237158680e+00
-2.435789717087559580e+01 -8.672983191944005910e+00 -7.889121251887583064e+00
-2.417594507355895672e+01 -8.672405731655626226e+00 -7.903407561170761042e+00
-2.413212346412955611e+01 -8.714155667071681322e+00 -7.992927891681530284e+00
-2.431392185454825849e+01 -8.870371296163543917e+00 -8.175637537455241244e+00
-2.414870200204410366e+01 -8.909652184358163751e+00 -8.076484336102037531e+00
-2.404076660278521871e+01 -8.897416370425068166e+00 -7.986860194694831883e+00
-2.423956259044275541e+01 -8.892648490743836120e+00 -8.028072328903123278e+00
-2.390163020079766554e+01 -8.931715833438978791e+00 -8.081501158844520916e+00
-2.390293712782949953e+01 -8.924103282544724181e+00 -8.117429642578523286e+00
-2.386306054596347082e+01 -8.925374049591761505e+00 -7.930804104495554618e+00
-2.400834704421119881e+01 -8.861530418711350165e+00 -7.790929100375841188e+00
-2.440892819347299181e+01 -8.658818600388887177e+00 -7.773990883354009895e+00
-2.448447018039593814e+01 -8.642161584764071591e+00 -7.702932508452486005e+00
-2.438460573643795470e+01 -8.545323533562816820e+00 -7.486893291847249721e+00
-2.438751637155823815e+01 -8.648663210080306030e+00 -7.640134981203043019e+00
-2.425654821916197790e+01 -8.494345733029085466e+00 -7.521492490340648374e+00
-2.433325398706130471e+01 -8.549135580140680091e+00 -7.481584450929233299e+00
-2.449141576556646882e+01 -8.652413326582523823e+00 -7.488739632696720605e+00
-2.433644347211566483e+01 -8.766599395536676553e+00 -7.604900683910829962e+00
-2.443088522318392819e+01 -8.703640404452780643e+00 -7.725707567077355620e+00
-2.425932841810492135e+01 -8.575251048805213827e+00 -7.722541651850550082e+00
-2.412031049051146780e+01 -8.652893213547320883e+00 -7.670476284606939643e+00
-2.377939985236075771e+01 -8.533132077812386029e+00 -7.737021260046025972e+00
-2.376806805739004602e+01 -8.522846114622689484e+00 -7.827900569910478445e+00
-2.407327376211894787e+01 -8.515112923969265779e+00 -7.832055027313138851e+00
-2.424515075537584607e+01 -8.620020317484421213e+00 -7.878769527593831867e+00
-2.415696346242503267e+01 -8.532275570447684032e+00 -7.869321530649000529e+00
-2.445602244458031649e+01 -8.452885299704851363e+00 -7.912402193582018128e+00
-2.434583062815691079e+01 -8.346345127254261698e+00 -7.869612490674148475e+00
-2.435303238954910654e+01 -8.351646728686905163e+00 -7.726615185673379571e+00
-2.465842746035885114e+01 -8.669643712755025433e+00 -7.970586872618926400e+00
-2.475665971826964196e+01 -8.743113224169183795e+00 -8.046758548127305843e+00
-2.519414599415895140e+01 -8.891532068303344971e+00 -7.986562919518009451e+00
-2.540276272236084054e+01 -8.899175831817862203e+00 -8.110134120217072251e+00
-2.516963158668429656e+01 -8.810091256553469918e+00 -8.197111914417755330e+00
-2.555546058415111332e+01 -8.825369517768844929e+00 -8.280608239020491368e+00
-2.558874774735762259e+01 -8.961863218368415929e+00 -8.308867098101872628e+00
-2.520477433351831920e+01 -8.864092710415913956e+00 -8.242112410212607543e+00
-2.548680114914163397e+01 -8.997841391857530624e+00 -8.329623054789214720e+00
-2.524068948053757566e+01 -9.122089172949170433e+00 -8.442636846405648043e+00
-2.526210813871943373e+01 -9.014515582696754237e+00 -8.195591825956142884e+00
-2.510947482660857943e+01 -9.133667660278979028e+00 -8.329723325893878538e+00
-2.458921114958265619e+01 -9.123556169952369288e+00 -8.336331779471535697e+00
-2.428029432547610966e+01 -9.063338158164242486e+00 -8.318741343396363064e+00
-2.431220386790766597e+01 -9.108037634536211513e+00 -8.144272000084123775e+00
-2.396987791357552311e+01 -9.120040257518732929e+00 -8.062089720894473288e+00
-2.383123190295592764e+01 -8.958422214415048046e+00 -8.115234870710063220e+00
-2.372296337979953051e+01 -8.696539316748784998e+00 -7.972827506663151098e+00
-2.344012164255385500e+01 -8.462153294632592804e+00 -7.742902306475391683e+00
-2.353213161595248692e+01 -8.471284538246454332e+00 -7.845403938197533122e+00
-2.332453877545876963e+01 -8.509686036239179074e+00 -8.104089760968186340e+00
-2.295726929293394036e+01 -8.142434810774272336e+00 -7.839512526766237777e+00
-2.325353407731774169e+01 -8.152760879067823652e+00 -7.861493287174392997e+00
-2.322522450768335744e+01 -8.137584673670835045e+00 -7.748827866308635848e+00
-2.336133414824186616e+01 -8.246019211372175306e+00 -7.821595982440122441e+00
-2.338874464030559608e+01 -8.242113359182360099e+00 -7.849688192951693289e+00
-2.338892648149199971e+01 -8.268468959742035551e+00 -7.814846384363960397e+00
-2.351850859054018983e+01 -8.654371010393122177e+00 -8.082402426353642255e+00
-2.369162767927745961e+01 -8.915978208191656762e+00 -8.282511772628911473e+00
-2.366004790677703795e+01 -8.802824646242802586e+00 -8.117521403063111762e+00
-2.396401180560424748e+01 -8.843377068158574161e+00 -8.139300981920374767e+00
-2.422514713514181750e+01 -8.992971027575290321e+00 -8.184887305574255478e+00
-2.406760356486173791e+01 -8.887345189446667959e+00 -8.060833323583107557e+00
-2.396316220743538139e+01 -9.098547119217739620e+00 -8.077191313667299255e+00
-2.377448498348049810e+01 -9.175720942567634708e+00 -8.114670786375889122e+00
-2.352822757753105520e+01 -9.171394064306806371e+00 -8.100509125793820431e+00
-2.360602711660265030e+01 -9.330063354280884624e+00 -8.106654106781675750e+00
-2.337275136649252971e+01 -9.079146128040653352e+00 -7.903249919856742522e+00
-2.346268139259584018e+01 -9.034916140194264145e+00 -7.875144137654484844e+00
-2.343344947863182171e+01 -9.165634332793263894e+00 -7.885243131749525958e+00
-2.308046250926028975e+01 -9.133393799540721503e+00 -7.754719645591158894e+00
-2.321802731959465049e+01 -9.175697652359549039e+00 -7.748420792579670646e+00
-2.345264825558350807e+01 -9.309987612133221901e+00 -8.048269320165065466e+00
-2.358197198290670116e+01 -9.291622742993764561e+00 -8.228249170862227402e+00
-2.367348693213767419e+01 -9.184978596642086046e+00 -8.145914374304171091e+00
-2.399211109775878725e+01 -9.196082282920636786e+00 -8.163326941787431679e+00
-2.389157999935796539e+01 -9.098726729004294356e+00 -8.168716702072053693e+00
-2.395675889787067092e+01 -9.268020490794643962e+00 -8.329906644027516904e+00
-2.384762028215407170e+01 -9.218101766667292196e+00 -8.215397033240918745e+00
-2.404275909599658689e+01 -9.112986400233815232e+00 -8.321511948198610398e+00
-2.407503202866549685e+01 -9.063930247628515957e+00 -8.308393567124012336e+00
-2.398020318255800731e+01 -9.025003984474420093e+00 -8.329429689202438425e+00
-2.359922007376098207e+01 -8.944116051958109992e+00 -8.136059583879795554e+00
-2.354403087553290774e+01 -8.794793455871069199e+00 -7.983173182230624221e+00
-2.351187631598968863e+01 -8.894348335806352424e+00 -8.096039270356914841e+00
-2.323496883169169180e+01 -8.959502696932494459e+00 -8.125298879714016209e+00
-2.324949989755251778e+01 -9.028177505982572626e+00 -8.274962673442454175e+00
-2.341076774260280757e+01 -9.066842356776266598e+00 -8.126505263019753400e+00
-2.332044008459534368e+01 -8.894701702657997089e+00 -8.139531378024564390e+00
-2.344989956449463619e+01 -9.237686273313318708e+00 -8.256886016294222586e+00
-2.367084660276227481e+01 -9.378589637222123798e+00 -8.359830914699102777e+00
-2.371652583374980594e+01 -9.439979490840023857e+00 -8.514904865962749980e+00
-2.381935287969592707e+01 -9.333033745527805181e+00 -8.513072011763503255e+00
-2.371417520658215849e+01 -9.282975597914099097e+00 -8.419897930698938993e+00
-2.348806602838273960e+01 -9.116894767557500501e+00 -8.462827684788518212e+00
-2.343146155947654918e+01 -8.986485985735139792e+00 -8.429032245043147853e+00
-2.346269582948368537e+01 -9.041069995212779986e+00 -8.384722036700399173e+00
-2.334967642876454619e+01 -9.040235356384249243e+00 -8.468547765881528022e+00
-2.297463440262056267e+01 -9.133647522878092673e+00 -8.470284702017508494e+00
-2.256935825347986224e+01 -8.708968942364680998e+00 -8.271964835807533944e+00
-2.221497938821787699e+01 -8.523726675780014972e+00 -8.154430841405689634e+00
-2.236299790472649107e+01 -8.536053849862152987e+00 -8.135962084034650488e+00
-2.243197251015063287e+01 -8.549740597496194638e+00 -8.029393910250734123e+00
-2.246721743208793498e+01 -8.543264779943076093e+00 -7.929906211677542061e+00
-2.247287458815209504e+01 -8.535427360517555684e+00 -7.883321091107793777e+00
-2.259620959528864859e+01 -8.681307598509716783e+00 -7.957506124076443754e+00
-2.243811745020002846e+01 -8.490003722946196874e+00 -7.853649382817411428e+00
-2.246704001985387933e+01 -8.469779623012147596e+00 -7.749673315535922313e+00
-2.292805098013922560e+01 -8.640943193390619115e+00 -7.807063829847192160e+00
-2.287033357918117105e+01 -8.732007883885353650e+00 -7.847090249556115893e+00
-2.277158162433773470e+01 -8.923949433170539791e+00 -7.951497617302121235e+00
-2.243435773195362160e+01 -8.861865091732571642e+00 -7.889720300248255214e+00
-2.247318794570793443e+01 -8.980807507413278046e+00 -7.909337927853068884e+00
-2.231043567578619857e+01 -8.988354217738322660e+00 -7.943826973312309470e+00
-2.222519832851596533e+01 -9.116894446145829889e+00 -7.937244570805740196e+00
-2.210733469413888486e+01 -9.079886977434039608e+00 -7.864369417658314987e+00
-2.217102643409434393e+01 -9.183655881550592426e+00 -7.965622922582494603e+00
-2.200571862063857154e+01 -9.300301984714376857e+00 -8.171515072979598671e+00
-2.166923913203477881e+01 -9.199829266949146600e+00 -8.155828453520012289e+00
-2.154898438770067770e+01 -9.237828626317851288e+00 -8.045258556759058877e+00
-2.190704924356126782e+01 -9.300517119039753311e+00 -8.233286155304487153e+00
-2.193084336445591731e+01 -9.290308626214885734e+00 -8.344812316848599920e+00
-2.178974975556105420e+01 -9.276484108331047196e+00 -8.394164109502055382e+00
-2.206187697726100794e+01 -9.273541441083660075e+00 -8.570367047239393798e+00
-2.212908218342510480e+01 -9.140161966508362212e+00 -8.599170153927094162e+00
-2.255373314657769868e+01 -9.158487670522983848e+00 -8.785651984551199334e+00
-2.236168029996649054e+01 -9.023008650278208975e+00 -8.591335076014805949e+00
-2.231195644144356294e+01 -8.826419066128035951e+00 -8.490699855207580526e+00
-2.249437144897211027e+01 -8.819096439027806156e+00 -8.382842151552855725e+00
-2.272130080125057106e+01 -8.790590707981221996e+00 -8.503881575641097257e+00
-2.267823682762974613e+01 -8.682853705817704437e+00 -8.356242081373391528e+00
