-4.306303308451632332e-03
-2.348920606207229381e-03
-1.255572435389433125e-02
-7.746736213078683764e-03
-5.039627485489817267e-03
-1.968704993093001523e-02
-3.143375677406158586e-02
-3.008326800537090145e-02
-3.851951978404631605e-02
-4.242381906418518644e-02
-3.297501473561038204e-02
-2.588373249455734951e-02
-2.454624752254618708e-02
-3.860512887636195073e-02
-6.338481843365159629e-02
-7.462158995186957133e-02
-9.366219705037832910e-02
-1.095228802619361563e-01
-1.106051171995261900e-01
-8.429337154445902536e-02
-9.103541647321801433e-02
-9.972481907549614333e-02
-9.753152111197925522e-02
-1.076976826935754500e-01
-1.024319192049258920e-01
-1.077970801930351330e-01
-6.619589665989444871e-02
-4.888218252093098903e-02
-4.988741520881972979e-02
-7.046414851901640353e-02
-5.457776057337443421e-02
-8.193810041365846841e-02
-1.041059892110657581e-01
-1.029445060892564545e-01
-1.312375252759432620e-01
-1.435271888594749634e-01
-1.928026570814075080e-01
-2.488105128196254068e-01
-2.845354033232282975e-01
-2.842370937411808351e-01
-3.372998324240154000e-01
-3.327960922509928254e-01
-3.264784575501381014e-01
-3.765235217333643414e-01
-4.240670433342857981e-01
-3.946255382100182230e-01
-3.854166180599324365e-01
-4.130337796332259614e-01
-4.145180048010580487e-01
-5.426743784401348858e-01
-6.128511492975327046e-01
-6.674742836214664354e-01
-7.356772240516157302e-01
-7.731049754456815748e-01
-8.088501290129503918e-01
-8.638446950800823254e-01
-8.869360508892736306e-01
-8.854004873824339317e-01
-9.095509510702199929e-01
-9.345229014082349073e-01
-9.198140027167698296e-01
-9.482708822939504012e-01
-8.745156573697212554e-01
-8.599677678161015137e-01
-8.445830605294986082e-01
-9.859968920297730310e-01
-1.086743966276815909e+00
-1.046228969890408811e+00
-1.112875388942561106e+00
-1.025273364399204024e+00
-1.081732517797449500e+00
-1.097796271140513813e+00
-1.246056564925319687e+00
-1.243631260902894109e+00
-1.315055079611450406e+00
-1.159325599523283401e+00
-1.252189363448495296e+00
-1.381142476572099653e+00
-1.441583015620345076e+00
-1.576725871011936508e+00
-1.486283655373808354e+00
-1.539105790130085971e+00
-1.584794789872162157e+00
-1.713010341717833285e+00
-1.677952146195961447e+00
-1.763698427750388209e+00
-1.737480553343460743e+00
-1.788666542637492141e+00
-1.848093926746031901e+00
-1.826452228967293978e+00
-1.939375254973735307e+00
-1.918411603083653105e+00
-1.869644269130275704e+00
-1.824612256113099518e+00
-1.834107387102034581e+00
-2.019527782180875253e+00
-2.048645931734113912e+00
-2.084155789520638624e+00
-2.116560227699122443e+00
-2.198737067086607322e+00
-2.215583704106251606e+00
-2.361226468159110858e+00
-2.431756859648152247e+00
-2.513461489526719550e+00
-2.468455387435482429e+00
-2.465961775742033346e+00
-2.516754693828223033e+00
-2.625447939075084669e+00
-2.685212082600514805e+00
-2.756440481179505575e+00
-2.814019494622081563e+00
-2.893326499459713652e+00
-2.980193509666261509e+00
-3.077297802236217628e+00
-3.246551753198572587e+00
-3.286609969234194129e+00
-3.306144561949618144e+00
-3.318619440764214890e+00
-3.300797614894754872e+00
-3.260611852441735348e+00
-3.371534050566598495e+00
-3.296976306352904285e+00
-3.329780226332476722e+00
-3.323161092408700945e+00
-3.318228007718937000e+00
-3.254199442887875993e+00
-3.313298034853496610e+00
-3.277764656851132941e+00
-3.155070771244999683e+00
-3.146285327823433509e+00
-3.161123750001088695e+00
-3.104680914681134940e+00
-3.055837604583360179e+00
-3.018738654323288362e+00
-3.128425676599029703e+00
-3.281784982482357726e+00
-3.269470521722877887e+00
-3.333571381837975078e+00
-3.532026296224739959e+00
-3.714492740960861905e+00
-3.810217442637487295e+00
-3.868187026185593513e+00
-4.003376779783129003e+00
-4.031996789251659052e+00
-4.172902841040722066e+00
-4.047790595691633797e+00
-4.157166667857234543e+00
-4.201562947149343863e+00
-4.153078595601163769e+00
-4.246119016832901494e+00
-4.133852374848531852e+00
-4.259960773650848687e+00
-4.225031514445874770e+00
-4.369433231191585776e+00
-4.146354006939420245e+00
-4.329499090719989951e+00
-4.235235257049583701e+00
-4.136648839861367222e+00
-4.154287880604571548e+00
-4.037013449765801454e+00
-4.132492194805640118e+00
-4.141384365714031901e+00
-4.173372589556501921e+00
-4.195859012046927461e+00
-4.339550704860607233e+00
-4.253667631534070459e+00
-4.426742236061842917e+00
-4.493064784303938630e+00
-4.557919872757624447e+00
-4.512102834967189224e+00
-4.464425581822967004e+00
-4.541585993410478750e+00
-4.596024412372779366e+00
-4.582425605226296383e+00
-4.567512413427593287e+00
-4.608272971183224875e+00
-4.473895772192363118e+00
-4.480321790490561895e+00
-4.572338450193973003e+00
-4.605740097967824020e+00
-4.747133794743905177e+00
-4.728334700431203075e+00
-4.792183819098720043e+00
-4.639030898599879826e+00
-4.689981113809240654e+00
-4.598680972908232967e+00
-4.675124548710567929e+00
-4.682336240258706539e+00
-4.623134659493277177e+00
-4.726036082648290559e+00
-4.793940742934961641e+00
-4.875895449702293050e+00
-4.868717481163458594e+00
-5.124965375681215463e+00
-5.161326169049622159e+00
-5.152927629578551993e+00
-5.218255799391389615e+00
-5.247638213701860010e+00
-5.192925576838729462e+00
-5.137307840999215003e+00
-5.048148137902169097e+00
-5.096687706677943908e+00
-4.944208769296706940e+00
-4.797437851361428862e+00
-4.759377983759986996e+00
-4.845843161397795029e+00
-4.898283470036716380e+00
-5.116109331372944879e+00
-5.108617085213095876e+00
-5.105083309727458385e+00
-5.139096118577908712e+00
-5.076603017103678006e+00
-5.259275626323944408e+00
-5.369543514509695470e+00
-5.572279669728068541e+00
-5.640325311955683318e+00
-5.513663419929023313e+00
-5.349238365296992370e+00
-5.397748940753523073e+00
-5.575728285628946956e+00
-5.558319485740493171e+00
-5.512126359141370280e+00
-5.447955498050083278e+00
-5.429215433780186117e+00
-5.158975804209468663e+00
-5.128040822247182717e+00
-5.064937251305795307e+00
-5.097485381885510591e+00
-5.114070469863156276e+00
-5.069257549717471889e+00
-4.922164099304820795e+00
-5.086530104893364879e+00
-5.048099289576267523e+00
-5.099054466213653214e+00
-5.328763889552887711e+00
-5.389573629158928014e+00
-5.662042010307422046e+00
-5.610711928811494609e+00
-5.793394402283121636e+00
-5.777146964445904587e+00
-5.986794292064443468e+00
-5.819362361555844743e+00
-5.939483319758889657e+00
-5.943200783894108774e+00
-5.785210531985575777e+00
-5.903607296190291898e+00
-5.857127478540242294e+00
-5.864270069267443652e+00
-5.885055629914182518e+00
-5.913279970803930752e+00
-5.893101401097830205e+00
-6.193521450376367810e+00
-6.273934231227699776e+00
-6.342799060147028101e+00
-6.482685018354115591e+00
-6.536564605019586693e+00
-6.515705062206682108e+00
-6.612137843685658822e+00
-6.624442622955411863e+00
-6.739632571070953482e+00
-6.722172002326937346e+00
-6.452955610282404386e+00
-6.370286142754888026e+00
-6.437644854126084226e+00
-6.590562588637029151e+00
-6.370724237076577978e+00
-6.383355926497477739e+00
-6.504175599284364395e+00
-6.565734929532777819e+00
-6.481101756194126651e+00
-6.377124541354287857e+00
-6.355347075050187478e+00
-6.400815429915907018e+00
-6.142572571520043212e+00
-5.989792468890934529e+00
-6.319297018060061610e+00
-6.326370151478198700e+00
-6.308148857939800180e+00
-6.161154504816966693e+00
-6.121275393271763399e+00
-6.316908136725367662e+00
-6.468934620375017985e+00
-6.521248400421340463e+00
-6.618944600638895892e+00
-6.492122509075505477e+00
-6.292759401685017906e+00
-6.262877556067615537e+00
-6.156016253027881469e+00
-6.258137724101258570e+00
-6.341992749003782848e+00
-6.436646651119268370e+00
-6.403691892996890900e+00
-6.382019380831441602e+00
-6.535015245410368934e+00
-6.512117110960671695e+00
-6.538505815399136445e+00
-6.689857260836710395e+00
-6.727007996734839068e+00
-6.583685045466748598e+00
-6.591201285806933541e+00
-6.637254753633811788e+00
-6.633401218882657879e+00
-6.538374428216130241e+00
-6.556491085252178941e+00
-6.813219146401462645e+00
-6.886990423313624987e+00
-6.686591662571961692e+00
-6.768518174168829837e+00
-6.891714498571242409e+00
-6.862658575748499246e+00
-6.777375749952824435e+00
-6.706423223186727789e+00
-6.880602346677763492e+00
-6.705436797534798821e+00
-6.620239443077181818e+00
-6.483938173236692748e+00
-6.705531589281619631e+00
-6.604160517367847483e+00
-6.721022489740382966e+00
-6.584759972762801006e+00
-6.511063431220515341e+00
-6.678187210756091119e+00
-6.613072308435921975e+00
-6.772405892924521886e+00
-6.888085840314801089e+00
-6.986509175195600108e+00
-6.974280677546923712e+00
-7.007739968779826079e+00
-6.729557949381454129e+00
-6.867372655602420828e+00
-7.002075169355032713e+00
-7.070681213082627536e+00
-7.065304410656291445e+00
-7.005276714401529325e+00
-6.808136218991580613e+00
-6.763064753502355586e+00
-6.573935395139367976e+00
-6.626465738100579372e+00
-6.773145431825301266e+00
-6.794930047101286341e+00
-6.751613796748084262e+00
-6.541060626567032799e+00
-6.665850109412265745e+00
-6.672492792449250310e+00
-6.793594788490516123e+00
-6.874292533897472524e+00
-7.016192150647803771e+00
-6.822696315558880897e+00
-6.882439069248316166e+00
-6.784042810499302689e+00
-6.621886980658634236e+00
-6.669776363055848201e+00
-6.609947611477276830e+00
-6.613293860092730014e+00
-6.669394030602187051e+00
-6.634274662451858262e+00
-6.614127302890746130e+00
-6.804411406385371563e+00
-6.901223080003225263e+00
-6.930599166700234903e+00
-7.078077231185508467e+00
-7.194661572050092602e+00
-7.083463952838750188e+00
-7.026851887482825632e+00
-7.145573010768399236e+00
-7.259254539471970524e+00
-7.427063399871483007e+00
-7.511143447678861662e+00
-7.449168584809138238e+00
-7.627967142129094213e+00
-7.671069306967718937e+00
-7.501318596048001552e+00
-7.615308498778287749e+00
-7.680311928159193613e+00
-7.496371066171843900e+00
-7.422476858271953581e+00
-7.191015339718314081e+00
-7.064502572027346439e+00
-7.129335782901153884e+00
-7.056860657028616757e+00
-7.243447156024456213e+00
-7.347571273711563933e+00
-7.359758485311520992e+00
-7.417443889166764670e+00
-7.482054553245900408e+00
-7.449062796737665693e+00
-7.583376730843210289e+00
-7.635756858836865391e+00
-7.368391470813740796e+00
-7.213597749730160658e+00
-7.098913992833860043e+00
-6.990004352449266989e+00
-6.765576057630212858e+00
-6.698775308054831790e+00
-6.654088818384868986e+00
-6.594352296475241459e+00
-6.420864017267535750e+00
-6.362522431344876495e+00
-6.507188784986600361e+00
-6.685684867814840615e+00
-6.470493169795799027e+00
-6.646929287492160832e+00
-6.653111663884507365e+00
-6.659073628544737389e+00
-6.642368009142248120e+00
-6.518621182056852703e+00
-6.628103323387337653e+00
-6.542317496142065814e+00
-6.395872344448173763e+00
-6.340915357472517222e+00
-6.404516051223981599e+00
-6.441103851867074681e+00
-6.515434800959181594e+00
-6.526143244028927981e+00
-6.505156224777811858e+00
-6.730355864799743237e+00
-6.849588353265396279e+00
-7.023786488320522992e+00
-6.979868865714555781e+00
-6.880974934655323061e+00
-6.900303177386232001e+00
-6.774056250431068626e+00
-6.786119052172260524e+00
-6.860810573283179892e+00
-6.908410441985951778e+00
-6.878968331139160064e+00
-6.704686538381091410e+00
-6.568826821027023755e+00
-6.831144473184023624e+00
-6.789013980950899807e+00
-6.729542740545579882e+00
-6.694042998197444305e+00
-6.795438881602893666e+00
-6.691496624227751155e+00
-6.611750086260881787e+00
-6.408071082371084692e+00
-6.310572271241532860e+00
-6.493133065874891585e+00
-6.532687510437623857e+00
-6.656838503228819093e+00
-6.709541279078942821e+00
-6.656377894596515077e+00
-6.639268216531684530e+00
-6.918350835684715427e+00
-6.915192363121946073e+00
-7.044964716088531809e+00
-7.346457594470194863e+00
-7.340097760943807614e+00
-7.238929306357919202e+00
-7.185185392653140823e+00
-7.256226555481551266e+00
-7.246714836514719593e+00
-7.348006123942350420e+00
-7.084121845226742487e+00
-7.071548394359636447e+00
-7.218909518522037772e+00
-7.140707136588543058e+00
-7.260144998646858028e+00
-7.176520468901176564e+00
-7.183785415716371858e+00
-7.112645509344969419e+00
-7.097219992377800324e+00
-6.858564868445659712e+00
-6.911800539128359233e+00
-7.046683893457036163e+00
-6.867179562472396803e+00
-6.833243350298350727e+00
-6.707731662089320146e+00
-6.790060491000208920e+00
-6.885744475525946484e+00
-6.811163244353565460e+00
-7.003546970374477709e+00
-6.973476300844853704e+00
-6.970087112193685819e+00
-7.140431695545077062e+00
-7.262127062577751424e+00
-7.083082219667824475e+00
-7.075794864415594354e+00
-7.306128918553230100e+00
-7.192195540268720322e+00
-7.292735340692766854e+00
-7.355322534755980080e+00
-7.372399802999777485e+00
-7.403320999370528455e+00
-7.115550938053667451e+00
-7.142431312417549805e+00
-7.345232857504259805e+00
-7.318598429859494381e+00
-7.118985209611667031e+00
-7.222809151077285605e+00
-7.171932950795500972e+00
-7.005684937350224573e+00
-7.020663347449135117e+00
-6.968267771461048810e+00
-7.199488628824819436e+00
-7.287442003233836729e+00
-7.188537885212828549e+00
-7.134561155217868489e+00
-6.986225145008916115e+00
-7.030047297832693332e+00
-7.142724115242122807e+00
-7.176022825445531161e+00
-7.181979470127435761e+00
-7.262194213885419636e+00
-7.029000395852031957e+00
-6.951353701374219263e+00
-7.100988929915996728e+00
-7.112473123611271930e+00
-7.247008827709548129e+00
-7.086834826293586964e+00
-6.802179676995433688e+00
-6.792352631393962170e+00
-7.004966195606719737e+00
-6.867526578257629133e+00
-7.049813848218626333e+00
-7.098680593955502438e+00
-7.016299880386624110e+00
-7.051655465724268268e+00
-6.982600021296303971e+00
-7.165942956224659710e+00
-7.500913353393054095e+00
-7.550353902086921032e+00
-7.476542235943057335e+00
-7.648189308038024770e+00
-7.460575989769040461e+00
-7.303890955030363230e+00
-7.362594493213450164e+00
-7.248755173618772751e+00
-7.198053166846110962e+00
-7.158532279864223469e+00
-7.155553269013481099e+00
-7.203153183333104614e+00
-7.160444387089119012e+00
-7.012637729898915318e+00
-7.104691896502214554e+00
-7.269866871370706640e+00
-7.345307401401584002e+00
-7.454110594270957790e+00
-7.499618718175439014e+00
-7.520474638711623250e+00
-7.470718525416446987e+00
-7.417735383865054821e+00
-7.367556476856952585e+00
-7.400947561896165539e+00
-7.432297422303392409e+00
-7.532783117552320107e+00
-7.293834610606543478e+00
-7.152400696257485535e+00
-7.218229776497520511e+00
-7.277130680620163439e+00
-7.208995954780460735e+00
-7.176659551890816502e+00
-7.242027695414748223e+00
-7.293504670440128734e+00
-7.344259766685889979e+00
-7.244160923501854477e+00
-7.329458682071762432e+00
-7.505446773522334247e+00
-7.463094383969798074e+00
-7.327062055828815978e+00
-7.353584949286246619e+00
-7.432511203802247834e+00
-7.557262993966674003e+00
-7.474701708052192473e+00
-7.390036970143816220e+00
-7.323774817937945159e+00
-7.450561040173657723e+00
-7.385945522296047727e+00
-7.356278373688136973e+00
-7.425821841191114103e+00
-7.404365298568637677e+00
-7.506517251980939776e+00
-7.385473936774242354e+00
-7.379385427784863616e+00
-7.332436581362161476e+00
-7.394221670163595661e+00
-7.295945845081691417e+00
-7.301023233458683315e+00
-7.524158626199567657e+00
-7.487444593997219400e+00
-7.515772719215783937e+00
-7.383201247090100949e+00
-7.405407302081441046e+00
-7.613770216100658850e+00
-7.587376333752271940e+00
-7.483010113630575333e+00
-7.579442884509592027e+00
-7.738310188146317437e+00
-7.733662221543449178e+00
-7.761899167855963455e+00
-7.818220076693887854e+00
-7.935023531753910397e+00
-8.011935215242859343e+00
-7.719422198384137346e+00
-7.834053528496697894e+00
-7.809415974740031352e+00
-7.658743725196369034e+00
-7.614829307158318628e+00
-7.583981187622148568e+00
-7.587047252824014265e+00
-7.535706417903381471e+00
-7.494117135617098135e+00
-7.371297284838425057e+00
-7.647944580239586898e+00
-7.638421848192973762e+00
-7.860107772689294947e+00
-7.884115761300000358e+00
-7.813408944259437661e+00
-7.808936359923052350e+00
-7.793777347571001712e+00
-7.801494532840472118e+00
-7.635130575824211618e+00
-7.783793969700107951e+00
-7.663355639628202098e+00
-7.779246585372360911e+00
-7.528122585096324038e+00
-7.604087748898566979e+00
-7.544636030060594578e+00
-7.401630212773680384e+00
-7.440656041223249417e+00
-7.681426019714045594e+00
-7.712696956258342951e+00
-7.646509368535755691e+00
-7.625913000375270201e+00
-7.451142845609068033e+00
-7.483289462227690869e+00
-7.394419056651246436e+00
-7.599631340848903349e+00
-7.586276638007987572e+00
-7.534015334877794956e+00
-7.423624728521843963e+00
-7.507186671250176246e+00
-7.514163492326902727e+00
-7.726633294062345669e+00
-7.884498571486673768e+00
-7.859407712458055251e+00
-7.862919982737297531e+00
-7.715707473786181936e+00
-7.659033609847779367e+00
-7.576330837798446183e+00
-7.319737345678502649e+00
-7.358171289590106134e+00
-7.482861523268120152e+00
-7.302427743285916151e+00
-7.259926787339729515e+00
-7.470730711679178349e+00
-7.464597506633383617e+00
-7.548247680591728681e+00
-7.769063764162867258e+00
-7.676985982466037584e+00
-7.843529806023231465e+00
-7.818899277791233615e+00
-7.699267477425112638e+00
-7.641613511110906032e+00
-7.601315580105729275e+00
-7.375722425584761766e+00
-7.431746876055446371e+00
-7.354290928181188569e+00
-7.237190547460201628e+00
-7.536104451178205821e+00
-7.581898603412950521e+00
-7.433084915784183622e+00
-7.590179660712085941e+00
-7.677999026529134241e+00
-7.701549464977884618e+00
-7.869799418621266973e+00
-7.893915099088809839e+00
-7.928564744369221096e+00
-8.058864017974759264e+00
-7.940859984095280488e+00
-7.728001212090317651e+00
-7.872582583443998416e+00
-7.868727908226122558e+00
-7.776900512626440332e+00
-7.751361205778714236e+00
-7.607926972331858551e+00
-7.696500884549420718e+00
-7.619570174672922747e+00
-7.626495239927495007e+00
-7.770285152612048662e+00
-7.958692031621731999e+00
-8.059848724520126240e+00
-7.919101186905852963e+00
-8.050288874675919359e+00
-8.072570202855546384e+00
-8.192845063862765898e+00
-8.092030977473035236e+00
-8.176597654194171838e+00
-8.275423726912531919e+00
-8.188553193767447169e+00
-8.078015932081170192e+00
-7.995454918858207805e+00
-7.976926738575912168e+00
-8.111798660687703943e+00
-8.067369006443374957e+00
-7.843581862482928102e+00
-7.787232031644244046e+00
-7.721054128685919338e+00
-7.512907161131113121e+00
-7.566861474667052612e+00
-7.585171087353979047e+00
-7.648005262366164736e+00
-7.725410783345274979e+00
-7.521919617084799725e+00
-7.660563804885543782e+00
-7.995000324379494927e+00
-8.148658000965687265e+00
-8.264669431940191657e+00
-8.309574525827992275e+00
-8.173063337836028452e+00
-8.285855858601308910e+00
-8.316489125091504064e+00
-8.296378599886843119e+00
-8.328403398752012521e+00
-8.231734491072710824e+00
-8.201149513029639238e+00
-8.042889707053989312e+00
-8.006723065842185960e+00
-8.020421221528492239e+00
-8.205761944277492503e+00
-8.243736693013991257e+00
-8.204916841196236987e+00
-8.123922529558877059e+00
-8.172860847275558172e+00
-8.296683548048280343e+00
-8.229072103478364042e+00
-8.455764354781447167e+00
-8.344638620468966650e+00
-8.381066746692253489e+00
-8.185606230403909223e+00
-8.024414303436898876e+00
-7.875692062373779834e+00
-8.006703144053863852e+00
-8.067921173160049975e+00
-7.952852515289710489e+00
-7.830408083768476857e+00
-7.879655585498714920e+00
-8.020828707910371946e+00
-7.886719811202473451e+00
-7.828981583209484896e+00
-7.875350262646739097e+00
-8.065080502414737396e+00
-8.040195567435702628e+00
-8.081211009491543251e+00
-8.091143768582911733e+00
-8.099541376474338250e+00
-7.902723043774136258e+00
-7.869860806397992903e+00
-8.032167527634708648e+00
-8.066638083547410076e+00
-8.013788823460888722e+00
-8.030010535626832535e+00
-8.056685527031866911e+00
-7.956337689082355169e+00
-7.938640880386079068e+00
-8.043837816725048384e+00
-8.083102722045499178e+00
-8.073816595328134227e+00
-8.090845154222128244e+00
-8.179001314008223389e+00
-8.456856397849865203e+00
-8.433211953778833703e+00
-8.171147244894095607e+00
-8.095305296212652379e+00
-8.005692689487988289e+00
-8.009329508904913908e+00
-7.958843005956272698e+00
-7.904107207061000118e+00
-7.792375298960497965e+00
-7.677644253347395420e+00
-7.508310753289360484e+00
-7.523183442496508277e+00
-7.643315783270837827e+00
-7.760819947426659482e+00
-7.993803414500637139e+00
-8.056257968692332128e+00
-8.025136178386237162e+00
-8.130585616509204527e+00
-8.083076203820326100e+00
-8.278106107114698631e+00
-8.127501530938745944e+00
-7.966123615470875663e+00
-8.083171503583587381e+00
-7.922998073447351075e+00
-7.906294707521553278e+00
-7.689074126800965914e+00
-7.599723028437741057e+00
-7.415378522707884557e+00
-7.305262748358781089e+00
-7.482516716640978061e+00
-7.594377509387676639e+00
-7.803253100233834338e+00
-7.776797109254397711e+00
-7.789542923456224344e+00
-7.630071649734190942e+00
-7.686826812649654173e+00
-7.890019492711227045e+00
-7.891852967465867508e+00
-8.052382746507202427e+00
-7.790324062080031808e+00
-7.774336208149472682e+00
-7.627962528729852920e+00
-7.406259934938674405e+00
-7.555151315848431359e+00
-7.613793325171471338e+00
-7.763641699356440995e+00
-7.676076304247956728e+00
-7.731207713145998639e+00
-7.798710615473145147e+00
-7.819505257809383991e+00
-7.892082785452063654e+00
-7.870060475385086463e+00
-8.014297321621150161e+00
-7.851124848021351355e+00
-7.790921825338538831e+00
-7.741809835988220811e+00
-7.896002909931771008e+00
-7.971673013786043427e+00
-7.963798418928762501e+00
-7.974876109439939853e+00
-7.934745133100038927e+00
-7.949959382306674982e+00
-7.934934994054782642e+00
-8.153073748354675132e+00
-8.226829254749690179e+00
-8.165159867083811918e+00
-7.977335405864991458e+00
-8.069140822490698639e+00
-7.984242205526927982e+00
-8.016106928207159754e+00
-8.018968838604148885e+00
-7.868213671834077161e+00
-7.840917291238632458e+00
-7.653402411237375524e+00
-7.533748598020058473e+00
-7.699439787833623150e+00
-7.842888237585091460e+00
-7.760339140805152525e+00
-7.765942838937786696e+00
-7.883802223526851449e+00
-7.911422468582140155e+00
-8.213230988351714501e+00
-8.125810873143752389e+00
-8.165971743356148949e+00
-8.206803116884744398e+00
-8.121915958840059346e+00
-8.055492064158965348e+00
-7.967961255292022038e+00
-7.883578841682194138e+00
-7.671030649455613748e+00
-7.716435706818796980e+00
-7.761495410281346707e+00
-7.925755435691167250e+00
-7.981580051291129685e+00
-7.954200171646408357e+00
-7.832653916009396866e+00
-7.763326318948193361e+00
-7.788381342230060511e+00
-7.910134248544805402e+00
-7.882777994666000154e+00
-7.809033555390916703e+00
-7.599550799730524275e+00
-7.600602168013708138e+00
-7.540402074648397956e+00
-7.609274777618094454e+00
-7.565819200293915969e+00
-7.645683060680748433e+00
-7.675907016934209182e+00
-7.670880250705653047e+00
-7.710378044573184653e+00
-7.628442502330599950e+00
-7.433912399287987860e+00
-7.412823822733530577e+00
-7.471734606533206424e+00
-7.504512111373538907e+00
-7.522556813896649430e+00
-7.296755149142727603e+00
-7.342246519164165264e+00
-7.377219566645503157e+00
-7.404533441254635306e+00
-7.448347709751244494e+00
-7.406097158570696948e+00
-7.429264987702524081e+00
-7.312141037574292568e+00
-7.316582762643236038e+00
-7.397745620001359157e+00
-7.540458486382158654e+00
-7.333854403233418751e+00
-7.271090980375392476e+00
-7.249911712788660978e+00
-7.155888201586374286e+00
-7.405837590439878326e+00
-7.408943342305389201e+00
-7.540359149324254773e+00
-7.625916973814270250e+00
-7.503050622968705063e+00
-7.560429732029350092e+00
-7.759951919764437100e+00
-7.739166513379954537e+00
-7.780670830284366346e+00
-7.818367171587006226e+00
-7.756029559078564617e+00
-7.963623484322676305e+00
-7.946701802174297669e+00
-7.857832687992504006e+00
-7.923893932750891267e+00
-7.983049107255984822e+00
-7.932435565767706365e+00
-7.787851805800076299e+00
-7.599207101812774923e+00
-7.777974280498566095e+00
-7.902700154932810861e+00
-7.558976251180370198e+00
-7.467346415326057141e+00
-7.373311406189069217e+00
-7.574261740270512355e+00
-7.409434831368396424e+00
-7.374229096687814788e+00
-7.630249551373664119e+00
-7.795983164531587128e+00
-7.680353848613327372e+00
-7.640572700727564559e+00
-7.719728543130550236e+00
-7.688589138861715355e+00
-7.892849406725029660e+00
-7.902066950615872720e+00
-7.983649837576959563e+00
-8.132937028236328914e+00
-7.859920084961009579e+00
-7.896756687869631364e+00
-7.948217885806935001e+00
-7.997066725558191536e+00
-8.021453356835083426e+00
-8.244416261822962610e+00
-8.210196327283391327e+00
-7.965454395806156995e+00
-7.927677522066612248e+00
-7.867174533619367693e+00
-7.999570783523329176e+00
-7.927952558570065200e+00
-7.905537522306003595e+00
-7.866106998452154997e+00
-7.930808322240951114e+00
-7.678993720912776766e+00
-7.645535117635344768e+00
-7.816422502803791694e+00
-7.834078899424063991e+00
-7.906776370001471044e+00
-7.952299674022998310e+00
-7.830126024014748332e+00
-7.994720649868168216e+00
-8.023056102770972586e+00
-8.024358972012608504e+00
-8.056653583554401976e+00
-7.873210936370552027e+00
-7.832465426661867625e+00
-7.825938570159330254e+00
-7.831021433847221935e+00
-7.814288384782092756e+00
-7.865970895480364433e+00
-7.655345624709984698e+00
-7.464367651591618191e+00
-7.415287062076830082e+00
-7.405814950073986047e+00
-7.406765461021665331e+00
-7.290051628943490236e+00
-7.372042227348553745e+00
-7.213448150197068642e+00
-7.200119116991695378e+00
-7.230134458800558050e+00
-7.168174260457767843e+00
-7.288551163377039011e+00
-7.278445922427215109e+00
-7.389479818555008350e+00
-7.364995472191014692e+00
-7.415506818850883697e+00
-7.341253057469506516e+00
-7.368101491531871439e+00
-7.519638954166097733e+00
-7.490313999497645980e+00
-7.556698548461296738e+00
-7.720123690686632401e+00
-7.705513085137248197e+00
-7.771886186977172706e+00
-7.876878323697686035e+00
-7.925792803438056922e+00
-8.025148059644481080e+00
-7.975159541327426105e+00
-7.904396994943022392e+00
-7.998606166132188555e+00
-7.987654564293579895e+00
-7.867417243464967846e+00
