3.091424814679654201e-04
2.424047942301251705e-03
-3.547445486628873681e-03
2.812770132232103766e-03
2.749054218232266367e-03
-2.550808958522012525e-03
-5.951106214942959542e-03
-5.314657550023605195e-03
-3.873333099840041253e-03
-6.739902709612531802e-03
-1.382301318633349149e-03
-5.809140488948328837e-03
-3.646722816507549751e-03
-1.673424467573510904e-02
-2.696668681079830016e-02
-2.937640440374599329e-02
-2.846480959964412666e-02
-3.738428949727319595e-02
-2.779807151951044913e-02
-1.531203609202763660e-02
-1.963855575105367610e-02
-7.347396661196615650e-03
-3.189153746282599212e-03
5.478558297477428667e-03
2.461339690634612581e-02
2.837765291293831149e-02
4.095979717210986720e-02
4.847583713620214063e-02
3.626706983567062198e-02
1.682833676274166773e-02
2.773618675170059708e-02
1.511023217600787963e-02
2.001531813908462992e-02
2.502719761054848432e-02
2.026704029222294728e-02
2.799449177408760286e-02
2.730558901946652378e-02
2.368143306896223349e-02
1.964156586131810336e-02
3.528244110321952093e-02
1.034256732471365917e-02
1.966404977117903324e-02
2.753929640559016345e-02
1.253729960883555317e-02
-4.716068466424178270e-03
-2.164663777942666539e-02
-3.760577469218974456e-02
-2.971367428237062930e-02
-4.092930003109979814e-02
-6.867247166801450364e-02
-7.594370782756391935e-02
-8.598603140930261013e-02
-1.204162100355874870e-01
-1.257363035510591642e-01
-1.333648735987896239e-01
-1.478493999031733064e-01
-1.400148536357234685e-01
-1.604448549710557337e-01
-1.639131263901703606e-01
-1.457272247553313416e-01
-1.439180770382884611e-01
-1.545631197591966211e-01
-1.397498850229975109e-01
-1.320382392475352717e-01
-1.228040171569600575e-01
-1.185199361248383959e-01
-1.318505762806429504e-01
-1.136367196412803732e-01
-1.001126655926520559e-01
-8.513524346576932522e-02
-8.449239485912587999e-02
-9.785140462652870685e-02
-1.161932954970874982e-01
-1.174660317934417691e-01
-1.223688313038300279e-01
-1.121773097068498315e-01
-1.388532264528364868e-01
-1.597979553135037145e-01
-2.116211021012467941e-01
-2.447458326305171350e-01
-2.336520268260015298e-01
-1.998830931339789507e-01
-1.839957724774737569e-01
-2.096549066254263516e-01
-1.783029631009583338e-01
-1.791313605750627924e-01
-1.941884316279594846e-01
-1.953290105828993650e-01
-1.934239000185671298e-01
-2.049731940427740595e-01
-2.065512539982987672e-01
-2.586748995944178064e-01
-2.659523595119716033e-01
-2.660812365314678685e-01
-3.234927729169622124e-01
-3.404964852093951277e-01
-3.098390334049512251e-01
-3.735248402696217385e-01
-3.251858611707035274e-01
-3.557410868165872264e-01
-3.504735928705249304e-01
-3.262923369586571698e-01
-3.398432214717124755e-01
-3.769409544460917694e-01
-3.442926653803906611e-01
-3.781764727289570471e-01
-4.002009939176456865e-01
-3.450890773574559200e-01
-3.587486342356674962e-01
-3.472805212779295214e-01
-3.918719936016147321e-01
-4.543682077402649289e-01
-4.520081796741588498e-01
-4.893472061884856505e-01
-6.132292043081142285e-01
-6.501994197257975339e-01
-6.778139411876430431e-01
-6.490307004434334726e-01
-7.028263911052519131e-01
-7.379850144428899972e-01
-7.225762626765082075e-01
-7.311396229171674976e-01
-7.944812624023880332e-01
-6.793052365982573670e-01
-5.546989815897652720e-01
-5.742031778871683478e-01
-5.970639636619946566e-01
-6.536261030064476341e-01
-6.503289060326467030e-01
-6.375062364303025753e-01
-7.100144997120169110e-01
-6.480632822325925746e-01
-5.934369879365567479e-01
-6.430114500590924376e-01
-7.115067107692774062e-01
-6.943791956117296715e-01
-6.159853799192707147e-01
-6.958873137704933987e-01
-7.292898454179412848e-01
-8.096557506151743633e-01
-7.576151736373309964e-01
-8.602856985385450850e-01
-9.548194804303313798e-01
-1.004965849700578451e+00
-1.088316515815018759e+00
-1.079053090725563102e+00
-1.233392456184117636e+00
-1.226052744117881010e+00
-1.205114240503306178e+00
-1.144580706120329694e+00
-1.144461503962353355e+00
-1.100306548668667173e+00
-1.041252480315537410e+00
-1.124887032457416947e+00
-1.014185505232872098e+00
-1.057953721749886888e+00
-9.279888436938825702e-01
-9.654075520977339897e-01
-9.634786360406121242e-01
-1.062723511578184787e+00
-1.065550055328436052e+00
-1.106317764283128557e+00
-1.180080119119390591e+00
-1.134602195306413153e+00
-1.276103953997541618e+00
-1.267996963603806648e+00
-1.357894129330628585e+00
-1.298466011356517402e+00
-1.447004748947652297e+00
-1.402845735847622510e+00
-1.433522640656512692e+00
-1.436673465094047142e+00
-1.425499201470455279e+00
-1.380646818607918158e+00
-1.353931008388682189e+00
-1.384834905611728839e+00
-1.371281681067722413e+00
-1.364185686191887736e+00
-1.423321379617986882e+00
-1.387974603258531170e+00
-1.563786201876496973e+00
-1.623429128491586937e+00
-1.696300778036474055e+00
-1.727070920951353061e+00
-1.740105008075899962e+00
-1.750404487899201555e+00
-1.737427440589811356e+00
-1.741518053078738415e+00
-1.651923285229320415e+00
-1.821655079863975901e+00
-1.856270123671257988e+00
-1.902167484595579383e+00
-1.911663163231413165e+00
-2.023868355967982868e+00
-2.132422930251083315e+00
-2.060274613735229465e+00
-2.139507000436231543e+00
-2.218805243014354556e+00
-2.170829258141194096e+00
-1.972916574701027770e+00
-1.994890396676348487e+00
-2.064312272431835460e+00
-1.969523915886394416e+00
-1.887538580009902045e+00
-1.860947192484541546e+00
-2.035544517312682267e+00
-2.033693803816959633e+00
-2.243194960839324459e+00
-2.373985403770879632e+00
-2.523388532782748328e+00
-2.570690558139388404e+00
-2.579298165374102503e+00
-2.808729615464278684e+00
-2.990312191291347954e+00
-3.005767677394330484e+00
-3.013660836872201099e+00
-3.112946550345669472e+00
-2.992738251426062313e+00
-2.872940280032092453e+00
-2.913795263966048488e+00
-2.822972099359745357e+00
-2.818736041169134232e+00
-2.714828707826897780e+00
-2.734161827459170357e+00
-2.718235906447229233e+00
-2.703912781558270417e+00
-2.651428218421437055e+00
-2.608656533102590824e+00
-2.635966302760218927e+00
-2.719150063302837150e+00
-2.575345216493083900e+00
-2.656418682409078080e+00
-2.534908584511772478e+00
-2.486161797702209242e+00
-2.668905493773821913e+00
-2.757325205177754146e+00
-2.844213634528469647e+00
-2.894966442903626813e+00
-3.047883635930287660e+00
-3.060881643246287975e+00
-3.367127226033596266e+00
-3.243868180442581295e+00
-3.486458891139236016e+00
-3.605425689423619851e+00
-3.409346263202182037e+00
-3.391771990297688610e+00
-3.503013819284515940e+00
-3.491047624183766906e+00
-3.558647877390002101e+00
-3.545652964372612903e+00
-3.419376862686082319e+00
-3.629046597621587544e+00
-3.677663382112184909e+00
-3.610622783098487165e+00
-3.803100739002284847e+00
-3.982177376783673228e+00
-3.997680169164743891e+00
-4.132892361577154894e+00
-4.132089037458654524e+00
-4.268329273233687715e+00
-4.308177943594830417e+00
-4.250921225159727257e+00
-4.219387562881443898e+00
-4.234214601701060232e+00
-4.137348381687832699e+00
-4.061694268698194499e+00
-4.060969207976430795e+00
-4.131898153237485438e+00
-4.205042947575586609e+00
-4.085211551177792444e+00
-3.941566219554509587e+00
-3.786206064308031749e+00
-3.794685773895130065e+00
-3.687534412061557187e+00
-3.853923427719937678e+00
-3.911477355896455954e+00
-3.889004444359926538e+00
-3.844000091718120959e+00
-3.719425655954121446e+00
-3.715497812244439757e+00
-3.911696274227018932e+00
-4.173902463592112255e+00
-4.118807602216236319e+00
-4.280456683654616512e+00
-4.062692608839977737e+00
-4.030248073168269940e+00
-4.062244708528346848e+00
-3.985412754237795063e+00
-4.147617944882648011e+00
-4.227126571944753941e+00
-4.299687103080472639e+00
-4.138696094802537750e+00
-4.279885617265014375e+00
-4.375121970187795917e+00
-4.422710018940664511e+00
-4.418124528412020524e+00
-4.504126012372731580e+00
-4.578918541643592910e+00
-4.411411193948214127e+00
-4.400261384998513492e+00
-4.421451583259688789e+00
-4.476917126236169331e+00
-4.331309379915568414e+00
-4.347042596382651780e+00
-4.562066034024793382e+00
-4.668251152262720360e+00
-4.517771180157765798e+00
-4.484967606066032175e+00
-4.635043115736078967e+00
-4.746391171185305957e+00
-4.735078457173943711e+00
-4.615178702627333429e+00
-4.865008510134854802e+00
-4.657361062898772275e+00
-4.567220271450913138e+00
-4.448369277101845931e+00
-4.677619361003940490e+00
-4.808845426665426359e+00
-4.846138791124888989e+00
-4.648018954096762911e+00
-4.548393100025651670e+00
-4.831914841880454503e+00
-4.764311165899799860e+00
-4.981858639141452549e+00
-5.098378963539124342e+00
-5.130029373145684524e+00
-4.870873391449394241e+00
-4.906769515780426083e+00
-4.738306515912566574e+00
-4.837034914955100184e+00
-5.098107332237395539e+00
-5.120195912283676876e+00
-5.043245462888301667e+00
-4.835170167580771228e+00
-4.652251471920374470e+00
-4.689217608290906725e+00
-4.753702814830482737e+00
-4.749940451721137435e+00
-4.851838873890624626e+00
-4.842474302207243397e+00
-4.704882319423862924e+00
-4.490406258786520333e+00
-4.777801446955852960e+00
-4.935340171518427965e+00
-4.956448548353906247e+00
-4.972445690636986271e+00
-5.073940351133894744e+00
-4.950039509413502792e+00
-4.954215418063095733e+00
-5.009102803814897698e+00
-4.911199571280724818e+00
-5.065331621471578671e+00
-4.875714056008310315e+00
-4.874341757051098512e+00
-4.999378711241524442e+00
-4.979047590507250654e+00
-4.876463291500319208e+00
-4.962822223786679920e+00
-4.974233782130541570e+00
-4.868328025379399016e+00
-4.952760661444492563e+00
-4.784035818019573227e+00
-4.747811944203542467e+00
-4.557839605131680294e+00
-4.635362324612051665e+00
-4.729488677779976058e+00
-4.757969657761973892e+00
-4.917231088327009836e+00
-4.910310849622662843e+00
-5.045109913965547754e+00
-5.086856130530303943e+00
-5.181811479310479918e+00
-5.174026012125061413e+00
-5.256987741897586552e+00
-5.194956596894729550e+00
-4.985354425760579744e+00
-4.927697312463090284e+00
-4.802139166292020533e+00
-4.888074094916753154e+00
-4.976546196547252165e+00
-5.027987428872671138e+00
-5.080614285436039879e+00
-5.152178237269771977e+00
-5.318693871139354989e+00
-5.319219264918880086e+00
-5.499401540925569876e+00
-5.622533877590687901e+00
-5.559499099030888125e+00
-5.381775728999720343e+00
-5.151124959274644866e+00
-5.154679843808107620e+00
-5.109454126470538426e+00
-4.853152542116427881e+00
-4.928742746439821687e+00
-5.066300341370109983e+00
-4.978624027016503639e+00
-4.975039604045480957e+00
-5.020176633051756099e+00
-5.205373341608789950e+00
-5.413942873329015804e+00
-5.314988159816573798e+00
-5.399509992670579628e+00
-5.476202127228701144e+00
-5.389793770112115467e+00
-5.291604706861726015e+00
-5.092054252880304333e+00
-5.178517605139008495e+00
-5.052594908352157077e+00
-4.951886476064450093e+00
-4.770245492574032298e+00
-4.803765633879640617e+00
-4.875148963901296817e+00
-4.912016860370455262e+00
-4.878100948766148193e+00
-4.757654629664554768e+00
-5.030067134213936697e+00
-4.991748304120574353e+00
-5.216218901689542164e+00
-5.115359640584713041e+00
-5.195084469908097802e+00
-5.160170077911548248e+00
-5.084111674187179020e+00
-5.171617993979446659e+00
-5.242073526244034554e+00
-5.321331179835402381e+00
-5.367888135274219152e+00
-5.286670819135004251e+00
-5.133465589786012195e+00
-5.362346217622703470e+00
-5.315742235598450272e+00
-5.301695350490284397e+00
-5.149673902549086968e+00
-5.190785046097362354e+00
-5.031505673733112971e+00
-5.036464202331141671e+00
-4.822254907681271519e+00
-4.843561031247407556e+00
-4.975225429498939533e+00
-4.966458411873803769e+00
-5.052161688884106994e+00
-5.138407359568250676e+00
-5.239596596274251006e+00
-5.291805980766234541e+00
-5.531360305836562574e+00
-5.435145846275343473e+00
-5.563671812757620572e+00
-5.685822608637077558e+00
-5.666866785879170365e+00
-5.628824180353697137e+00
-5.564117678349073337e+00
-5.535216442929641545e+00
-5.408133582550890495e+00
-5.521795088315821332e+00
-5.462526780832560824e+00
-5.524194472194961847e+00
-5.681381290490675084e+00
-5.718075788979349205e+00
-5.754913624979139719e+00
-5.667378156558280367e+00
-5.688006851263125441e+00
-5.675452964948109802e+00
-5.674827087499169309e+00
-5.365722935033401697e+00
-5.347920053031502086e+00
-5.384105227550756823e+00
-5.113530649043269705e+00
-5.005891547873877911e+00
-4.955571530973946537e+00
-4.991819044418268625e+00
-5.003855493180784819e+00
-4.940529699391353446e+00
-5.088436314917773373e+00
-5.090694305681584986e+00
-5.121666282827236572e+00
-5.274631984319654521e+00
-5.423079213273420685e+00
-5.312952828165490082e+00
-5.299526874000159538e+00
-5.449542002123328288e+00
-5.496997927502044412e+00
-5.620907897892044147e+00
-5.750355673484810026e+00
-5.788817298304870462e+00
-5.765879130182709922e+00
-5.536149730858688223e+00
-5.561425784290458196e+00
-5.708025832592184656e+00
-5.837086439210186661e+00
-5.729920499011361912e+00
-5.808125539126760550e+00
-5.850046916555295518e+00
-5.705876249909058728e+00
-5.692482675591583607e+00
-5.753724081371158761e+00
-5.918910093577221865e+00
-6.042735910619117412e+00
-6.018057616038682056e+00
-5.882406480752288225e+00
-5.803062768022820173e+00
-5.720756764163001051e+00
-5.687744723344126285e+00
-5.637008879223711411e+00
-5.786688456766572841e+00
-5.794169918425455812e+00
-5.764098320939728737e+00
-5.652294557529026875e+00
-5.737686214164122944e+00
-5.782591452460257742e+00
-5.960859674688526511e+00
-5.972197135066098284e+00
-5.694282873167231251e+00
-5.749473204838274398e+00
-5.767098562387670491e+00
-5.531849153551681830e+00
-5.542658001003101020e+00
-5.644470785790073997e+00
-5.456743158650349201e+00
-5.465932885114924922e+00
-5.367610497870812125e+00
-5.392451255981368874e+00
-5.802210460500520917e+00
-5.946761346669083181e+00
-5.919106028522295837e+00
-6.216313351176735225e+00
-6.097436007661658941e+00
-5.967763787066759917e+00
-6.131129380424665598e+00
-6.123569094230751020e+00
-6.011346656310192493e+00
-6.017007183164794881e+00
-5.927609041312537741e+00
-5.917736007168322487e+00
-5.933319035295507859e+00
-5.700622955270435277e+00
-5.725053156674249522e+00
-5.791069999604551377e+00
-5.798461924492605668e+00
-5.794668159909513783e+00
-5.845016974956985578e+00
-5.892063827767922035e+00
-5.871541230659881094e+00
-5.774962161288296869e+00
-5.586948362685939529e+00
-5.691857276599374238e+00
-5.686195727223119611e+00
-5.788800085658467154e+00
-5.607595532657258630e+00
-5.564051738434118377e+00
-5.498686346898871591e+00
-5.521134391877374981e+00
-5.588769031032131629e+00
-5.506680527339945286e+00
-5.633991618598631845e+00
-5.670527743725073400e+00
-5.709322211238836431e+00
-5.618306480144823922e+00
-5.638624313621277473e+00
-5.632671354092476435e+00
-5.803227841967974143e+00
-5.753489798849319214e+00
-5.561039593620430210e+00
-5.664148406576481776e+00
-5.722004738607995300e+00
-5.650107223496808828e+00
-5.636121962180602907e+00
-5.635727856087150656e+00
-5.839937215497761791e+00
-5.902828396304221847e+00
-5.880506950076981987e+00
-5.830351912734347053e+00
-5.817015403134956131e+00
-5.979425996677106170e+00
-6.011548089788369076e+00
-5.967857623931876354e+00
-5.861575502899659895e+00
-5.885531227826443335e+00
-5.844588577251121464e+00
-5.878285317191666692e+00
-5.993540389407955971e+00
-6.118513867794243666e+00
-6.285811133307811716e+00
-6.094607231949595416e+00
-6.043751995590800341e+00
-6.163663108291678405e+00
-6.201096736093817618e+00
-6.086046903439478406e+00
-6.079400552543615888e+00
-6.147851898022268280e+00
-6.062350793786471570e+00
-5.968095953655477182e+00
-5.968666964286842180e+00
-6.046312640063404409e+00
-6.063154710177062867e+00
-5.888714683923646831e+00
-5.961330494640729505e+00
-5.940758462802668838e+00
-5.906522918554043322e+00
-5.744621965651100837e+00
-5.689136158784637409e+00
-5.727428168206404102e+00
-5.607166921592707354e+00
-5.531603732031526555e+00
-5.508792319282175498e+00
-5.768687254897972849e+00
-5.835168090066646940e+00
-5.932185352947437984e+00
-5.858357086008850523e+00
-5.939854906853531347e+00
-6.035272660386049814e+00
-6.014190898206930314e+00
-6.012458194975565107e+00
-6.038769246654749345e+00
-6.146962013363674870e+00
-5.993243931067456565e+00
-6.173107856464794096e+00
-6.160882243074654596e+00
-6.213177007997016332e+00
-6.173823304805731382e+00
-6.063681575846822547e+00
-6.127339491422659101e+00
-6.366970160256909317e+00
-6.274752898858458217e+00
-6.240455145465246822e+00
-6.315621218608114873e+00
-6.116416057545379203e+00
-6.029258737829044534e+00
-5.945822742316228648e+00
-6.040165911124200093e+00
-6.006812025788502041e+00
-5.933457097907190558e+00
-5.865762459506379756e+00
-5.998636279595570109e+00
-6.039823097867762947e+00
-6.210061265101186834e+00
-6.320955501710644242e+00
-6.238820546957425606e+00
-6.379908873021411964e+00
-6.314445592283157715e+00
-6.330562034878217226e+00
-6.241523487363571654e+00
-6.158216395779901653e+00
-6.200377092223339659e+00
-6.239575927196614025e+00
-6.023827356385226039e+00
-5.885687921918996146e+00
-6.086518173631969120e+00
-6.035561653444732499e+00
-6.046678995170667648e+00
-6.189045117845750177e+00
-6.109732619317663982e+00
-6.063188614252881692e+00
-5.945962513204674948e+00
-5.793239565790482715e+00
-5.684323809664267202e+00
-5.695968104495899631e+00
-5.482410334850198907e+00
-5.575479743888582362e+00
-5.525335438288503376e+00
-5.470033219870092722e+00
-5.694824380207279546e+00
-5.743936249872298561e+00
-5.761889200748748330e+00
-5.847403489498221418e+00
-5.969783040696312604e+00
-6.003905202691869114e+00
-6.217176781156783960e+00
-6.118777006427811749e+00
-6.133584428559096580e+00
-6.152710016021079475e+00
-6.075944713625275106e+00
-5.998650765130861373e+00
-6.021710278615662659e+00
-6.058949812454658357e+00
-5.999680548426206350e+00
-6.024940832602267093e+00
-5.848895105093116165e+00
-5.923314442113194467e+00
-5.892942143631157315e+00
-5.942099950671287267e+00
-6.180862246025837337e+00
-6.282418957913642465e+00
-6.398496917554540531e+00
-6.354555931361245413e+00
-6.424174856825210611e+00
-6.338354580152191886e+00
-6.371954697667097989e+00
-6.369694776033643535e+00
-6.496348756576360017e+00
-6.551003814918709978e+00
-6.392782981194736536e+00
-6.343310371626035504e+00
-6.249267591595053517e+00
-6.211503644060890394e+00
-6.319080300300437436e+00
-6.443635943474229855e+00
-6.454946452249406441e+00
-6.319097083856847874e+00
-6.252241483653540932e+00
-6.065782292514983354e+00
-6.081078426189686859e+00
-6.109557350416261912e+00
-6.117284634768662244e+00
-6.123429945289167620e+00
-6.033124892417212948e+00
-6.008096426378015664e+00
-6.209716352100472569e+00
-6.378700969022260914e+00
-6.346850356870307408e+00
-6.485043399104434059e+00
-6.378061764082877616e+00
-6.391854192615602948e+00
-6.426253131329289658e+00
-6.484234395911691706e+00
-6.416335561689058054e+00
-6.402369847831046457e+00
-6.396727320622704660e+00
-6.207710503894441345e+00
-6.282117806068140631e+00
-6.283960715876667713e+00
-6.391095056674878983e+00
-6.454134230013899298e+00
-6.369026698012687504e+00
-6.295744448025004658e+00
-6.331771600029130198e+00
-6.329104166393458186e+00
-6.284305789045774304e+00
-6.574307109152708328e+00
-6.396387947458763712e+00
-6.376447501475547064e+00
-6.261999295654137043e+00
-6.201229972486679287e+00
-6.117440424292658108e+00
-6.127624716737265942e+00
-6.181589705728404383e+00
-6.166338466430845600e+00
-6.110369329704607111e+00
-6.233127695061328133e+00
-6.412518608450224811e+00
-6.256641670990418902e+00
-6.205448582825742854e+00
-6.161556936181614930e+00
-6.421252136962576351e+00
-6.467967014347086874e+00
-6.414142422051550163e+00
-6.445510213869049210e+00
-6.516120318047970095e+00
-6.276135174281257001e+00
-6.286570520679654273e+00
-6.378047011815422884e+00
-6.443667593274258643e+00
-6.438000560533185812e+00
-6.407677729959456947e+00
-6.413732001711769826e+00
-6.406332847010657972e+00
-6.407391149095022165e+00
-6.347859513389309427e+00
-6.294299191976850061e+00
-6.210636748681586106e+00
-6.383069591826112443e+00
-6.367576246289105235e+00
-6.558069073595350851e+00
-6.574723775337547593e+00
-6.446875321609470078e+00
-6.548226475761273591e+00
-6.454561719069057624e+00
-6.524694029464070510e+00
-6.520362508750425334e+00
-6.545141184496893416e+00
-6.414015343064201957e+00
-6.453042379337768253e+00
-6.185034290083048170e+00
-6.165941122929646134e+00
-6.167227226955428243e+00
-6.215076884446963490e+00
-6.363561301793093428e+00
-6.435024409522817734e+00
-6.324234954723205959e+00
-6.331207805687180112e+00
-6.280151452083850394e+00
-6.367310281479943157e+00
-6.387042143158090823e+00
-6.264333327890826197e+00
-6.356175185921421722e+00
-6.247835629762817256e+00
-6.323472010672904098e+00
-6.073069200250228228e+00
-6.212733526363898306e+00
-6.222119013367236384e+00
-6.219840724912216956e+00
-6.196534987988900234e+00
-6.209940803641005758e+00
-6.281347006724558035e+00
-6.248933819967963821e+00
-6.290639609302661306e+00
-6.034550008471287086e+00
-6.038253441142829026e+00
-6.206131546874391169e+00
-6.087858649196304484e+00
-6.163480473758761846e+00
-6.205167404743120230e+00
-6.247097871451920525e+00
-6.302071017842379774e+00
-6.249718164464239223e+00
-6.348584544441353117e+00
-6.473924497661902144e+00
-6.580932150558716387e+00
-6.377990006481725871e+00
-6.458295870986686005e+00
-6.448341130959375000e+00
-6.397739998063689981e+00
-6.513551962193801614e+00
-6.373862270462051782e+00
-6.376794783473143546e+00
-6.169102532036117914e+00
-6.043207238035376960e+00
-6.127244726117815787e+00
-6.246409819981108669e+00
-6.330335068837872114e+00
-6.470781689655829894e+00
-6.448983681158328984e+00
-6.333710818303059931e+00
-6.385004415037594860e+00
-6.393655415019528832e+00
-6.626716637853265368e+00
-6.672438636223484210e+00
-6.520242872506304188e+00
-6.353808442287932401e+00
-6.393081950709863293e+00
-6.190124886800781212e+00
-6.256821132533060492e+00
-6.307779214429315218e+00
-6.206648895717684411e+00
-6.133011769027123528e+00
-5.819979540258771955e+00
-5.752926162679790068e+00
-5.975798697878291321e+00
-6.153090123459651117e+00
-6.025152194958453222e+00
-6.113824036649141647e+00
-6.176114770837329182e+00
-6.153344920308017940e+00
-6.380352362274258837e+00
-6.435486822021109887e+00
-6.688709394390045304e+00
-6.800086091496865492e+00
-6.675506025911886354e+00
-6.635378410382931413e+00
-6.618047256241874621e+00
-6.570613828318462524e+00
-6.366774128816229172e+00
-6.543468133291762356e+00
-6.591906644142009775e+00
-6.708155539078909158e+00
-6.654614909368189224e+00
-6.581013426081116613e+00
-6.508678332076662798e+00
-6.518300364987624107e+00
-6.496317652217035388e+00
-6.461242807215525019e+00
-6.508970628932542191e+00
-6.418433428600427426e+00
-6.252508246329759878e+00
-6.196653015179508728e+00
-6.132038379741311829e+00
-6.260381203834860742e+00
-6.273945389544461015e+00
-6.280254169044107826e+00
-6.214199113889939063e+00
-6.333824089383351286e+00
-6.322315850040951091e+00
-6.235722274798462195e+00
-5.990515345275536419e+00
-6.001323544310525726e+00
-6.028930199550290858e+00
-6.027313991869060139e+00
-6.053514017772526401e+00
-5.946733072137643461e+00
-6.192495455185516917e+00
-6.166018677257953939e+00
-6.133879433173587969e+00
-6.191017030877186578e+00
-6.315115149073004197e+00
-6.444624715776503088e+00
-6.430407834266503642e+00
-6.381183213671718590e+00
-6.423202535341277830e+00
-6.389152161042050082e+00
-6.169106503797307184e+00
-6.141846189903136910e+00
-6.243108130815292256e+00
-6.068784282446290312e+00
-6.218674661395155567e+00
-6.219853136587055076e+00
-6.306136363251090948e+00
-6.333871263580239663e+00
-6.287575600733974923e+00
-6.407656636603745071e+00
-6.589913025187874140e+00
-6.589030275499959899e+00
-6.538125762882418535e+00
-6.553534842663651716e+00
-6.521830675148057921e+00
-6.535500468959850373e+00
-6.581206029740728880e+00
-6.683588047336098903e+00
-6.642957931162118079e+00
-6.560962038623351589e+00
-6.471110630197574487e+00
-6.349870513897426960e+00
-6.259108524134591178e+00
-6.444959290335091850e+00
-6.453286084160884784e+00
-6.334403610981095056e+00
-6.150978716080158115e+00
-6.000687358436122665e+00
-6.028067185725147326e+00
-5.971022662697255790e+00
-5.849135886004863671e+00
-5.924980880314327791e+00
-6.068433371327215831e+00
-6.099247187201111586e+00
-6.076598251843682519e+00
-6.060746771591497328e+00
-6.076932987700931044e+00
-6.186489158704740809e+00
-6.256596744452300740e+00
-6.324103546441198098e+00
-6.516897399260974666e+00
-6.330479515817132530e+00
-6.401188363152906291e+00
-6.280686647729254446e+00
-6.353609491405899590e+00
-6.364412505520131269e+00
-6.556466889899641437e+00
-6.603632622427554111e+00
-6.498709437787030474e+00
-6.464248918229889895e+00
-6.441450474198167520e+00
-6.608261973966551572e+00
-6.386257080535299835e+00
-6.387432927340723765e+00
-6.275600350171716357e+00
-6.277431490678998749e+00
-6.048947013245166815e+00
-5.894320713695337943e+00
-5.927716890441794284e+00
-5.939341387580333809e+00
-5.976761466882981821e+00
-6.019356786181768726e+00
-6.052923725093657836e+00
-6.170761571474979057e+00
-6.267834411478345302e+00
-6.301220243283606415e+00
-6.416381409197418506e+00
-6.270928074646605843e+00
-6.197478639578347881e+00
-6.174473318775036468e+00
-6.222962464837559438e+00
-6.197568258308124634e+00
-6.210243277572150333e+00
-6.067100377057216498e+00
-5.891701436503933742e+00
-5.882841700937642138e+00
-5.784113952121802349e+00
-5.816236254885276402e+00
-5.801799521013658811e+00
-5.964120719801768722e+00
-5.834313765450145794e+00
-5.864658848224790333e+00
-5.876657235262429779e+00
-5.812462243641936865e+00
-5.923035896551715140e+00
-5.887423240248658374e+00
-5.892621597679423395e+00
-5.953521312343805327e+00
-5.998492370019536502e+00
-5.811759992072145664e+00
-5.779976611683755650e+00
-5.863909643127061422e+00
-5.877263063497013107e+00
-5.935663701675550463e+00
-6.157652303110253023e+00
-6.230215636915838573e+00
-6.310704275589925416e+00
-6.370872791411615665e+00
-6.319673758740916192e+00
-6.564689354687766709e+00
-6.517413039979670586e+00
-6.456225405536430983e+00
-6.493957922686666606e+00
-6.567064818914386315e+00
-6.465163559575574759e+00
