9.236075247648749643e-16 2.362706262479980950e-16
2.287167596501849945e-16 -9.696696798518819928e-16
5.332536392765878990e-16 1.417099924354877347e-16
4.668657625721690436e-16 8.903448899629407888e-16
-5.077217175567798227e-16 1.108410276319229594e-15
1.368106494844278284e-14 -1.785370342698102139e-14
-2.274795967197611864e-13 2.793155647882175292e-13
3.285034652045299028e-12 -4.204836765875420989e-12
-4.429431426129092866e-11 5.921575994022981443e-11
5.546399535955514058e-10 -7.759418773066429639e-10
-6.412579935052913521e-09 9.415854392706412357e-09
6.805320128886763817e-08 -1.051697050218006263e-07
-6.591860019411400160e-07 1.074779081459738456e-06
5.798021902521939424e-06 -9.981882915193684305e-06
-4.653632578027461339e-05 8.354673157817594403e-05
3.492119060531077455e-04 -6.193767937346517224e-04
-2.498879665795594295e-03 3.876807337640879141e-03
1.600866627642889839e-02 -1.854862709977922464e-02
-7.824690190331487494e-02 5.786385345766121430e-02
2.437916080716552025e-01 -8.827975687917605230e-02
-3.910356165383798155e-01 -1.081310226678090015e-14
2.437916080716424905e-01 8.827975687917476166e-02
-7.824690190331923256e-02 -5.786385345766039551e-02
1.600866627642268461e-02 1.854862709978280511e-02
-2.498879665797344198e-03 -3.876807337644287439e-03
3.492119060513326897e-04 6.193767937360646547e-04
-4.653632578174325332e-05 -8.354673157836398534e-05
5.798021899699092860e-06 9.981882917481855720e-06
-6.591860027913213847e-07 -1.074779079565696129e-06
6.805320232851976869e-08 1.051697055667362421e-07
-6.412582527810374851e-09 -9.415854411955280751e-09
5.546379461664304457e-10 7.759430469264985071e-10
-4.429410808460337008e-11 -5.921344873135054461e-11
3.284237268260499704e-12 4.205983581332268589e-12
-2.272519941273669554e-13 -2.789288108995112600e-13
1.506561385820013493e-14 1.711986205408022694e-14
-1.097698097963794811e-15 -7.912059846662004354e-16
-5.088040365288055616e-17 -1.042624939473001933e-15
-5.544579939792171509e-16 4.553225258459403265e-16
7.361640823768645020e-16 -6.999765298351191176e-16
4.537607847147649145e-16 -4.139079684918130493e-16
2.154260364302647805e-16 -2.953101565935352985e-16
-3.945975469335221299e-16 1.782563301338335439e-17
1.889719013000521593e-16 2.338711413163967791e-16
-5.207329043141806511e-16 -1.686314330820530113e-16
4.777214774301196348e-15 3.304339324421592680e-15
-7.523081387018323533e-14 -5.202805131098505928e-14
1.148474993688816612e-12 7.608912618708870620e-13
-1.656740908506445379e-11 -1.033313423843149103e-11
2.223644665738750335e-10 1.297905765083301661e-10
-2.760733646687006159e-09 -1.496736812607264192e-09
3.150210503977815299e-08 1.571331738779400550e-08
-3.278649742562966218e-07 -1.486155699780439670e-07
3.084153057716580467e-06 1.249556558173910087e-06
-2.593442165649324256e-05 -9.177287920162470670e-06
1.923221886526644598e-04 5.745542173566009812e-05
-1.236548098574123114e-03 -2.957512596647187851e-04
6.743187348187032470e-03 1.182446275840935137e-03
-3.024597705929804245e-02 -3.336178618500553264e-03
1.062971347827931096e-01 5.549648934592174392e-03
-2.683993544435850365e-01 -3.477325133872697944e-03
4.116948501314918740e-01 0.000000000000000000e+00
-2.683993544435840928e-01 3.477325133862953568e-03
1.062971347827939700e-01 -5.549648934593085121e-03
-3.024597705929827143e-02 3.336178618496428092e-03
6.743187348188166112e-03 -1.182446275844004947e-03
-1.236548098574597561e-03 2.957512596630136061e-04
1.923221886533973263e-04 -5.745542173610013512e-05
-2.593442165603734910e-05 9.177287920220626258e-06
3.084153058117244839e-06 -1.249556557569416765e-06
-3.278649744774854588e-07 1.486155702654741686e-07
3.150210525784988884e-08 -1.571331734870163504e-08
-2.760734192248175669e-09 1.496737387954845461e-09
2.223636749471122723e-10 -1.297904023891684299e-10
-1.656826214573280863e-11 1.033291729134703690e-11
1.148232127593835504e-12 -7.607965780365786064e-13
-7.442265377952424609e-14 5.191997175121673427e-14
4.808175268806754824e-15 -3.129877112518643560e-15
-7.112842938005367312e-17 1.612742236626484798e-16
-3.661280543826458377e-16 1.243535503431984176e-17
8.109164325964228849e-16 2.974101513451725749e-16
6.595179319315259206e-17 7.389381211837441897e-17
-6.220254685211511552e-16 -2.012652583698061008e-16
-1.758705451348709796e-18 7.371624950141484925e-16
-5.602600894853291582e-18 -8.250033734860462330e-17
-7.153188393102171327e-16 4.557283232287553428e-16
8.357909937674551029e-15 -1.475537905751406947e-14
-1.299030348619079896e-13 2.318772266755182787e-13
1.783891687388743955e-12 -3.411067100166238531e-12
-2.251596050971881442e-11 4.684591980837914762e-11
2.599719163730295850e-10 -5.959582774388335160e-10
-2.715355708228941516e-09 6.976678921376251616e-09
2.527750950473632427e-08 -7.458061404148706559e-08
-2.052282246046340166e-07 7.212256151196560385e-07
1.402339760602015669e-06 -6.236383164771193467e-06
-7.504406662302729910e-06 4.750125373074074136e-05
2.522227599906072694e-05 -3.123345312218433643e-04
2.381164411314034345e-05 1.721914482129328385e-03
-1.110621635969653246e-03 -7.603899717698256629e-03
9.564552542740535276e-03 2.494560992958127013e-02
-5.206928316337001983e-02 -5.343314332771496866e-02
1.829449047444275944e-01 5.717227027760333341e-02
-3.394266871130523500e-01 1.096023621179241965e-14
1.829449047444310084e-01 -5.717227027760284769e-02
-5.206928316336811163e-02 5.343314332771457315e-02
9.564552542743885027e-03 -2.494560992958241505e-02
-1.110621635969873339e-03 7.603899717698487347e-03
2.381164411440936482e-05 -1.721914482130099469e-03
2.522227600052023247e-05 3.123345312233982186e-04
-7.504406661956760997e-06 -4.750125373188839647e-05
1.402339760812203719e-06 6.236383163475301668e-06
-2.052282243034897163e-07 -7.212256152985965132e-07
2.527751134075846226e-08 7.458061412974351794e-08
-2.715354965456940595e-09 -6.976679815469805962e-09
2.599717175815783431e-10 5.959570711511942423e-10
-2.251567943606363734e-11 -4.684719284352561056e-11
1.783293298269871630e-12 3.411082365378160999e-12
-1.304210606370845968e-13 -2.313943070939674700e-13
8.978605219498977324e-15 1.448351780532280693e-14
-5.170612269191207346e-16 -4.422607790986213686e-16
3.908466232671287215e-16 -1.904745515121666419e-16
-3.256882992960827825e-16 3.074090614975137580e-16
-5.936034727720413828e-17 2.479914244858687328e-16
-2.166600512668600233e-16 2.472539258235494934e-16
3.427589517657665918e-16 1.440188441848506573e-16
-2.965289709139311005e-16 -2.008741722467087060e-16
2.646236219442562557e-15 1.256513287996328976e-15
-3.844642163756822913e-14 -1.863795971069600536e-14
5.817872267323235042e-13 2.588460373811156448e-13
-8.208977117454510132e-12 -3.299065057343651284e-12
1.075620782829541492e-10 3.825258254404376000e-11
-1.299157880024140186e-09 -3.980559730605093879e-10
1.435653546269685093e-08 3.638493986497674796e-09
-1.438507651853094511e-07 -2.815952259949810855e-08
1.292438641832024150e-06 1.704790234173172560e-07
-1.026555621061206748e-05 -6.129484377160414601e-07
7.074154156900897743e-05 -1.722895266442981538e-06
-4.119605851581710021e-04 5.213807617861426021e-05
1.947177435715828457e-03 -5.059681862453516924e-04
-6.948484902776357573e-03 3.187797634835899153e-03
1.564216065761162705e-02 -1.373136991382441913e-02
-5.095503369190141491e-03 3.750819405811245399e-02
-9.495397311632655657e-02 -5.059070456155909112e-02
2.538860989426006132e-01 -1.123247369832167732e-14
-9.495397311633535509e-02 5.059070456156616186e-02
-5.095503369189295813e-03 -3.750819405811577079e-02
1.564216065761134603e-02 1.373136991383021137e-02
-6.948484902776590894e-03 -3.187797634834307545e-03
1.947177435715919530e-03 5.059681862467517227e-04
-4.119605851591731302e-04 -5.213807617886931199e-05
7.074154156918491634e-05 1.722895266639741786e-06
-1.026555621042674345e-05 6.129484378066878556e-07
1.292438642254498562e-06 -1.704790231908770001e-07
-1.438507649162920517e-07 2.815952308359223120e-08
1.435653623681678849e-08 -3.638493915202153101e-09
-1.299157269572741907e-09 3.980562539846267343e-10
1.075628462730732481e-10 -3.825275175586431387e-11
-8.208725943545564192e-12 3.299259949101202622e-12
5.810415287737715169e-13 -2.589517076661276023e-13
-3.857202558885907022e-14 1.832168258015805724e-14
2.282099932449347398e-15 -1.118475832830147306e-15
1.386340718469773463e-16 4.129635837406999941e-18
-6.802842131541526633e-16 -2.040387355725621123e-16
2.938995962896985764e-17 -8.619748666392082365e-17
4.784450105758898837e-16 1.854268971201706273e-16
2.649171740140982702e-17 -5.742673124967525081e-16
-1.441504691692678120e-16 3.203787395313258752e-16
2.634459113671606729e-15 -5.385120346250489059e-15
-3.293238704657534893e-14 8.781988640431661523e-14
4.289001703006495850e-13 -1.277015167327149769e-12
-4.987790377762633309e-12 1.723286646289696736e-11
5.148895705583037474e-11 -2.149815968520982467e-10
-4.567498577824729102e-10 2.460919841422068982e-09
3.246334994745712600e-09 -2.563088774525917592e-08
-1.469714672407814531e-08 2.403753719060022454e-07
-2.649949366817254325e-08 -2.003516127574841149e-06
1.460261174438437169e-06 1.459050637717934657e-05
-1.865623524063125398e-05 -9.070491429707357503e-05
1.591685175884449276e-04 4.653817847005655480e-04
-1.000915350307165445e-03 -1.866832540794835038e-03
4.580653297521880031e-03 5.285400866434281954e-03
-1.379573599649790844e-02 -8.006105383525046262e-03
1.744223496733190645e-02 -2.810914235099909019e-03
4.358833534591015357e-02 2.534000069690674553e-02
-1.779458522181806834e-01 8.140336162917964895e-15
4.358833534591166625e-02 -2.534000069691475995e-02
1.744223496732884987e-02 2.810914235104436214e-03
-1.379573599649856763e-02 8.006105383524125124e-03
4.580653297522211363e-03 -5.285400866434562112e-03
-1.000915350308123012e-03 1.866832540796112662e-03
1.591685175875457987e-04 -4.653817847012047394e-04
-1.865623524147147001e-05 9.070491429737108011e-05
1.460261174191304930e-06 -1.459050637695757980e-05
-2.649949394712218145e-08 2.003516127331664766e-06
-1.469714758948703229e-08 -2.403753720271110162e-07
3.246334293600055234e-09 2.563088830995104115e-08
-4.567500119663476884e-10 -2.460919113268995636e-09
5.148880992224392321e-11 2.149824790777218452e-10
-4.987444203320540473e-12 -1.723292779469962545e-11
4.290899536453804295e-13 1.276406792851599437e-12
-3.338875277925353953e-14 -8.791317346772652735e-14
2.322120253027939153e-15 5.339467587871873770e-15
-5.944373189419511981e-16 -1.924116218275426294e-16
2.532556240072444316e-16 -1.499646850461629517e-16
8.655173904342906941e-17 -8.884637481495025723e-17
2.170263700253646994e-16 -1.732451198030945702e-16
-3.885172070014171889e-16 -1.597359526890707772e-16
8.014505375820324019e-16 3.303394378824518091e-16
-1.208982688089832328e-14 -3.859145766142330127e-15
1.791256125074974419e-13 5.054807734063921601e-14
-2.499136598658678420e-12 -5.901761228834860400e-13
3.228656826421160958e-11 6.003509190018010151e-12
-3.839238993115423388e-10 -5.051365897388751808e-11
4.168271890254581855e-09 3.004085660544764211e-10
-4.092701488314912614e-08 -2.419764234851921303e-10
3.591297702565356541e-07 -2.483667687813673685e-08
-2.773744446656033253e-06 4.345713146641519776e-07
1.847699532835842313e-05 -4.851600565086486820e-06
-1.031593570903032559e-04 4.104516654052632829e-05
4.620391929341204746e-04 -2.708006042750673984e-04
-1.537995972672990879e-03 1.368446465038053363e-03
3.206406209249862849e-03 -4.998260447021428583e-03
-1.904621893058214624e-03 1.155855145537895180e-02
-4.715156920312381719e-03 -1.117062111631610642e-02
-2.032327807756035762e-02 -7.115652674068651679e-03
1.168329150649644876e-01 -5.190402332324214245e-15
-2.032327807755780064e-02 7.115652674074722343e-03
-4.715156920310938429e-03 1.117062111631240626e-02
-1.904621893056416800e-03 -1.155855145538119827e-02
3.206406209250078822e-03 4.998260447020433719e-03
-1.537995972672699229e-03 -1.368446465038491598e-03
4.620391929346813866e-04 2.708006042755286722e-04
-1.031593570905070859e-04 -4.104516654043461157e-05
1.847699532803455838e-05 4.851600564497499072e-06
-2.773744447077238597e-06 -4.345713150072467493e-07
3.591297701360132418e-07 2.483667667107084419e-08
-4.092701553717023742e-08 2.419760695465461997e-10
4.168271451987793767e-09 -3.004090245439179934e-10
-3.839245947671912061e-10 5.051353603990477054e-11
3.228653891900733219e-11 -6.003572169948697268e-12
-2.498482430248233854e-12 5.901985314326966614e-13
1.792412780042942672e-13 -5.040381204027482032e-14
-1.196556241882878677e-14 3.727814988030598507e-15
5.555065382288734177e-16 -3.664754022249380376e-16
5.191378514792197896e-16 1.915382064919292970e-16
-9.146444949388475149e-17 7.481665613335093970e-17
-4.094842680742498371e-16 -1.653614378713323602e-16
1.295761525307979480e-16 5.508823388602985937e-16
5.070313391520052260e-16 -1.461798499082561160e-15
-5.604751412632004386e-15 2.327771116009480366e-14
6.361974786193994388e-14 -3.363219587197607674e-13
-6.305018630075971353e-13 4.498674296967871230e-12
4.781843374783646709e-12 -5.554693844014818188e-11
-1.687912929571642479e-11 6.286762136918103845e-10
-2.521160471242772730e-10 -6.464931122526687239e-09
6.790153825654495644e-09 5.976006272907858043e-08
-9.815561880489866932e-08 -4.898672703017377280e-07
1.066042275191467327e-06 3.498277417826185093e-06
-9.272223319479247348e-06 -2.123987281833159476e-05
6.513077114886207356e-05 1.057791610338785923e-04
-3.629033490031649957e-04 -4.074315571768214817e-04
1.536315775580249449e-03 1.078842278931901226e-03
-4.540304719981872079e-03 -1.338096745759732821e-03
7.777447980025250021e-03 -1.757249209956427251e-03
-4.653707332339491846e-03 7.137616193187278947e-03
1.061855648564855210e-02 -8.716475118777410654e-04
-7.140266784877419282e-02 3.608174905228761301e-15
1.061855648564931885e-02 8.716475118751540506e-04
-4.653707332339028675e-03 -7.137616193186428933e-03
7.777447980025628191e-03 1.757249209957471338e-03
-4.540304719981448807e-03 1.338096745759997800e-03
1.536315775581414316e-03 -1.078842278932161652e-03
-3.629033490026761831e-04 4.074315571774020719e-04
6.513077114954396896e-05 -1.057791610340648041e-04
-9.272223319303330463e-06 2.123987281848129259e-05
1.066042275536890751e-06 -3.498277417632592325e-06
-9.815561808194295953e-08 4.898672701313547213e-07
6.790154513049934237e-09 -5.976006310522353211e-08
-2.521158526901125594e-10 6.464930455486122867e-09
-1.687886996424896105e-11 -6.286769792101095511e-10
4.781682462015310214e-12 5.554698674862682073e-11
-6.305642362767828531e-13 -4.498371604417431299e-12
6.399253529235695543e-14 3.363486927752143273e-13
-5.457856733431285896e-15 -2.311208420039649952e-14
7.473231233121031267e-16 1.310945560719094188e-15
-3.279931332412897418e-16 2.003295681258531255e-17
-1.470883754409403964e-16 8.978913442436634469e-18
-1.824812447535163739e-16 1.299080750663869112e-16
4.754415814417774128e-16 8.045205870553407257e-17
-2.904243878624436148e-15 -6.386315998913066954e-16
4.217687319831703584e-14 6.288183877585563054e-15
-5.827440632068660428e-13 -5.954484044641558226e-14
7.485033887322914977e-12 3.657745474630745396e-13
-8.842219858126293681e-11 8.793646529808788854e-13
9.532180136001176752e-10 -7.170715589114428840e-11
-9.286868271432588056e-09 1.383850661544172678e-09
8.079055396878885626e-08 -1.893763734857894005e-08
-6.179262580332874485e-07 2.078646932626493927e-07
4.069799014903025641e-06 -1.886886691935442426e-06
-2.240939991209268045e-05 1.418164303191702393e-05
9.851529034388588422e-05 -8.686217965292337962e-05
-3.179338687407416773e-04 4.195420883274719802e-04
6.087896383612485069e-04 -1.506453605953030203e-03
-2.452701940753233115e-05 3.585428827132633098e-03
-2.884496625623170305e-03 -4.180659956188332270e-03
4.862604727436653854e-03 -7.752053948942991745e-04
-6.364799362318348044e-03 2.624143044868383103e-03
4.032598054046044461e-02 -2.598781107145674244e-15
-6.364799362319015913e-03 -2.624143044867700055e-03
4.862604727436111753e-03 7.752053948954247932e-04
-2.884496625623329032e-03 4.180659956187462306e-03
-2.452701940708611758e-05 -3.585428827132333858e-03
6.087896383603700863e-04 1.506453605953516576e-03
-3.179338687410174983e-04 -4.195420883277591311e-04
9.851529034406864005e-05 8.686217965318259880e-05
-2.240939991200385380e-05 -1.418164303144756100e-05
4.069799014976059363e-06 1.886886692233182765e-06
-6.179262582403077007e-07 -2.078646927510875499e-07
8.079055467197524057e-08 1.893763788017937870e-08
-9.286867971356629619e-09 -1.383850327881293860e-09
9.532184450357713667e-10 7.170701584657457881e-11
-8.842248433309463635e-11 -8.791879375661869029e-13
7.484655850578529398e-12 -3.657937789377505511e-13
-5.828157977124660780e-13 5.959672859643506365e-14
4.200284818490823504e-14 -6.192709763597026308e-15
-2.764167291445744003e-15 8.040467105547760167e-16
-2.523029803548829163e-16 -1.222586700579418399e-16
5.933905760870588662e-17 -1.760169786508906715e-16
3.073726751497246310e-16 1.299802156476870032e-16
-6.270297745841789142e-17 -6.590890568308309869e-16
-6.215650891448391392e-16 4.815859021050923952e-15
5.020659768125437582e-15 -7.138085741889495862e-14
-1.503716738457380313e-14 9.529355687204477239e-13
-4.915064887493675436e-13 -1.173288299269306906e-11
1.404994529500689391e-11 1.323948032808951376e-10
-2.423292317391068738e-10 -1.357389036276056113e-09
3.276928202463294668e-09 1.250949829672161827e-08
-3.689512451803758860e-08 -1.022302717993864969e-07
3.514559994622539277e-07 7.277396193928341589e-07
-2.826950206118045263e-06 -4.402706775803995113e-06
1.893798062415218790e-05 2.181895034471578783e-05
-1.029762430829248536e-04 -8.323330822430013510e-05
4.354288198799823387e-04 2.137858276877703458e-04
-1.328851707141038034e-03 -2.125089176202422481e-04
2.509511632396585912e-03 -6.956105652515551328e-04
-1.732827897126879447e-03 2.570345976714083665e-03
-1.901505553067385458e-03 -1.533428652870739766e-03
4.071647430337187179e-03 -1.843294470050104187e-03
-2.089573146275227819e-02 1.779699871735927994e-15
4.071647430337760505e-03 1.843294470049688721e-03
-1.901505553067548305e-03 1.533428652868626440e-03
-1.732827897127225958e-03 -2.570345976714620128e-03
2.509511632395972688e-03 6.956105652510015391e-04
-1.328851707141192207e-03 2.125089176206614548e-04
4.354288198794619758e-04 -2.137858276876152507e-04
-1.029762430830191521e-04 8.323330822433272892e-05
1.893798062456655642e-05 -2.181895034514660234e-05
-2.826950206344856122e-06 4.402706775432341620e-06
3.514559993117949359e-07 -7.277396192943706022e-07
-3.689512482466549412e-08 1.022302721676908616e-07
3.276927923177033656e-09 -1.250949783557228144e-08
-2.423290961611982436e-10 1.357389566528600438e-09
1.405015418090221342e-11 -1.323948213116887687e-10
-4.915487568205090026e-13 1.173261638862436916e-11
-1.555314158085612534e-14 -9.529813005371879603e-13
4.899130200083310375e-15 7.116021475692782441e-14
-8.753717551829947686e-16 -4.732660261183673783e-15
3.549059362160574594e-16 2.312016796254010009e-16
6.694663661783136689e-17 -1.920598871326194443e-16
1.542473455078451838e-16 -7.941949102549250083e-17
-7.788668222085434593e-16 -7.164711938449767986e-17
8.214397797948375449e-15 4.554311637479616568e-16
-1.141677254686223604e-13 1.353326892960839732e-15
1.464954915007381075e-12 -9.976760536239389871e-14
-1.731289344788437666e-11 2.270784108238031153e-12
1.867789452965960052e-10 -3.775800424798110789e-11
-1.822014588444476904e-09 5.166319657586895092e-10
1.588003328473283624e-08 -6.024506746033218264e-09
-1.217708339804033558e-07 6.042725743369170332e-08
8.046728354175432291e-07 -5.197417665488656711e-07
-4.447588251315492071e-06 3.788794868295764487e-06
1.960711458928961936e-05 -2.293392085384823750e-05
-6.294487981507784693e-05 1.116069367506816777e-04
1.132091221673885845e-04 -4.145141320115577140e-04
6.950541629761493030e-05 1.070722216737926948e-03
-9.487893075860528861e-04 -1.557538936742276650e-03
1.796136600005001889e-03 3.969222395574537542e-04
-1.902682244311708609e-05 1.133647970268205404e-03
-2.469754084918431448e-03 6.757302693040799415e-04
9.880814843039053413e-03 -1.018014641798905690e-15
-2.469754084918672141e-03 -6.757302693042407287e-04
-1.902682244358869031e-05 -1.133647970267965361e-03
1.796136600005102503e-03 -3.969222395568046966e-04
-9.487893075858528508e-04 1.557538936742003432e-03
6.950541629833849972e-05 -1.070722216738118201e-03
1.132091221673199138e-04 4.145141320119622840e-04
-6.294487981502126512e-05 -1.116069367509049150e-04
1.960711458934416150e-05 2.293392085362185948e-05
-4.447588251429762745e-06 -3.788794868503510329e-06
8.046728358823418652e-07 5.197417665059018307e-07
-1.217708344732366912e-07 -6.042725787907911028e-08
1.588003308116475290e-08 6.024506618301955936e-09
-1.822014956730682746e-09 -5.166317389864238524e-10
1.867789989615935364e-10 3.775803414200600861e-11
-1.731269892130787865e-11 -2.270871760400884806e-12
1.464977669951376393e-12 9.977985530846364711e-14
-1.139589336015974534e-13 -1.404292811852638331e-15
8.138583135755439268e-15 -5.312971883873552071e-16
-2.726642369351249602e-16 1.490635255673029418e-16
-2.070279553907036125e-18 6.942323944360712002e-17
-2.075919065739106154e-16 -1.274735516634235659e-16
8.862353523101046177e-17 1.175258123138227949e-15
-2.880848264490569286e-16 -1.306423844703578626e-14
1.606019517845776373e-14 1.745301044844895105e-13
-3.314101483322247914e-13 -2.155948496969712945e-12
5.440670685254283066e-12 2.440878620479503360e-11
-7.587965301749070882e-11 -2.512846448846359084e-10
9.181003283765180326e-10 2.327697261697781105e-09
-9.687074237532115737e-09 -1.914337975845312664e-08
8.881503638236498239e-08 1.373359339258356532e-07
-7.004758329293145793e-07 -8.385871815476641720e-07
4.673755598219917828e-06 4.198636640638132443e-06
-2.572568168855536444e-05 -1.614582458120876628e-05
1.124256865327948149e-04 4.093708310035054616e-05
-3.665649023096623671e-04 -2.894223522509573743e-05
7.935457024991218007e-04 -2.339694604727923517e-04
-8.390625757371446020e-04 9.080997432121825459e-04
-1.809940221951310366e-04 -1.050632001505987737e-03
4.617771084284675600e-04 -2.882104927127792206e-04
1.284207321656079693e-03 3.790079578392770626e-05
-4.261461964659223403e-03 3.396048799531892850e-16
1.284207321655963033e-03 -3.790079578431429887e-05
4.617771084288501207e-04 2.882104927136435466e-04
-1.809940221952349032e-04 1.050632001506179207e-03
-8.390625757373433363e-04 -9.080997432119490087e-04
7.935457024990060079e-04 2.339694604727581180e-04
-3.665649023095870151e-04 2.894223522516397101e-05
1.124256865326401535e-04 -4.093708310028960722e-05
-2.572568168867319011e-05 1.614582458139459853e-05
4.673755598286176980e-06 -4.198636640348021965e-06
-7.004758330606147447e-07 8.385871814759769149e-07
8.881503665978163985e-08 -1.373359343433746153e-07
-9.687074220312329657e-09 1.914337935530006291e-08
9.181001186633650321e-10 -2.327697533059671287e-09
-7.587984679495846605e-11 2.512845440053728190e-10
5.440731186119910803e-12 -2.440858795257540455e-11
-3.309276925169588235e-13 2.155900650482907985e-12
1.600738597908630018e-14 -1.743983654122602785e-13
-2.151421295483165052e-16 1.287833082018494391e-14
-3.561110266413810071e-16 -8.596612790321153130e-16
-1.525084530068447342e-18 1.243667798567781122e-16
-1.725770352776486204e-16 3.929772179012828789e-17
1.555299225525513488e-15 -5.333939803086813575e-17
-1.966512501337591312e-14 2.065983184846482851e-15
2.536358204959113753e-13 -4.364939153247589004e-14
-3.013308018456413162e-12 7.203708346202527570e-13
3.272553931604499674e-11 -1.033849378951983780e-11
-3.217485264236653558e-10 1.303686350502089375e-10
2.830456043683826425e-09 -1.448880010531528175e-09
-2.194520492171423531e-08 1.414204967718799103e-08
1.469132450402406315e-07 -1.201901398106672760e-07
-8.242181218627534201e-07 8.772755069238339885e-07
3.690125204349592086e-06 -5.390175222022362287e-06
-1.194123592239415724e-05 2.707607941599324123e-05
2.009071791799873005e-05 -1.063641590078524173e-04
3.269179694876100793e-05 3.033971078902653073e-04
-3.009657785032090983e-04 -5.410250024125610275e-04
7.272240131284040190e-04 3.655835573660582544e-04
-5.069389492290918850e-04 3.293511344876922753e-04
-2.556313460534004323e-04 -1.307571664079183510e-04
-5.163002344038506320e-04 -2.500979603842006741e-04
1.694644789968448870e-03 -4.672672626917119333e-16
-5.163002344041027090e-04 2.500979603847350232e-04
-2.556313460536925163e-04 1.307571664077521428e-04
-5.069389492292999434e-04 -3.293511344876544366e-04
7.272240131285561326e-04 -3.655835573660208494e-04
-3.009657785037999885e-04 5.410250024125677496e-04
3.269179694895505979e-05 -3.033971078903947610e-04
2.009071791796318855e-05 1.063641590078192407e-04
-1.194123592234883589e-05 -2.707607941604303660e-05
3.690125204394998981e-06 5.390175222005488543e-06
-8.242181221996283759e-07 -8.772755069868888152e-07
1.469132452847776935e-07 1.201901402690826717e-07
-2.194520483415285952e-08 -1.414204932645041961e-08
2.830456215434459616e-09 1.448879938430107778e-09
-3.217486849476360913e-10 -1.303686789202168317e-10
3.272546474618892739e-11 1.033871860063500510e-11
-3.013310688993691695e-12 -7.204975893089737522e-13
2.535299348511914740e-13 4.369577291008135830e-14
-1.956757776871774244e-14 -2.025026862726544942e-15
1.155459534907824886e-15 -8.226075493766255140e-17
6.250506707325427178e-17 -4.261433264846961906e-17
1.979934503213387266e-16 1.917382810336568684e-16
-3.990503685682756141e-16 -2.330947610762603451e-15
5.327142735941726688e-15 2.865411125894248883e-14
-9.080228976183880933e-14 -3.567576951112501669e-13
1.339458937919236604e-12 4.072661750334552084e-12
-1.755763715305118480e-11 -4.231981397545837667e-11
2.048122599567427199e-10 3.963226395432976154e-10
-2.118703965100547853e-09 -3.301560210042741897e-09
1.929087585290999968e-08 2.404541112874919648e-08
-1.528253120489729441e-07 -1.494145977052150800e-07
1.036326650667893778e-06 7.627610113039823870e-07
-5.878480880286734010e-06 -2.985762489825307027e-06
2.697981078210262307e-05 7.516312978420464402e-06
-9.516868367211655340e-05 -2.448303635949777280e-06
2.359283666207522522e-04 -7.094189749828587878e-05
-3.365546534545166019e-04 3.001089813851096728e-04
9.443953274790585733e-05 -5.131361971911272248e-04
2.836407260456825477e-04 1.819163411004941883e-04
1.470276490443009943e-05 1.609042032082029668e-04
1.223890927250487594e-04 1.953318601515202180e-04
-6.428679223701479076e-04 8.111719001749636820e-17
1.223890927247188638e-04 -1.953318601515160438e-04
1.470276490439082929e-05 -1.609042032074249704e-04
2.836407260456796746e-04 -1.819163411003507755e-04
9.443953274761587391e-05 5.131361971912779289e-04
-3.365546534541648867e-04 -3.001089813847852253e-04
2.359283666204580810e-04 7.094189749838527301e-05
-9.516868367205961923e-05 2.448303635969932852e-06
2.697981078207057135e-05 -7.516312978543313825e-06
-5.878480880384273242e-06 2.985762489682737830e-06
1.036326650724990998e-06 -7.627610113217032691e-07
-1.528253122370082233e-07 1.494145978573266066e-07
1.929087601046920216e-08 -2.404541093695373291e-08
-2.118703744986121324e-09 3.301560336994485759e-09
2.048124042448814242e-10 -3.963226604930216093e-10
-1.755770279554611122e-11 4.231976959995781873e-11
1.339292608880331083e-12 -4.072560762847153124e-12
-9.074485640860742837e-14 3.566698856198823536e-13
5.262482423342434253e-15 -2.862415864359986056e-14
1.004700628902217537e-16 2.141652399918466062e-15
-2.199223486926831817e-17 -1.701361231441518640e-16
2.277549577471934083e-16 -2.917912714630359769e-17
-3.090108701359105451e-15 6.080000472570061010e-16
3.987558078161394635e-14 -1.047498570324184147e-14
-4.785321866197227449e-13 1.616918146164344449e-13
5.253913781475237219e-12 -2.210391945919062998e-12
-5.231560159286114118e-11 2.711010107934879058e-11
4.670088952291564948e-10 -2.971746452667689328e-10
-3.682540069612774923e-09 2.892592802657026033e-09
2.513706026811570760e-08 -2.475870100672148523e-08
-1.441525616090956512e-07 1.838489053456595280e-07
6.602907530362511808e-07 -1.162653390253871458e-06
-2.167120855195912286e-06 6.102308143760248070e-06
3.336665631544898108e-06 -2.560074263910170212e-05
1.088595982464307122e-05 8.088262365608206125e-05
-8.884559951438101742e-05 -1.724484260075221319e-04
2.604361053276782858e-04 1.866508534866964750e-04
-3.245694294484875969e-04 3.487833923564582068e-05
2.347198653564284282e-05 -1.846050598054324013e-04
7.120284106241709981e-05 -5.733649194477312026e-05
1.756292661047675904e-05 -8.346127403521676582e-05
2.475153211914318135e-04 3.559082040216660223e-16
1.756292661094152263e-05 8.346127403534436286e-05
7.120284106270227209e-05 5.733649194471308256e-05
2.347198653596784936e-05 1.846050598055505251e-04
-3.245694294480033922e-04 -3.487833923557327401e-05
2.604361053278294777e-04 -1.866508534869355958e-04
-8.884559951425598180e-05 1.724484260073074599e-04
1.088595982487756721e-05 -8.088262365626039895e-05
3.336665631631213307e-06 2.560074263896920245e-05
-2.167120855144930643e-06 -6.102308143800216167e-06
6.602907531537608027e-07 1.162653390328525766e-06
-1.441525616668300522e-07 -1.838489055697959867e-07
2.513706029872408356e-08 2.475870063953629256e-08
-3.682540284733203968e-09 -2.892592787908626908e-09
4.670092380272066532e-10 2.971745619617012822e-10
-5.231554909079139835e-11 -2.711021899437334077e-11
5.253840373220836256e-12 2.210441565542676157e-12
-4.784585184352003389e-13 -1.616777771166910706e-13
3.989335064190053352e-14 1.052225756150704733e-14
-2.889982237905175199e-15 -4.621917075264244842e-16
9.464906993876212275e-17 6.231497742613982808e-17
-2.572697184395598528e-16 -3.257035453453003925e-16
1.360334477817641885e-15 4.441000988454597822e-15
-1.881085338470203240e-14 -5.432081607149435709e-14
2.682709841504095481e-13 6.276048698759266601e-13
-3.440952734854588109e-12 -6.609016240448590199e-12
3.973880775251410066e-11 6.282925652231746056e-11
-4.108913527983858552e-10 -5.325392563477871973e-10
3.772032803587001223e-09 3.956561565132807235e-09
-3.039648205099975892e-08 -2.514987281672955851e-08
2.117713990899713523e-07 1.316182622974934346e-07
-1.249612843838975726e-06 -5.270228519196622994e-07
6.068246183357178663e-06 1.315224167762854200e-06
-2.323975085738655679e-05 2.640781541960097173e-07
6.546025243911214868e-05 -1.968616201070666320e-05
-1.180736001607894393e-04 9.137208504052281972e-05
8.672524229074651478e-05 -2.049576988086939853e-04
7.835519547604976654e-05 1.837853737726919182e-04
-9.690897953218195694e-05 3.385933253338778410e-05
-4.855790473569622176e-05 -1.571963303240868809e-05
-3.352231831569313521e-05 1.067069623061375949e-05
-1.017834455681195345e-04 -4.446435044246708471e-16
-3.352231831550482285e-05 -1.067069623170380788e-05
-4.855790473583682923e-05 1.571963303242696029e-05
-9.690897953148389337e-05 -3.385933253326125770e-05
7.835519547616093792e-05 -1.837853737725296673e-04
8.672524229052078388e-05 2.049576988084147761e-04
-1.180736001608077216e-04 -9.137208504024787960e-05
6.546025243923839047e-05 1.968616201052916575e-05
-2.323975085747243915e-05 -2.640781542405678855e-07
6.068246183557081826e-06 -1.315224167628059918e-06
-1.249612843828811754e-06 5.270228519438029501e-07
2.117713991624145863e-07 -1.316182624984419428e-07
-3.039648206753946026e-08 2.514987268015046216e-08
3.772032714703233289e-09 -3.956561636342263269e-09
-4.108914410321230038e-10 5.325391576342527821e-10
3.973878594652394335e-11 -6.282935504982236816e-11
-3.440829549354448675e-12 6.608828666196435754e-12
2.682498366015505379e-13 -6.276191266752530945e-13
-1.883479616678557147e-14 5.436519425354686240e-14
9.875310151833653039e-16 -4.340588983330506035e-15
-7.410279461430711943e-17 3.350743412981010372e-16
-4.336434375251750702e-16 8.772964135808586389e-17
5.776224306753714930e-15 -2.076842232387738420e-15
-7.042218689314777624e-14 3.025628728441759083e-14
7.846957627827363879e-13 -4.073881510246854189e-13
-7.941246312228367100e-12 4.965007170089672565e-12
7.221304304940352440e-11 -5.454829983277249763e-11
-5.815185902509855187e-10 5.362393713797670267e-10
4.064960544318316569e-09 -4.671568686505724793e-09
-2.393412868119771561e-08 3.561116459492959782e-08
1.126309746647945725e-07 -2.335928130555817487e-07
-3.756668392342216530e-07 1.289012628448056848e-06
5.071616820935540578e-07 -5.795845557893486389e-06
3.076184980487387437e-06 2.023225968124928433e-05
-2.433977782248118640e-05 -5.047614554005840787e-05
8.384260658025508798e-05 7.501466116345435872e-05
-1.489680885480602966e-04 -2.669449182416214154e-05
9.110734113537151792e-05 -7.793717680357242956e-05
4.137426524601763516e-05 3.912240087968001958e-05
7.070476771871340272e-06 2.763059848047392741e-05
1.461354138510623193e-05 1.319452428970294667e-05
4.341192314756703731e-05 -4.966308900100062898e-16
1.461354138437549322e-05 -1.319452428960370829e-05
7.070476771923653874e-06 -2.763059848011226467e-05
4.137426524583580090e-05 -3.912240087982764725e-05
9.110734113488774691e-05 7.793717680403840610e-05
-1.489680885485116229e-04 2.669449182433212750e-05
8.384260658024904355e-05 -7.501466116345694725e-05
-2.433977782239049288e-05 5.047614554046320830e-05
3.076184980401613069e-06 -2.023225968104440739e-05
5.071616822264201753e-07 5.795845557886289150e-06
-3.756668392620905192e-07 -1.289012628354432179e-06
1.126309747494602669e-07 2.335928130594828648e-07
-2.393412885703477736e-08 -3.561116428860982700e-08
4.064960634272999674e-09 4.671568691573935680e-09
-5.815188156482728906e-10 -5.362392921915907782e-10
7.221304214613361753e-11 5.454830050717120315e-11
-7.941085389580246761e-12 -4.965123766636814963e-12
7.846452914507056840e-13 4.074193977326721943e-13
-7.043812334976288045e-14 -3.028103051654827484e-14
5.664415053353692210e-15 1.901728460406058777e-15
-3.149245264053767764e-16 -1.911297697830923932e-16
3.238762402029717274e-16 5.304409014626631270e-16
-3.480082679591522154e-15 -7.767003134555769171e-15
4.717424190611170223e-14 9.062586986826242496e-14
-6.024271615080968159e-13 -9.693719441779583786e-13
6.978566811432541189e-12 9.382383065200602128e-12
-7.286833450842427326e-11 -8.115508208161018077e-11
6.802008198940404601e-10 6.169971624091727404e-10
-5.615754200345308061e-09 -4.024544952665808072e-09
4.044166247259213708e-08 2.165442061662757599e-08
-2.494432893131844585e-07 -8.885601300116108949e-08
1.285459177798722056e-06 2.182550685976938171e-07
-5.341387409802047635e-06 2.051166562808320192e-07
1.693192381562912539e-05 -5.046720056830244133e-06
-3.703285574331625587e-05 2.564948389583567799e-05
4.329166865410829493e-05 -7.097318992480853227e-05
4.823915749845371861e-06 1.007916688066405668e-04
-6.037600316665657924e-05 -3.684669175340270740e-05
8.592402718123934478e-06 -3.071621701249173251e-05
1.107661726518863447e-05 -1.165240758209371085e-05
3.983791995922104476e-08 -1.113494828945988134e-05
-1.732595739361507100e-05 1.879806266902000246e-16
3.983792039856565911e-08 1.113494828981938923e-05
1.107661726492417553e-05 1.165240758169205799e-05
8.592402717716152489e-06 3.071621701297422958e-05
-6.037600316640574907e-05 3.684669175329270831e-05
4.823915749959235959e-06 -1.007916688066296435e-04
4.329166865458025491e-05 7.097318992451903674e-05
-3.703285574338254128e-05 -2.564948389595392378e-05
1.693192381549886189e-05 5.046720057015873097e-06
-5.341387409821517534e-06 -2.051166565032909027e-07
1.285459177870872110e-06 -2.182550685857351412e-07
-2.494432893099299461e-07 8.885601320196233309e-08
4.044166245013918624e-08 -2.165442064664445496e-08
-5.615754178373664666e-09 4.024544945360878476e-09
6.802009410025332224e-10 -6.169970578673304499e-10
-7.286837096748378801e-11 8.115525616534552905e-11
6.978584822316584386e-12 -9.382240479658388069e-12
-6.024916366635118150e-13 9.693484358144153434e-13
4.715972804770896609e-14 -9.059066347727003253e-14
-3.159396931210527751e-15 7.741117839350075887e-15
2.136413464900481161e-16 -6.145719572634891350e-16
7.838258250246570515e-16 -2.577056937580967076e-16
-9.655235038983096356e-15 5.029792911603343519e-15
1.100059825237753372e-13 -6.741014591587290594e-14
-1.135050066603104151e-12 8.262977964907200426e-13
1.054367210787167209e-11 -9.180372555950738383e-12
-8.696440826422891494e-11 9.183947514644469249e-11
6.243749337872400504e-10 -8.195833578926831011e-10
-3.785176516584013069e-09 6.448847582403473453e-09
1.834160340913467366e-08 -4.407220538205489412e-08
-6.213828051320489494e-08 2.564627366822966131e-07
6.809860912021904636e-08 -1.236625042869904257e-06
7.769878746399950019e-07 4.748528624915312282e-06
-6.196496412394983315e-06 -1.361875109067005069e-05
2.452016406819936358e-05 2.573451262914242077e-05
-5.632721243681480740e-05 -2.155854118925502695e-05
6.354579107017644865e-05 -1.798819563896926959e-05
-8.992263947445393692e-06 4.015112316040077127e-05
-1.764904529593360608e-05 3.793361782182894776e-06
-8.914017339754670799e-06 -1.773003261338138813e-06
-4.000520682713169896e-06 3.832815316464325715e-06
5.754598979910610957e-06 -1.218256155399494793e-16
-4.000520682313824354e-06 -3.832815316056459022e-06
-8.914017340046600705e-06 1.773003261228429412e-06
-1.764904529614953172e-05 -3.793361782195297879e-06
-8.992263947605133942e-06 -4.015112316024654351e-05
6.354579107031110656e-05 1.798819563891187803e-05
-5.632721243703399920e-05 2.155854118953466302e-05
2.452016406840827918e-05 -2.573451262932234751e-05
-6.196496412269118455e-06 1.361875109051887225e-05
7.769878744750521702e-07 -4.748528625071330669e-06
6.809860917703122696e-08 1.236625042733272972e-06
-6.213828059765585326e-08 -2.564627367719617210e-07
1.834160357869225997e-08 4.407220529795905437e-08
-3.785176481577500417e-09 -6.448847546478427189e-09
6.243751066744131994e-10 8.195834209080667905e-10
-8.696448523125768880e-11 -9.183943084968211936e-11
1.054353829525114192e-11 9.180513212170983522e-12
-1.135049574102124578e-12 -8.262325819574216620e-13
1.099896224817555360e-13 6.743344489754611660e-14
-9.634124483992555626e-15 -4.851116943001730511e-15
6.887597790557067877e-16 4.246753625943815146e-16
-6.087400672047196947e-16 -9.724631728060565838e-16
7.609927979697611228e-15 1.242215306963976780e-14
-9.693046356213113165e-14 -1.349164919412546468e-13
1.134785522508825725e-12 1.331467543956572380e-12
-1.203814476111914734e-11 -1.177511926072151967e-11
1.148376413973761344e-10 9.177336716845717537e-11
-9.753923454846270081e-10 -6.152828879643130828e-10
7.284413153339875981e-09 3.407630829539562241e-09
-4.706550836991261697e-08 -1.432307858316334630e-08
2.574954837325777218e-07 3.418713482113428296e-08
-1.157741107573059381e-06 6.822121161868114673e-08
4.090898520244093517e-06 -1.203899889735480132e-06
-1.053378504877981731e-05 6.665598655422489091e-06
1.678653524620717016e-05 -2.188721973562353861e-05
-7.819108020673817355e-06 4.229969134294778350e-05
-2.065405422486342571e-05 -3.712573650832394099e-05
2.351651612062875859e-05 -2.864152645156931164e-06
6.556979240064545754e-06 7.940430211831860717e-06
1.849177278060803590e-06 4.783648971048928974e-06
2.542711728325895507e-06 2.659906538982534543e-07
-1.411172246041248861e-06 4.982311333829218870e-17
2.542711728105492452e-06 -2.659906540609371433e-07
1.849177277611353932e-06 -4.783648970697392513e-06
6.556979240002158390e-06 -7.940430212130036644e-06
2.351651612081849735e-05 2.864152644917807411e-06
-2.065405422488887397e-05 3.712573650827641228e-05
-7.819108020681427099e-06 -4.229969134280157884e-05
1.678653524601888151e-05 2.188721973575950095e-05
-1.053378504870735194e-05 -6.665598655439633038e-06
4.090898520222613608e-06 1.203899890055968600e-06
-1.157741107521687892e-06 -6.822121163905153472e-08
2.574954837154272105e-07 -3.418713503808274725e-08
-4.706550834198278418e-08 1.432307860548965744e-08
7.284413182997453326e-09 -3.407630888977532160e-09
-9.753924087704184179e-10 6.152828267981769558e-10
1.148376713289521075e-10 -9.177352701079855584e-11
-1.203823466198479205e-11 1.177497708306017219e-11
1.134850491920621452e-12 -1.331398221357609881e-12
-9.693135744311519776e-14 1.348602979631160470e-13
7.407644429000550897e-15 -1.234776910896919707e-14
-5.550792129175427783e-16 1.066931418182638718e-15
-1.243910889497931616e-15 7.600511448060434453e-16
1.447612089905277337e-14 -1.021950419593583017e-14
-1.533955846789099974e-13 1.269401636352924713e-13
1.459492224713770614e-12 -1.435259479403883515e-12
-1.235613446135133283e-11 1.468275034115913967e-11
9.130955898829731038e-11 -1.347912489599201762e-10
-5.710244026506726817e-10 1.098568587757935829e-09
2.852666051402472131e-09 -7.842339712657670698e-09
-9.798545730888773353e-09 4.818804789265874707e-08
7.458842420215665722e-09 -2.489755484516332496e-07
1.792247989325907397e-07 1.046532236559907942e-06
-1.469156976743358070e-06 -3.401391655319046462e-06
6.568070769620175508e-06 7.805104407731372745e-06
-1.847049878116874266e-05 -1.008838938141763824e-05
3.017452724295586062e-05 -1.562543479152649970e-08
-1.977519268427003848e-05 1.820918624015608714e-05
-6.230536980464669353e-06 -1.203998865329875884e-05
2.352834402312884031e-06 -5.410263324031348738e-06
1.716325451799582671e-06 -2.310592469933937736e-06
-5.836939513468229273e-07 -9.906343783693540866e-07
2.442529798913628269e-07 3.628232895626486571e-16
-5.836939511062558294e-07 9.906343775571972974e-07
1.716325451808163961e-06 2.310592469637835346e-06
2.352834402385863966e-06 5.410263323896269005e-06
-6.230536980388194983e-06 1.203998865321717602e-05
-1.977519268441672425e-05 -1.820918624022214893e-05
3.017452724336573987e-05 1.562543489527294135e-08
-1.847049878131256547e-05 1.008838938152818959e-05
6.568070769521161592e-06 -7.805104407503888494e-06
-1.469156976675533601e-06 3.401391655411714831e-06
1.792247988858727963e-07 -1.046532236294823475e-06
7.458842579872068843e-09 2.489755484330592994e-07
-9.798545883535171508e-09 -4.818804792119845020e-08
2.852665996097843083e-09 7.842339672300291272e-09
-5.710245367928909170e-10 -1.098568678703561248e-09
9.130974254699332863e-11 1.347911441229760323e-10
-1.235608232013655698e-11 -1.468287608311133136e-11
1.459447504381110796e-12 1.435187978979854419e-12
-1.533923013574905063e-13 -1.269673349261519106e-13
1.453054090074620826e-14 1.005103149353149921e-14
-1.200197096908004844e-15 -8.624820517795228729e-16
1.129641104677383450e-15 1.533119753633329244e-15
-1.469824901778714373e-14 -1.802486096504347868e-14
1.736573817657484418e-13 1.810691764822843915e-13
-1.877899474411234413e-12 -1.638422808825812361e-12
1.836158003933922945e-11 1.310184986064388251e-11
-1.608076844633164424e-10 -9.032802087729592578e-11
1.247251746688607978e-09 5.148242233369436479e-10
-8.445331057419974866e-09 -2.211605099739730584e-09
4.899745008691133404e-08 5.026913308610293170e-09
-2.374699934289008463e-07 1.785289070275301360e-08
9.268803471064224241e-07 -2.691517459336353710e-07
-2.748050418024543125e-06 1.612993638071758574e-06
5.528775261277464542e-06 -6.116587352675604368e-06
-5.354824979501627355e-06 1.490576085536795245e-05
-3.843255743176886084e-06 -2.049992610491076778e-05
1.397912208758123813e-05 9.245444269354888167e-06
-5.126234164980347452e-06 5.810413560289689024e-06
-3.377937516279705122e-06 1.767514866482878183e-07
-1.597484289812751012e-06 -1.335133587276646579e-07
-2.367929498441901411e-07 4.496893316104341000e-07
-8.376815655531463761e-08 -3.686353785511619433e-16
-2.367929504316552415e-07 -4.496893314373283588e-07
-1.597484290029883672e-06 1.335133590545235020e-07
-3.377937516395044328e-06 -1.767514865393515727e-07
-5.126234165402100403e-06 -5.810413560223130022e-06
1.397912208747009893e-05 -9.245444269180639937e-06
-3.843255743385297693e-06 2.049992610464791991e-05
-5.354824979165860107e-06 -1.490576085546053145e-05
5.528775261227780978e-06 6.116587352802664392e-06
-2.748050417976220319e-06 -1.612993638268119446e-06
9.268803472080434020e-07 2.691517458732866028e-07
-2.374699935003231674e-07 -1.785289050292618876e-08
4.899745001048429899e-08 -5.026913131118101739e-09
-8.445331147568758383e-09 2.211605117684265433e-09
1.247251742770109487e-09 -5.148241246948830143e-10
-1.608076396229407227e-10 9.032811576068272681e-11
1.836168855042919593e-11 -1.310169910575492866e-11
-1.878031604322598232e-12 1.638405670626230015e-12
1.736176479763716249e-13 -1.810034537172375244e-13
-1.452589658273970076e-14 1.790438161061833419e-14
1.237927909464467539e-15 -1.622353899284791993e-15
1.799972464091952752e-15 -1.438619727303518162e-15
-1.959116302681909399e-14 1.813692992723410642e-14
1.915731277109065635e-13 -2.095494718659833060e-13
-1.667749613255835493e-12 2.200575677253464785e-12
1.270587094972722104e-11 -2.084227373215397728e-11
-8.208471254727598819e-11 1.763675299785364110e-10
4.231286741743621386e-10 -1.317270344139678942e-09
-1.470420666057628520e-09 8.551163981287954558e-09
4.887829684066629257e-10 -4.728145341857628678e-08
3.810647063843712928e-08 2.165711673772983172e-07
-3.247032087191989791e-07 -7.887087475683969402e-07
1.620096505561740904e-06 2.132355517041920092e-06
-5.389227962518133868e-06 -3.699707361702517098e-06
1.150509797267021654e-05 2.228183953868593566e-06
-1.322133974222953185e-05 5.144666727119137893e-06
3.386046324160754329e-06 -9.722224066288812520e-06
4.187704216860995218e-06 1.480718239671802641e-06
9.440814347168525407e-07 1.692834519753868091e-06
3.947952476368787048e-07 7.942139928365713406e-07
2.382029831150783960e-07 4.486467516180297720e-09
7.570312367601433084e-08 2.269762101989929890e-17
2.382029834399199781e-07 -4.486467373098567482e-09
3.947952476752577147e-07 -7.942139928052489092e-07
9.440814347585675370e-07 -1.692834519948117310e-06
4.187704216775920923e-06 -1.480718239413318890e-06
3.386046324275772085e-06 9.722224066140840946e-06
-1.322133974220643496e-05 -5.144666727155285871e-06
1.150509797262745323e-05 -2.228183953842235595e-06
-5.389227962323959188e-06 3.699707361511950355e-06
1.620096505590093638e-06 -2.132355517265801911e-06
-3.247032086908528097e-07 7.887087474062262355e-07
3.810647055378324040e-08 -2.165711674057256164e-07
4.887831174332903886e-10 4.728145332134108666e-08
-1.470420693233335223e-09 -8.551164006821895102e-09
4.231287757945072246e-10 1.317270411258856714e-09
-8.208486852677321769e-11 -1.763674057945555514e-10
1.270582131853241175e-11 2.084239768655155908e-11
-1.667715848428736008e-12 -2.200444944116516226e-12
1.914839538786790144e-13 2.095930032846134055e-13
-1.958334696198745967e-14 -1.802395680976243385e-14
1.742521242018769935e-15 1.501150698178287672e-15
-2.062395822865483703e-15 -2.200148501120530314e-15
2.537427559714048987e-14 2.381707473618218087e-14
-2.801726139335530753e-13 -2.206222995286953303e-13
2.812136881345559342e-12 1.809635077735789345e-12
-2.542036158571587668e-11 -1.282501502598031219e-11
2.048240411410100702e-10 7.512622497814572202e-11
-1.452423409490168394e-09 -3.285451283672984851e-10
8.916910066203867654e-09 6.887915816043929645e-10
-4.637838609030785108e-08 4.112306015666257970e-09
1.982408483828622664e-07 -5.689656530118863069e-08
-6.648359806076259059e-07 3.664777291968285440e-07
1.611502344602413197e-06 -1.571863780187380253e-06
-2.312451676901633461e-06 4.608700655917632259e-06
3.032339938289735448e-07 -8.588640705432105368e-06
5.066385726197536124e-06 8.084876483197883637e-06
-6.235820756389928215e-06 -4.883303642898345339e-07
-1.292651774680803526e-07 -2.560139312044841653e-06
6.344124307577573701e-07 -9.091248524536570314e-07
2.654471045287100922e-07 -4.094046671720843670e-07
-5.275203541838693083e-08 -1.067739250340086835e-07
-4.330564222027528131e-08 -3.928410432564421602e-17
-5.275203570528759121e-08 1.067739249284793368e-07
2.654471046458859831e-07 4.094046670899652639e-07
6.344124307999633278e-07 9.091248531759054025e-07
-1.292651775613862993e-07 2.560139311983750248e-06
-6.235820756158628081e-06 4.883303642675320505e-07
5.066385726122590649e-06 -8.084876483049032844e-06
3.032339938293208813e-07 8.588640705261872075e-06
-2.312451677136920156e-06 -4.608700655900097830e-06
1.611502344543586759e-06 1.571863780342895291e-06
-6.648359806699912477e-07 -3.664777292312718153e-07
1.982408483899931191e-07 5.689656521197299954e-08
-4.637838587641912127e-08 -4.112306104177242072e-09
8.916910147788368870e-09 -6.887916383822276847e-10
-1.452423447319887975e-09 3.285449645873884815e-10
2.048239149999850218e-10 -7.512629068112078934e-11
-2.542041823703735465e-11 1.282488318780888491e-11
2.812243632958152215e-12 -1.809520003517283590e-12
-2.802074321805612315e-13 2.205317525421961494e-13
2.525617193008705316e-14 -2.374051101732012700e-14
-2.158928469200824381e-15 2.293621871735982733e-15
-2.332210409481506587e-15 2.437789455391263785e-15
2.365170293647976658e-14 -2.855835512913726204e-14
-2.126132385161869555e-13 3.081935991877779376e-13
1.672688094389079948e-12 -3.019580516816258967e-12
-1.117793126812495714e-11 2.657713711070649465e-11
5.951174700096704222e-11 -2.079309563384890102e-10
-2.089080633777554774e-10 1.426408957930686886e-09
-4.151763177594298881e-11 -8.430320052628378304e-09
7.472125555112204645e-09 4.192361995678412429e-08
-6.668421262525747862e-08 -1.696025320342303052e-07
3.681346895125994754e-07 5.292020571534370517e-07
-1.416102305514448933e-06 -1.150966606511215154e-06
3.736229869054693070e-06 1.298382697668329059e-06
-6.122584259467665751e-06 7.220336086046218317e-07
4.610317753343080592e-06 -4.289710015404806572e-06
7.036677172501343655e-07 3.679125574622165899e-06
-1.344635764238699538e-06 6.448654305410903865e-07
-6.263085915645500787e-07 -1.008088044366686487e-07
-2.663459515852169451e-07 -1.383676535730704278e-08
-3.527445235999771832e-08 4.739260005007294608e-08
9.647300472515837361e-09 -7.083514150595532095e-17
-3.527445238825549183e-08 -4.739260014998478354e-08
-2.663459517951617373e-07 1.383676526195225746e-08
-6.263085917067770749e-07 1.008088041724697154e-07
-1.344635764144679727e-06 -6.448654305272307040e-07
7.036677171984739319e-07 -3.679125574534407779e-06
4.610317753327529914e-06 4.289710015369618282e-06
-6.122584259551045980e-06 -7.220336085736070850e-07
3.736229868957113604e-06 -1.298382697697632164e-06
-1.416102305535616498e-06 1.150966606691963303e-06
3.681346894498981262e-07 -5.292020569327164651e-07
-6.668421252760889995e-08 1.696025320675219558e-07
7.472125453786225819e-09 -4.192361987122788062e-08
-4.151755961571351310e-11 8.430320067558131401e-09
-2.089081585239259527e-10 -1.426408997980415715e-09
5.951186918113627829e-11 2.079308301145680050e-10
-1.117795717090571744e-11 -2.657726620627211207e-11
1.672580613187864372e-12 3.019555546866418873e-12
-2.124994818163979463e-13 -3.083408618293907530e-13
2.370636690311322226e-14 2.842856598066869641e-14
-2.336564193865900314e-15 -2.432289930671599828e-15
3.600292598259685575e-15 2.984645346594033623e-15
-4.062749153561516393e-14 -2.906628640856143392e-14
4.185254865117208691e-13 2.448794703070783519e-13
-3.906589298810047190e-12 -1.782406497424566170e-12
3.268850350868156215e-11 1.071057851022440527e-11
-2.424307834503109244e-10 -4.743524723474422504e-11
1.570814643298896235e-09 8.711551877182187602e-11
-8.726830388051595944e-09 8.754864661698723516e-10
4.051949706210596778e-08 -1.152820616358012961e-08
-1.514398749610769382e-07 7.924620845168090855e-08
4.281251433303857501e-07 -3.779971502134558576e-07
-8.034778425719011869e-07 1.290328053498459374e-06
5.978046180720105482e-07 -3.019813284620417952e-06
1.213165785722943639e-06 4.274045574166915901e-06
-3.360280726940675832e-06 -2.431366150291219195e-06
2.001361782150489460e-06 -1.001812360402526183e-06
6.496556213795192057e-07 5.837005783640161128e-07
1.035193050725855719e-07 3.474508136807676742e-07
6.451190694563588593e-08 1.301883166958918911e-07
2.990327981201297166e-08 5.864848879956221510e-09
3.836775364272931393e-09 3.100973553225855699e-16
2.990327999549395983e-08 -5.864848686144274409e-09
6.451190708695421434e-08 -1.301883164182578108e-07
1.035193053335644962e-07 -3.474508141666247669e-07
6.496556210943079658e-07 -5.837005783172328949e-07
2.001361782139744847e-06 1.001812360216861008e-06
-3.360280726762963660e-06 2.431366150391863650e-06
1.213165785688242394e-06 -4.274045573986289513e-06
5.978046181594864994e-07 3.019813284524336888e-06
-8.034778423451840306e-07 -1.290328053494236703e-06
4.281251433190713487e-07 3.779971501933148435e-07
-1.514398749551212643e-07 -7.924620843255715454e-08
4.051949692717515453e-08 1.152820626067186518e-08
-8.726830428776748142e-09 -8.754864826249333672e-10
1.570814786336701735e-09 -8.711538070626457919e-11
-2.424306531437484215e-10 4.743528174250077249e-11
3.268849823850267710e-11 -1.071045292454355295e-11
-3.906659016055904123e-12 1.782240130407797216e-12
4.186507606226863613e-13 -2.449039871487205935e-13
-4.052856907929454767e-14 2.902877493621161862e-14
3.686344486342307418e-15 -3.038901067227672143e-15
2.678103677186991432e-15 -3.580943454257115027e-15
-2.511864462665932613e-14 3.978513002018992898e-14
2.047936109261402194e-13 -4.036182396536377222e-13
-1.417736287726969447e-12 3.700834091712962157e-12
7.806510646614870371e-12 -3.036284717094803517e-11
-2.767405960757297491e-11 2.201948318009697870e-10
-2.306333457248737331e-11 -1.389997417363020422e-09
1.335025572728291680e-09 7.484744056849919869e-09
-1.255243990706866376e-08 -3.342747696962645929e-08
7.623953780047718528e-08 1.186862965099323994e-07
-3.340841213060189264e-07 -3.111460762226889158e-07
1.053535765134852290e-06 5.059263086077720063e-07
-2.249722977770108860e-06 -1.576548599129469958e-07
2.786140577573922858e-06 -1.267197766228802936e-06
-1.104275136179983672e-06 2.397691931871428755e-06
-8.993568323842818253e-07 -9.531989311427702345e-07
1.693409453370612697e-07 -4.868003588528043847e-07
1.544532197875459693e-07 -1.393087838673058079e-07
4.515684039011249909e-08 -6.464946722032224156e-08
-4.497393903199153609e-09 -1.532194243619958551e-08
-3.288719464771880325e-09 -1.236179561116818914e-16
-4.497394418270456494e-09 1.532194226805832432e-08
4.515684042426417269e-08 6.464946701716109799e-08
1.544532197059897197e-07 1.393087840584999641e-07
1.693409454608695610e-07 4.868003589065836712e-07
-8.993568323587601932e-07 9.531989313428506398e-07
-1.104275136261761527e-06 -2.397691931891719853e-06
2.786140577596519579e-06 1.267197766089629494e-06
-2.249722977732661957e-06 1.576548599228290909e-07
1.053535765021811720e-06 -5.059263087139215400e-07
-3.340841213601694780e-07 3.111460759602701678e-07
7.623953770019486354e-08 -1.186862965681854359e-07
-1.255243987686579654e-08 3.342747682892502233e-08
1.335025643829802712e-09 -7.484744032203327401e-09
-2.306321694378923696e-11 1.389997505874448927e-09
-2.767418323558187294e-11 -2.201946830865056048e-10
7.806491862634670956e-12 3.036292830359605743e-11
-1.417684074445692663e-12 -3.700889641405199834e-12
2.046971758785944629e-13 4.036571602267932188e-13
-2.516890896751654988e-14 -3.966352880623439342e-14
2.714945286632831761e-15 3.595227595550978604e-15
-5.865451696193699959e-15 -3.748192163390910986e-15
6.194324877397301228e-14 3.310710139921013098e-14
-5.963332843515396777e-13 -2.476050174607938742e-13
5.180602498270684203e-12 1.524437153250281096e-12
-4.014437213339910726e-11 -6.805721565239431850e-12
2.739178101493778440e-10 1.008473740292374279e-11
-1.618993744459597368e-09 1.785171270472720765e-10
8.109459835722828080e-09 -2.291151333915437740e-09
-3.337073688235202091e-08 1.671776196119633356e-08
1.074415412699845715e-07 -8.751120074181695586e-08
-2.468201513824544879e-07 3.394645212493604502e-07
3.107959345604279391e-07 -9.509909416333360040e-07
1.353792828903084442e-07 1.780961673310630237e-06
-1.243111961909780604e-06 -1.842628463766712161e-06
1.692688150755913495e-06 3.908104204607358211e-07
-3.929124807543659933e-07 6.799456165952348569e-07
-3.030670228839663072e-07 1.260045998801202680e-08
-1.099127923557552005e-07 -4.563174862745501509e-08
-4.255076456445447021e-08 -4.980506937151692292e-09
-5.977469862467240955e-09 5.523111382804129365e-09
1.775563639801001283e-10 8.976845666442617507e-17
-5.977469555506732726e-09 -5.523111421816587561e-09
-4.255076432063093430e-08 4.980506875688529876e-09
-1.099127921611413605e-07 4.563174871388181010e-08
-3.030670227545078032e-07 -1.260045992120087868e-08
-3.929124808664953678e-07 -6.799456164801490197e-07
1.692688150850367621e-06 -3.908104204997055835e-07
-1.243111961800565446e-06 1.842628463570708313e-06
1.353792828198076950e-07 -1.780961673236518666e-06
3.107959344351957590e-07 9.509909415244002614e-07
-2.468201513425497599e-07 -3.394645212116211619e-07
1.074415412956846760e-07 8.751120084942555673e-08
-3.337073677121916080e-08 -1.671776208476915298e-08
8.109459895025394736e-09 2.291151337860815465e-09
-1.618993819292587765e-09 -1.785171724561162467e-10
2.739177711254960251e-10 -1.008471097824403465e-11
-4.014437676111088828e-11 6.805620081121442967e-12
5.180630967607696151e-12 -1.524307866800902545e-12
-5.963523154330331118e-13 2.476527777854916321e-13
6.173277634927901853e-14 -3.311337512174248189e-14
-5.946618596721524683e-15 3.872214534077095687e-15
-2.648704318985681700e-15 4.502752468956604051e-15
2.223152208317975712e-14 -4.750743060535183397e-14
-1.597854464512641001e-13 4.547651011798531749e-13
9.114148771007972639e-13 -3.917216429781900526e-12
-3.265840698112556552e-12 3.005033179004190206e-11
-5.129556134488012840e-12 -2.025653859762562623e-10
2.083017155990426570e-10 1.179145109210819382e-09
-2.073646296482027148e-09 -5.789402704168663465e-09
1.380988598413016206e-08 2.317004410598652531e-08
-6.827152206341106090e-08 -7.148719185050033105e-08
2.520516538643952148e-07 1.517619138411433499e-07
-6.685712105690700916e-07 -1.481365957899142184e-07
1.161110361403886682e-06 -2.240232469270033785e-07
-1.039554889835069363e-06 9.433263983647923945e-07
2.616458939134011499e-08 -1.027537702632279261e-06
4.364133864201721516e-07 8.580623899128745975e-08
7.700688871952084559e-08 1.628196782813053540e-07
3.309926789686583680e-09 6.879526976806510915e-08
8.117364483056546389e-09 2.156138173544445554e-08
3.950143577351248144e-09 1.624836721407337605e-09
9.156126933367610754e-10 2.099885991482758460e-16
3.950143587053211498e-09 -1.624836504920148107e-09
8.117364597992337937e-09 -2.156138154748301711e-08
3.309926607418502029e-09 -6.879526956784973441e-08
7.700688867013020885e-08 -1.628196783067177189e-07
4.364133865944843323e-07 -8.580623915583031984e-08
2.616458934328125558e-08 1.027537702599249423e-06
-1.039554889759908741e-06 -9.433263983470216433e-07
1.161110361326652312e-06 2.240232469633285188e-07
-6.685712104934252849e-07 1.481365959619483834e-07
2.520516538654654409e-07 -1.517619136733271177e-07
-6.827152199265674446e-08 7.148719190284782746e-08
1.380988596750061402e-08 -2.317004398873887479e-08
-2.073646294971406752e-09 5.789402656721497502e-09
2.083016335607202495e-10 -1.179145182206423883e-09
-5.129530705943493695e-12 2.025653045160657912e-10
-3.265837413564007781e-12 -3.005030287701388444e-11
9.113538390747250408e-13 3.917218411582823143e-12
-1.596306716084204554e-13 -4.548026380653246834e-13
2.225035796556710037e-14 4.746039985427445492e-14
-2.654342109282842677e-15 -4.547294948412950379e-15
9.416236563635034736e-15 4.597359569840574664e-15
-9.337830643238515488e-14 -3.551091836026229653e-14
8.430067943811521628e-13 2.246115022366358895e-13
-6.832170502156971840e-12 -1.011456759316203595e-12
4.910132167123352194e-11 1.078653711372640648e-12
-3.084157355666322968e-10 3.619876322553951662e-11
1.661299528122076688e-09 -4.638035937645181043e-10
-7.475516680739135866e-09 3.592756794449595883e-09
2.701426225556073948e-08 -2.050181401373956012e-08
-7.318787557124717546e-08 8.906274680718962909e-08
1.264173191955535226e-07 -2.900431216130137986e-07
-5.024099884018049609e-08 6.725753339645987010e-07
-3.626455825329096631e-07 -9.937130938340619800e-07
8.966323388354128332e-07 6.854759833514119017e-07
-7.203327689487796841e-07 1.399975318977365778e-07
-2.640947361386079474e-08 -2.826903688194322301e-07
7.481334327557609105e-08 -7.567242614833009466e-08
3.450524406583356651e-08 -1.741811270364356389e-08
8.521573781358277153e-09 -9.151365760380711676e-09
-1.231652855256854916e-10 -2.385091342454808037e-09
-5.391052278375137827e-10 -2.416400291113058506e-16
-1.231655640096757881e-10 2.385091065613546506e-09
8.521573657445852115e-09 9.151365622018558031e-09
3.450524395104693714e-08 1.741811255071249649e-08
7.481334350451559710e-08 7.567242617047144326e-08
-2.640947368810662400e-08 2.826903688092021897e-07
-7.203327690456337724e-07 -1.399975318258226070e-07
8.966323388696211058e-07 -6.854759832915517657e-07
-3.626455824671803828e-07 9.937130939444608662e-07
-5.024099877534477604e-08 -6.725753339247499301e-07
1.264173191828345288e-07 2.900431215886023620e-07
-7.318787563375057043e-08 -8.906274685734595714e-08
2.701426216470840908e-08 2.050181418139893567e-08
-7.475516681622427448e-09 -3.592756815289235579e-09
1.661299586856055935e-09 4.638036604574381780e-10
-3.084157018699924045e-10 -3.619871035334480371e-11
4.910133207987497394e-11 -1.078450116375132131e-12
-6.832186384968006331e-12 1.011229164228326888e-12
8.430269622891883528e-13 -2.246699854384901010e-13
-9.324433050015988180e-14 3.551021975179336309e-14
9.532615675654842769e-15 -4.634309179021326846e-15
1.836929104183335511e-15 -4.184339275400286760e-15
-1.355005291252626515e-14 4.183615857334036884e-14
8.023458630707138733e-14 -3.789149695248042255e-13
-2.908665982489099965e-13 3.077021350523027474e-12
-7.059197826486740230e-13 -2.215212756083558240e-11
2.418262305943677486e-11 1.392710014083457263e-10
-2.558152278360750976e-10 -7.496651192905988770e-10
1.864139159614392508e-09 3.360199520757419064e-09
-1.033049456014172417e-08 -1.201462419509604786e-08
4.405983396006078071e-08 3.167958667114038516e-08
-1.411438306814191350e-07 -5.012150873346646793e-08
3.198918151453882893e-07 -1.280049061222504383e-09
-4.507976650390988160e-07 2.146868788727609141e-07
2.624610369581883216e-07 -4.535238704586130820e-07
1.305639874691602828e-07 3.050081129643890278e-07
-1.220493542327795004e-07 6.334208186533832354e-08
-5.566711428858020898e-08 -2.103235400788072474e-08
-1.849672547759995925e-08 -1.421886213619587729e-08
-7.015145458014004031e-09 -2.023974794602422618e-09
-1.002449797813040262e-09 7.628658563659364928e-10
1.453626462519751040e-10 3.677427107893101281e-17
-1.002449767855902974e-09 -7.628657767674417476e-10
-7.015145551395452395e-09 2.023974699381464779e-09
-1.849672510336377977e-08 1.421886207184111810e-08
-5.566711472806983140e-08 2.103235395864683542e-08
-1.220493541405619646e-07 -6.334208181823017590e-08
1.305639876109233697e-07 -3.050081129833455193e-07
2.624610369003268657e-07 4.535238705998450792e-07
-4.507976650361489708e-07 -2.146868788419825426e-07
3.198918151114404263e-07 1.280048979086586579e-09
-1.411438306940211588e-07 5.012150870874665840e-08
4.405983397686584821e-08 -3.167958672004011336e-08
-1.033049453684791942e-08 1.201462416659697750e-08
1.864139148907493218e-09 -3.360199522528325901e-09
-2.558151518071741128e-10 7.496650991446121632e-10
2.418260305439600544e-11 -1.392709613120737706e-10
-7.059203364972264503e-13 2.215211243364560734e-11
-2.908878637938021762e-13 -3.077009239677547304e-12
8.017183027098879073e-14 3.789376446061331980e-13
-1.353543793506691442e-14 -4.180305625271783368e-14
1.870520007852629769e-15 4.201325216416367460e-15
-1.569725675290344239e-14 -5.480746654752160786e-15
1.467524786826785627e-13 3.580017728317859429e-14
-1.248849469000676086e-12 -1.646184830756821147e-13
9.496902411481082550e-12 1.148449542484251456e-13
-6.367398638532578900e-11 7.621760893103803860e-12
3.702501965329133563e-10 -1.004741487405384776e-10
-1.826231971836882864e-09 8.342741107180518756e-10
7.399349246872238469e-09 -5.213256159272197386e-09
-2.336802728670424457e-08 2.536296092359607075e-08
5.166611178480938404e-08 -9.530216613115563568e-08
-5.469663661591498475e-08 2.669148024682028098e-07
-8.275626639289211862e-08 -5.183396679237354643e-07
4.231072368091095490e-07 5.955502126381277132e-07
-6.381188563107946841e-07 -2.165957067084049493e-07
2.967571122534347172e-07 -2.180551985537766476e-07
8.783845013877728248e-08 9.396152153701769816e-08
-1.116124065224460507e-09 4.541881082226583978e-08
-3.019559300040581944e-09 1.358284970780730451e-08
1.040063160948471180e-09 3.038058161414195770e-09
3.902628013728226707e-10 -1.181142873888968319e-11
-3.666246245934227868e-11 2.130393475248831882e-16
3.902624308915821796e-10 1.181106491106797059e-11
1.040063532904162922e-09 -3.038058325804078322e-09
-3.019559384602510262e-09 -1.358284948176235984e-08
-1.116124019302154854e-09 -4.541881080404215091e-08
8.783845033635090704e-08 -9.396152173071807927e-08
2.967571122541818002e-07 2.180551983829712362e-07
-6.381188563173937060e-07 2.165957065113105204e-07
4.231072369029142128e-07 -5.955502127655586320e-07
-8.275626639437983935e-08 5.183396679996061112e-07
-5.469663657555741177e-08 -2.669148024847002587e-07
5.166611187790101809e-08 9.530216608528184004e-08
-2.336802727368742274e-08 -2.536296108083438010e-08
7.399349284698535383e-09 5.213256179081262270e-09
-1.826231970114584054e-09 -8.342742175532583081e-10
3.702501864609682440e-10 1.004741424954959499e-10
-6.367400976246528980e-11 -7.621890790798849597e-12
9.496940927978503155e-12 -1.146308366176400853e-13
-1.248846529120232966e-12 1.646020518991469828e-13
1.465701834660709873e-13 -3.580492107525669951e-14
-1.574656504823651476e-14 5.516469978779032139e-15
