-2.699373406531980203e-16 -4.381743773430772538e-16
-9.242280909925469415e-16 1.257183114528138201e-17
-9.933567559928696053e-17 -5.347079353883018341e-16
4.012416237454760222e-16 3.548112313561589877e-17
-1.928457524909340392e-15 -8.462538763755755997e-16
1.936222548572669383e-14 1.254093831770221475e-14
-3.093978378623926409e-13 -2.181820383777480103e-13
4.421466939662441558e-12 3.353075262283437994e-12
-5.886771101066619952e-11 -4.807949038327599146e-11
7.245327274904310507e-10 6.409621566518534324e-10
-8.187230564458475872e-09 -7.900556843074288967e-09
8.420137438507553188e-08 8.946074649098634167e-08
-7.796619665357739811e-07 -9.236151908045915971e-07
6.406867562280961973e-06 8.613502771306924701e-06
-4.578556279595008451e-05 -7.175917415537701118e-05
2.759558520483030436e-04 5.272790558324974433e-04
-1.323548533897747756e-03 -3.367309730019363290e-03
4.291767220666780139e-03 1.832813272216579983e-02
-1.057521689888829943e-03 -8.245823812785099682e-02
-1.171106037581558235e-01 2.924248848957010649e-01
7.730530928221848175e-01 0.000000000000000000e+00
-1.171106037581366444e-01 -2.924248848957230473e-01
-1.057521689907341394e-03 8.245823812785567364e-02
4.291767220671838592e-03 -1.832813272216635148e-02
-1.323548533903240541e-03 3.367309730021944125e-03
2.759558520477411558e-04 -5.272790558330957061e-04
-4.578556279570381477e-05 7.175917415531767821e-05
6.406867560506765068e-06 -8.613502772923578560e-06
-7.796619691139245851e-07 9.236151924899415226e-07
8.420137309793468109e-08 -8.946074739324029166e-08
-8.187229834805418846e-09 7.900556285771955715e-09
7.245333352597352783e-10 -6.409613994877752909e-10
-5.886833629969018072e-11 4.807878659554987272e-11
4.422199638627678680e-12 -3.352578538560612155e-12
-3.095370861524991004e-13 2.188270189400472531e-13
1.985857213214375788e-14 -1.263487532192287841e-14
-8.451757595654268157e-16 1.129738408760891589e-15
1.860182009888401937e-16 -6.619058725857655444e-16
-1.267763014955954114e-15 -4.734156727073046582e-16
-4.606340285665807844e-16 4.097861281838002185e-16
-3.209200395916345306e-17 2.065501330304374184e-16
1.978570904736651252e-18 8.078589469421191394e-17
-4.821888035320409567e-16 6.781471225536252956e-16
-1.507434774530078518e-16 2.410811662163798347e-16
1.627905378801772452e-16 -5.591660989803745850e-16
-2.515076667778949150e-15 5.172247406072396503e-15
4.788870883082646010e-14 -8.357532974975344508e-14
-7.521759297708702080e-13 1.244769579358250780e-12
1.106584126214178228e-11 -1.719666232429709770e-11
-1.513800242366966071e-10 2.202274462667763562e-10
1.914095038995314357e-09 -2.597385719756672645e-09
-2.222372451574792162e-08 2.800135898078167842e-08
2.350850213605999123e-07 -2.734449388620178712e-07
-2.244345116097357988e-06 2.392127673933318337e-06
1.911549943552230926e-05 -1.848639310937604709e-05
-1.431564542123033718e-04 1.239342704990344633e-04
9.252040739965645185e-04 -7.032829040123946256e-04
-5.032679718965826950e-03 3.260946010602422829e-03
2.224656142049702412e-02 -1.168928865092046937e-02
-7.582899751307652092e-02 2.928522142592471927e-02
1.828333964707993253e-01 -3.989241186107159165e-02
-2.647419225372934504e-01 -2.723512790978878510e-16
1.828333964708200587e-01 3.989241186109936110e-02
-7.582899751308123937e-02 -2.928522142594812763e-02
2.224656142049806842e-02 1.168928865092758347e-02
-5.032679718967624991e-03 -3.260946010605438646e-03
9.252040739959102025e-04 7.032829040136605401e-04
-1.431564542131146531e-04 -1.239342704982892369e-04
1.911549943627504033e-05 1.848639310894084156e-05
-2.244345116173380889e-06 -2.392127674313121981e-06
2.350850214625845850e-07 2.734449385680207291e-07
-2.222372447981182753e-08 -2.800135890461801766e-08
1.914094445945776190e-09 2.597385901384607493e-09
-1.513800193022957298e-10 -2.202274086813481033e-10
1.106627992384618718e-11 1.719688692688410871e-11
-7.519784658316418900e-13 -1.244411694952330763e-12
4.763377833235718050e-14 8.371448955238577267e-14
-2.962216833320337264e-15 -5.316903111742981374e-15
5.078456478777137539e-16 5.127179593348555091e-16
3.069447541820648824e-16 -5.448978361329658133e-16
-4.384056152181276914e-16 -2.009270143527902259e-16
-5.563389809309925088e-16 1.759690480961357782e-16
1.947344033499927759e-16 3.918570691905357305e-16
3.630980025332193155e-16 -1.535576925071703964e-16
2.704924454920325510e-16 4.557293303756817278e-16
-1.063857752204007265e-15 -3.539472743947962774e-16
1.711044729967880176e-14 7.324791486968900755e-15
-2.564319836990816948e-13 -1.229315838989610340e-13
3.664512406514803293e-12 1.857838804127918631e-12
-4.851059966199553203e-11 -2.608343698576216548e-11
5.935525359082412150e-10 3.389609216151313052e-10
-6.666110161767284757e-09 -4.051474982543785240e-09
6.816728238321175560e-08 4.420125797851313265e-08
-6.285451991350371176e-07 -4.361228879524514459e-07
5.163639367896739561e-06 3.847739581411482602e-06
-3.723062854690977245e-05 -2.992290806417923204e-05
2.310724166849208877e-04 2.013440240531075710e-04
-1.203105651742147984e-03 -1.143200485300531130e-03
5.070462250469147565e-03 5.283573985480120860e-03
-1.642728715435795225e-02 -1.878146449889624148e-02
3.794593989744052959e-02 4.633923213166304955e-02
-5.731216276908807777e-02 -6.228148034695357715e-02
5.634522850475762873e-02 -4.852718109258665637e-15
-5.731216276910663932e-02 6.228148034694956647e-02
3.794593989745764090e-02 -4.633923213165835886e-02
-1.642728715436472114e-02 1.878146449889368103e-02
5.070462250473846931e-03 -5.283573985480518112e-03
-1.203105651743584335e-03 1.143200485300375656e-03
2.310724166840414913e-04 -2.013440240529394925e-04
-3.723062854601334054e-05 2.992290806458186068e-05
5.163639368788535658e-06 -3.847739581555044522e-06
-6.285451980529912792e-07 4.361228888128846662e-07
6.816728166080307028e-08 -4.420125827448603867e-08
-6.666110581154248601e-09 4.051473928164561703e-09
5.935526183854774170e-10 -3.389609803920503247e-10
-4.851122655385517976e-11 2.608332194920714283e-11
3.664678009365805142e-12 -1.858084016171983167e-12
-2.568622978155934068e-13 1.228662728720070720e-13
1.682008297746039684e-14 -7.558628161981516688e-15
-7.792213949673809111e-16 8.950818879596534695e-16
5.180316847115074048e-16 4.615485361464529767e-16
1.575955454137475366e-16 3.831825738308792538e-18
-1.324721356964983796e-16 -3.818754529993696953e-16
2.219330005044744943e-16 4.792691091239120903e-17
2.776472486440888539e-16 -4.803256014165228774e-16
7.597756625729040441e-16 -5.338867113321433804e-16
-1.055652418788458413e-15 2.733136918919841790e-15
1.631566790426223194e-14 -4.323176473233919205e-14
-2.543615666285542435e-13 6.391359751653771938e-13
3.682864289980758249e-12 -8.777162255612280929e-12
-4.944793112127337197e-11 1.116062020488063391e-10
6.117256902336724714e-10 -1.306995110730489886e-09
-6.922414489770290112e-09 1.399271858089331363e-08
7.103568549991143108e-08 -1.357592642361446294e-07
-6.540220524631175485e-07 1.181037021641467302e-06
5.331180293794300350e-06 -9.092438118935172619e-06
-3.782028723677943982e-05 6.092501540625308630e-05
2.282139184204536530e-04 -3.476804213532496595e-04
-1.134136109855384336e-03 1.640751646318014704e-03
4.420362189646689574e-03 -6.139152509228252598e-03
-1.243002130779933233e-02 1.706949584820577001e-02
2.109275834627934165e-02 -3.149253372856095079e-02
-1.033533611449323833e-02 2.972261564636169764e-02
-1.572061857116723721e-02 -1.553976738884526871e-15
-1.033533611448807579e-02 -2.972261564636683590e-02
2.109275834627541771e-02 3.149253372857301059e-02
-1.243002130779527134e-02 -1.706949584821216420e-02
4.420362189646366916e-03 6.139152509231130504e-03
-1.134136109854879315e-03 -1.640751646318526448e-03
2.282139184212372601e-04 3.476804213527646416e-04
-3.782028723754349064e-05 -6.092501540578240703e-05
5.331180293925837790e-06 9.092438119458266286e-06
-6.540220523049780855e-07 -1.181037021612787613e-06
7.103568533737503322e-08 1.357592637952880414e-07
-6.922414489299780680e-09 -1.399271868932544558e-08
6.117254920122114339e-10 1.306995150623128018e-09
-4.944805642824307104e-11 -1.116062403023288178e-10
3.682726842333241959e-12 8.776585555445592629e-12
-2.541524621545107206e-13 -6.394280376510858826e-13
1.622417875836180206e-14 4.338748136726755866e-14
-1.102232597837226294e-15 -2.644373731172718386e-15
-3.949523990348499818e-16 6.317219864558371559e-16
2.482530043585404589e-16 3.345377242951699628e-16
4.803165351268886866e-16 6.143479160578946392e-17
-1.811766766263460870e-16 -2.153313395586196975e-16
-2.222502935364037405e-16 7.067520784599426657e-17
-7.144892037022769182e-16 -5.746663290267334884e-16
6.695055805531425947e-15 1.989889643889061132e-15
-9.870680900612295222e-14 -2.977744532529389997e-14
1.398606814962144102e-12 4.488329363705808458e-13
-1.845117270412671034e-11 -6.232586036580765188e-12
2.248455071632100522e-10 7.992596677514694525e-11
-2.515294196900761041e-09 -9.400947026641730354e-10
2.562625006773329164e-08 1.006027066867814504e-08
-2.355242573571157521e-07 -9.698861276973007802e-08
1.930105828613681217e-06 8.321365576041451807e-07
-1.389959018870333408e-05 -6.255607529301978654e-06
8.633559365700334992e-05 4.036874976277733923e-05
-4.512127259817515375e-04 -2.174103955790108935e-04
1.916987581530297862e-03 9.376373335236871378e-04
-6.290888085680588181e-03 -3.029390738667572715e-03
1.466380715925181405e-02 6.459296295918123126e-03
-2.057607157599905187e-02 -6.448098433746205817e-03
1.014077188524243646e-02 -1.675788662718336692e-03
6.527093609372172818e-03 1.921137178095769459e-15
1.014077188524543580e-02 1.675788662720945283e-03
-2.057607157600437053e-02 6.448098433741799619e-03
1.466380715925483247e-02 -6.459296295914493218e-03
-6.290888085683518129e-03 3.029390738666242616e-03
1.916987581531594785e-03 -9.376373335229599634e-04
-4.512127259814050265e-04 2.174103955794267934e-04
8.633559365652578596e-05 -4.036874976318845514e-05
-1.389959018917778604e-05 6.255607529547202316e-06
1.930105828354090606e-06 -8.321365582434594971e-07
-2.355242571645753958e-07 9.698861324280288920e-08
2.562625047025455813e-08 -1.006027014454576428e-08
-2.515294502209588524e-09 9.400949420821141976e-10
2.248458867079142684e-10 -7.992553998647581624e-11
-1.845165318218232551e-11 6.232647042019408723e-12
1.398781750786870324e-12 -4.485015544295005758e-13
-9.842171996184735901e-14 2.990515877186859811e-14
6.188411565411526277e-15 -2.035274884188152028e-15
-9.565875960277034030e-16 -3.434165311294866568e-16
-1.150401288261187844e-16 -5.493808232626104517e-17
1.302752378554802368e-16 3.280491607678048560e-16
-8.049987645503121000e-17 5.427784746833979799e-17
-3.151392933520018333e-16 1.904477338607626849e-16
-5.244421351898107888e-16 1.335651400718141561e-15
3.153588666395583173e-15 -1.363406462478068767e-14
-4.718088887103955457e-14 1.996801911137815968e-13
6.811377591477971366e-13 -2.736339277059846147e-12
-9.083491024564625811e-12 3.474035538842334821e-11
1.113941969806227921e-10 -4.063103290316094596e-10
-1.246433092540706881e-09 4.346795248098221669e-09
1.261048083328671680e-08 -4.217434881064224404e-08
-1.140775794560405724e-07 3.672898595914437400e-07
9.098292097783531114e-07 -2.834813198721018762e-06
-6.281501761259086892e-06 1.908204966391572547e-05
3.662323130931386409e-05 -1.097117849673965917e-04
-1.740361872183855685e-04 5.238054565117536551e-04
6.378543988075669217e-04 -1.994946587416971881e-03
-1.632928525688690348e-03 5.697344824643476788e-03
2.301730249312608848e-03 -1.095329302293813860e-02
-1.838094717144561261e-04 1.117352525575521574e-02
-2.255141622524177176e-03 -2.068477768110801949e-03
-2.490254984676996096e-03 -1.738750559321830085e-15
-2.255141622524150721e-03 2.068477768109815759e-03
-1.838094717108018227e-04 -1.117352525575698689e-02
2.301730249308519671e-03 1.095329302293945178e-02
-1.632928525687548683e-03 -5.697344824645384116e-03
6.378543988075111937e-04 1.994946587417353954e-03
-1.740361872188029321e-04 -5.238054565118132862e-04
3.662323131005161623e-05 1.097117849672424046e-04
-6.281501761648062209e-06 -1.908204966450469120e-05
9.098292094897356343e-07 2.834813198390562834e-06
-1.140775791393997514e-07 -3.672898593360773883e-07
1.261048079406745022e-08 4.217434877499467717e-08
-1.246432775799254439e-09 -4.346795025771825261e-09
1.113941567310474889e-10 4.063107934021847290e-10
-9.083372295636724872e-12 -3.473986630526502859e-11
6.809989612334531287e-13 2.736506576950314232e-12
-4.699313088445367664e-14 -1.996570178856795384e-13
3.325766132484659327e-15 1.360971762788821959e-14
1.131321606913922476e-17 -1.160859786866017273e-15
-2.621572327255099999e-16 -2.191813000306036187e-16
-2.373125979815728406e-16 3.270920137319121475e-16
1.937422044377114257e-16 1.531544178368430910e-16
1.930509510538382506e-16 -7.165167308901666223e-17
1.935201791231622147e-15 5.371980732348930417e-16
-2.650825848845238588e-14 -4.318280520079048139e-15
3.748147920677937630e-13 6.376495189075622194e-14
-4.946123877330760451e-12 -8.893542173422495215e-13
6.036228992428247416e-11 1.138817224773839654e-11
-6.766724496453338596e-10 -1.333355760525398312e-10
6.915451756265804920e-09 1.415916005598330442e-09
-6.384006815653460338e-08 -1.349704980272758441e-08
5.264255565605017214e-07 1.140016948474920978e-07
-3.824002104600993751e-06 -8.389921066859695135e-07
2.404107721687217419e-05 5.259629386332116627e-06
-1.278021115991539839e-04 -2.719652096767549514e-05
5.564089524996521660e-04 1.103357013415340088e-04
-1.893637385258480597e-03 -3.209578950390854055e-04
4.677494417126079260e-03 5.360671815712303705e-04
-7.309938975247155801e-03 -3.079857439057962702e-05
5.105873146245954071e-03 -1.438727912890097171e-03
3.474041387338855954e-04 9.342278244699056891e-04
9.865504469754018870e-04 1.367119927584787391e-15
3.474041387350859157e-04 -9.342278244697728743e-04
5.105873146246961945e-03 1.438727912892461816e-03
-7.309938975247427285e-03 3.079857438825485362e-05
4.677494417127414129e-03 -5.360671815698264371e-04
-1.893637385259356633e-03 3.209578950379896023e-04
5.564089524996414324e-04 -1.103357013415594333e-04
-1.278021115991261471e-04 2.719652096768533089e-05
2.404107721709843702e-05 -5.259629386638371553e-06
-3.824002104510068152e-06 8.389921072296069057e-07
5.264255561478909029e-07 -1.140016949218191462e-07
-6.384006835935530588e-08 1.349704965903175529e-08
6.915452322701895447e-09 -1.415915974881053875e-09
-6.766726330472919472e-10 1.333357391240160915e-10
6.036258755571173522e-11 -1.138832293285916837e-11
-4.946412348018625225e-12 8.894144866811077627e-13
3.745712135692190735e-13 -6.376321449095275916e-14
-2.619717081263103207e-14 4.359197397492631634e-15
2.122011240366258372e-15 -6.493358040785817011e-17
-3.255366544878706708e-17 -5.088799819697778547e-17
1.489513053952013632e-17 -2.036403229993397409e-16
1.262167441613835936e-16 -1.099940932008096445e-17
9.818435027391134592e-17 -7.657756223333724267e-17
6.745291813213214932e-16 -3.607077434123691399e-15
-4.804791861412400412e-15 4.738318706133398870e-14
7.013687872929201007e-14 -6.505403590682845977e-13
-9.420763559506986271e-13 8.286890881949566543e-12
1.158381481238962152e-11 -9.735520073658119563e-11
-1.292998943032812081e-10 1.047411400074010575e-09
1.297123709547840482e-09 -1.023580235282772900e-08
-1.154896283674053329e-08 8.996808312467468554e-08
8.976117896035968494e-08 -7.027162846937437556e-07
-5.951968183013362400e-07 4.804514120060253573e-06
3.253954929706488559e-06 -2.820231989248469249e-05
-1.384393642714190155e-05 1.385129176335128274e-04
4.049373742604139360e-05 -5.490939515797351031e-04
-4.946573356604537953e-05 1.665219048332514324e-03
-1.668386062503126102e-04 -3.536461916600396570e-03
8.768240600787703069e-04 4.419701710289613422e-03
-1.268475782519983518e-03 -1.929426393573523526e-03
1.990983666840934050e-05 -4.916619936759290908e-04
-3.548744949170579968e-04 1.942530409749188487e-16
1.990983666768632334e-05 4.916619936755422474e-04
-1.268475782520635774e-03 1.929426393573284134e-03
8.768240600804529886e-04 -4.419701710289494594e-03
-1.668386062513752368e-04 3.536461916601102602e-03
-4.946573356528174883e-05 -1.665219048333082662e-03
4.049373742620178775e-05 5.490939515797140695e-04
-1.384393642771051477e-05 -1.385129176336142274e-04
3.253954929932499396e-06 2.820231989265719583e-05
-5.951968184515956497e-07 -4.804514120053375665e-06
8.976117892030565415e-08 7.027162844630351683e-07
-1.154896266952283083e-08 -8.996808305381549582e-08
1.297123911400591529e-09 1.023580205579685566e-08
-1.292998428556754931e-10 -1.047411731279043178e-09
1.158408121347285199e-11 9.735485477094770079e-11
-9.419816902654733557e-13 -8.287001428353162147e-12
6.996651552997098730e-14 6.504915637698535888e-13
-4.904840634679227981e-15 -4.726905494130585501e-14
-5.542721363414285639e-17 3.250804034395789298e-15
2.438176137756520523e-16 2.159847768593422156e-17
1.823946555548756066e-16 -2.484096990632025126e-16
-1.304757397244143812e-16 -1.641517175094285655e-16
-7.763395816806007710e-18 -7.569992557701709518e-17
-5.782613777988145565e-15 -6.112071195458313315e-16
8.075582742946362810e-14 3.519059226782008559e-15
-1.070228494501910523e-12 -4.911407696953168295e-14
1.313844608274770297e-11 6.453074223363384084e-13
-1.483972754631763815e-10 -7.599367789832407490e-12
1.530556942128647101e-09 7.966962557758209835e-11
-1.429004305099732892e-08 -7.323512345289481241e-10
1.195077747688343506e-07 5.766299671527871465e-09
-8.836930043792785222e-07 -3.736053746857314798e-08
5.683992215231633388e-06 1.829919139911837973e-07
-3.113549440679199500e-05 -5.067822298836891201e-07
1.411667091550872428e-04 -1.160725493790087770e-06
-5.088150686126200611e-04 2.340629921501334422e-05
1.371037180873047523e-03 -1.453130289782415688e-04
-2.486631603961212637e-03 5.180676094321128326e-04
2.432405661749227361e-03 -1.014385386065302366e-03
-5.442743582987149978e-04 7.315543271104145298e-04
-1.791087619388254625e-04 1.733243753374863071e-04
6.579309289206441383e-05 -6.562287387523717558e-16
-1.791087619397614813e-04 -1.733243753376276057e-04
-5.442743582977417095e-04 -7.315543271111972154e-04
2.432405661748915544e-03 1.014385386066480894e-03
-2.486631603961272918e-03 -5.180676094324486100e-04
1.371037180873307731e-03 1.453130289790464263e-04
-5.088150686124941853e-04 -2.340629921499291717e-05
1.411667091550428447e-04 1.160725493776175889e-06
-3.113549440735031168e-05 5.067822297783419384e-07
5.683992215317248937e-06 -1.829919144542853499e-07
-8.836930040796443228e-07 3.736053754314604778e-08
1.195077752442377068e-07 -5.766299319011762465e-09
-1.429004306030935603e-08 7.323511831795612405e-10
1.530557514986267075e-09 -7.966948599996104027e-11
-1.483974815055852878e-10 7.599549686603189689e-12
1.313855943349732167e-11 -6.453661330312586210e-13
-1.069925991550556615e-12 4.922623365553946660e-14
8.054318327282025306e-14 -3.402199840579546499e-15
-5.851315355940949973e-15 -3.709255106378179560e-17
2.062220089630757772e-16 4.324610229187384680e-17
-8.868880219455998335e-17 1.362755818854209228e-17
-1.099469428382784090e-16 4.018543479256342458e-17
-2.851001707643187592e-18 -5.151541268597868624e-16
-1.523216776120645416e-16 9.546317575425802388e-15
-2.071719478257493984e-15 -1.290355210674305587e-13
2.371849402754630519e-14 1.658105112935811996e-12
-2.757446691512075009e-13 -1.965905256875073428e-11
3.217450853121533531e-12 2.138151329283020198e-10
-3.744012414283601912e-11 -2.116838020837735201e-09
4.239140638473133220e-10 1.890117956518312031e-08
-4.504282662020326546e-09 -1.505077972904227077e-07
4.333552735424231732e-08 1.054047474414410486e-06
-3.657932689694309465e-07 -6.378832470706751656e-06
2.630592734014219530e-06 3.259882388372762740e-05
-1.561451600243890408e-05 -1.363431516767486676e-04
7.348772355904528990e-05 4.461318905637795150e-04
-2.586940874555415204e-04 -1.064589731670090083e-03
6.181811253968474019e-04 1.635320591943156387e-03
-8.232581876497883921e-04 -1.213709692765797083e-03
3.158845148165901826e-04 5.998342141004725026e-05
1.097006129113740891e-04 1.530251508837942345e-05
1.141292232864510805e-05 6.489851177028921771e-16
1.097006129121877557e-04 -1.530251508801188230e-05
3.158845148166885197e-04 -5.998342140991581785e-05
-8.232581876502400708e-04 1.213709692766059027e-03
6.181811253980246286e-04 -1.635320591943871743e-03
-2.586940874558574027e-04 1.064589731670449822e-03
7.348772355907861556e-05 -4.461318905636412792e-04
-1.561451600179867592e-05 1.363431516767396145e-04
2.630592733952043076e-06 -3.259882388409830934e-05
-3.657932688940521081e-07 6.378832471029463586e-06
4.333552720817078411e-08 -1.054047474346959559e-06
-4.504282426363380208e-09 1.505077969750322133e-07
4.239140990452203169e-10 -1.890117928694657796e-08
-3.744048095207775185e-11 2.116838205827995457e-09
3.217335292782864720e-12 -2.138148748273834968e-10
-2.757424973782513753e-13 1.965919899257754954e-11
2.373771312484372266e-14 -1.658225267844296792e-12
-1.929550797450178919e-15 1.290164217757207509e-13
3.565272873024380126e-16 -9.450922490908365141e-15
-4.352635427600429682e-16 5.024692823133111257e-16
-1.919264084149823851e-16 1.015831782368525952e-17
1.104848870046266769e-16 1.678288525618949310e-16
-7.414952246897376443e-16 1.475873417368157859e-16
1.512274518494426849e-14 -6.987565006190011838e-16
-1.993306492538635656e-13 1.441463549401614007e-14
2.470911401703258202e-12 -1.832565459758032223e-13
-2.823817587351509002e-11 2.163157149660975315e-12
2.953177872811056115e-10 -2.382227142302173299e-11
-2.803186419021829448e-09 2.431311679272402825e-10
2.391448005551129590e-08 -2.280754284760328108e-09
-1.811834929352992065e-07 1.945154138723109790e-08
1.201051009593317442e-06 -1.486949103312628994e-07
-6.835070582701157157e-06 1.000278730915144885e-06
3.256820094240150249e-05 -5.781361212304956999e-06
-1.255326457439058605e-04 2.780616028336255538e-05
3.722054581530364692e-04 -1.064227052044850499e-04
-7.833797192880612506e-04 3.029713759771580678e-04
1.008109997805523407e-03 -5.717324889815149271e-04
-5.400348895757259076e-04 5.580847172015210777e-04
-5.258686622779168613e-05 -9.267198174618882759e-05
-2.572508700669634755e-05 -3.772072458115433160e-05
-1.407881059502168933e-05 -3.766539863523388650e-16
-2.572508700727728679e-05 3.772072458124539103e-05
-5.258686622769007606e-05 9.267198174665064350e-05
-5.400348895753714819e-04 -5.580847172019588786e-04
1.008109997805534466e-03 5.717324889818297794e-04
-7.833797192878897298e-04 -3.029713759777161609e-04
3.722054581528664121e-04 1.064227052050893978e-04
-1.255326457438584267e-04 -2.780616028396774687e-05
3.256820094276454081e-05 5.781361212387098019e-06
-6.835070582909595025e-06 -1.000278730362098015e-06
1.201051010034203808e-06 1.486949102138890145e-07
-1.811834928893388282e-07 -1.945154175006799069e-08
2.391448009249044820e-08 2.280754369823997302e-09
-2.803186781325517477e-09 -2.431312587886092394e-10
2.953179878685073078e-10 2.382208125199997664e-11
-2.823828835253355070e-11 -2.163167118176556751e-12
2.470968313607663661e-12 1.833029006217450713e-13
-1.991311308681185724e-13 -1.437018606892772585e-14
1.504550514862133569e-14 1.503030031676271723e-15
-1.037340035521550461e-15 -1.144532541588462910e-16
1.162486760124142325e-16 6.082355494363327143e-17
1.503773059987474387e-16 -1.470164448176799909e-16
2.329428447493848809e-16 1.530902420798720725e-15
-2.618149898984762612e-15 -2.270429951800808149e-14
3.795841180417863281e-14 2.916755625943730969e-13
-4.685889728134712792e-13 -3.503072720182821911e-12
5.372593332003845816e-12 3.867046779969106668e-11
-5.689743820481925736e-11 -3.895596700891822970e-10
5.524285250296394005e-10 3.550408831439884361e-09
-4.873829825493713768e-09 -2.897240389794295832e-08
3.863975389800633578e-08 2.090138043805384439e-07
-2.714126573704895870e-07 -1.312061406618235242e-06
1.658574484640900142e-06 7.022108990888433238e-06
-8.607387429419072926e-06 -3.118483354701043865e-05
3.670189149730186987e-05 1.106596976014534358e-04
-1.225984341308391276e-04 -2.966462254440052800e-04
2.977978772042620095e-04 5.478477045540100379e-04
-4.605526779754851919e-04 -5.817650765547139951e-04
3.321376370403913937e-04 2.052076627869083665e-04
-2.713803988119804157e-06 4.770315981129427121e-05
-1.564061053851806665e-06 1.919360454208131610e-05
6.526145649716015554e-06 -1.137882894833915182e-16
-1.564061053488368756e-06 -1.919360454209333381e-05
-2.713803987691802644e-06 -4.770315981103511978e-05
3.321376370410480949e-04 -2.052076627869890040e-04
-4.605526779757749991e-04 5.817650765546467746e-04
2.977978772041880670e-04 -5.478477045540454914e-04
-1.225984341312366232e-04 2.966462254436111725e-04
3.670189149696931119e-05 -1.106596976018009768e-04
-8.607387429365421860e-06 3.118483354712652282e-05
1.658574484647951268e-06 -7.022108990706921701e-06
-2.714126574538568990e-07 1.312061406663685760e-06
3.863975391672239564e-08 -2.090138044522805198e-07
-4.873829999615877084e-09 2.897240354836597589e-08
5.524287705849468963e-10 -3.550409141177182485e-09
-5.689737894908295341e-11 3.895594481148470371e-10
5.372573322913936826e-12 -3.867064191600854876e-11
-4.685485720724927451e-13 3.503048644435548477e-12
3.778735403613885940e-14 -2.915688191709285689e-13
-2.984224277084366764e-15 2.273296874351057630e-14
4.624689840952715839e-16 -1.513995590351563114e-15
6.506529813269680370e-17 1.721804549088758037e-16
-1.655894844504702872e-16 -1.652094386025180203e-16
2.276064360482366508e-15 -4.492791434964095508e-16
-3.348513319668123384e-14 5.896010294790617461e-15
4.161249140522931318e-13 -7.790412362796232060e-14
-4.826721390289290031e-12 9.343915772697578730e-13
5.136084715622442786e-11 -1.035410726846840925e-11
-4.975044844680338524e-10 1.054215275492455798e-10
4.347060835870554425e-09 -9.784135180270876959e-10
-3.388976533292882340e-08 8.198329174090955291e-09
2.325745484865654550e-07 -6.128972556464871610e-08
-1.381399805464147217e-06 4.027366631805981547e-07
6.947458961291158759e-06 -2.281704234563260402e-06
-2.872881160844124052e-05 1.086390527121709839e-05
9.371229547650784439e-05 -4.195875639326303357e-05
-2.264660157805542279e-04 1.248069518792051886e-04
3.644945369264674089e-04 -2.631532911826157993e-04
-3.124070940990663812e-04 3.371246685440093841e-04
5.832030000758563199e-05 -1.759657129455319160e-04
2.316167393811432721e-05 -2.006900071043950663e-05
6.888800860750231647e-06 -6.438924280402431570e-06
-7.646219799816624344e-07 -3.257502544326452430e-16
6.888800861268859756e-06 6.438924280283738537e-06
2.316167393820161565e-05 2.006900071066639626e-05
5.832030000780636200e-05 1.759657129451513611e-04
-3.124070940990879568e-04 -3.371246685438811772e-04
3.644945369264386234e-04 2.631532911826859472e-04
-2.264660157808231372e-04 -1.248069518796701487e-04
9.371229547608236280e-05 4.195875639339630234e-05
-2.872881160839761155e-05 -1.086390527151106795e-05
6.947458961313710164e-06 2.281704234469598464e-06
-1.381399805542080601e-06 -4.027366627300029907e-07
2.325745483487315158e-07 6.128972564558528178e-08
-3.388976534993271204e-08 -8.198329058229439450e-09
4.347060939336045004e-09 9.784133942281088241e-10
-4.975045302598470073e-10 -1.054215147945082235e-10
5.136095762818909502e-11 1.035395160155125126e-11
-4.826765911556185814e-12 -9.342234640227702507e-13
4.160985699961552627e-13 7.779952374026647821e-14
-3.320411054519817821e-14 -6.338555450056806886e-15
2.498662252170337244e-15 3.822753974468191510e-16
-1.764785505654435653e-16 -1.234266083345930803e-16
-7.432424117769045137e-17 2.783649183077359832e-16
-9.775798102954375164e-16 -3.518813427806435241e-15
1.099146068042525875e-14 4.656800338387707501e-14
-1.390010900411201828e-13 -5.656799364696351050e-13
1.616196258163234203e-12 6.358323389623538885e-12
-1.733373812615079417e-11 -6.538388731379106825e-11
1.701094189410164924e-10 6.103036397727464307e-10
-1.514742194631416218e-09 -5.121738408271086937e-09
1.211374966406337959e-08 3.819983179831193671e-08
-8.591572942755761107e-08 -2.496198403473248904e-07
5.318981939581259254e-07 1.403581117839191329e-06
-2.816079762466068535e-06 -6.633406127790263719e-06
1.240631291653934904e-05 2.552461104524379355e-05
-4.377769111333708904e-05 -7.640942046099680944e-05
1.169151886577099794e-04 1.658455159299647885e-04
-2.154063611047747075e-04 -2.304738752001873068e-04
2.287314952968114341e-04 1.539676317972005735e-04
-8.230185705696967547e-05 -4.387549206584962550e-06
-1.773399647834666696e-05 -6.400568990480745118e-06
-5.072782227180619570e-06 -8.509164495753635756e-07
-1.193536881640913985e-06 -2.577543350795166427e-16
-5.072782226725117438e-06 8.509164497272563824e-07
-1.773399647807318374e-05 6.400568990348652024e-06
-8.230185705700305534e-05 4.387549206508575425e-06
2.287314952964552737e-04 -1.539676317970578925e-04
-2.154063611050603406e-04 2.304738752004575713e-04
1.169151886573515964e-04 -1.658455159297940538e-04
-4.377769111316529721e-05 7.640942046114455909e-05
1.240631291618352236e-05 -2.552461104535741455e-05
-2.816079762656187621e-06 6.633406127843204125e-06
5.318981939318836800e-07 -1.403581117784002050e-06
-8.591572944611603677e-08 2.496198405157482334e-07
1.211374972976125180e-08 -3.819983161604135863e-08
-1.514742413434491195e-09 5.121738448395280839e-09
1.701096222577146818e-10 -6.103034937400442908e-10
-1.733345176883345541e-11 6.538377492250641094e-11
1.616150139714631711e-12 -6.358264789938529201e-12
-1.389305585344419872e-13 5.657283846393640056e-13
1.117252274026655438e-14 -4.657996908134088173e-14
-8.816806019895473870e-16 3.475232230583777839e-15
7.033615975004385207e-18 -2.515284232075157922e-16
3.325374888165293579e-16 6.856955702554147347e-17
-4.816109825620106311e-15 1.346485518224730983e-15
6.451167830452530869e-14 -1.890700561142263130e-14
-7.571990674244238957e-13 2.301468283930203221e-13
8.218231533384718988e-12 -2.594729214295546316e-12
-8.144144262042763019e-11 2.686017378676576776e-11
7.307599923796927684e-10 -2.536305587990514114e-10
-5.877710510055287056e-09 2.165017431150124707e-09
4.186528158767533488e-08 -1.652685704973961805e-08
-2.601044589416037305e-07 1.113243101183049571e-07
1.382746116342812349e-06 -6.506506654490843184e-07
-6.133102383925522887e-06 3.228398171500203991e-06
2.192579706417297232e-05 -1.320655753539496777e-05
-6.008531767255865998e-05 4.274295395371336423e-05
1.165425040022211798e-04 -1.028696057565400287e-04
-1.379955535453858211e-04 1.659590229169200177e-04
6.755072130181718636e-05 -1.452832389672051934e-04
9.388815517594464733e-06 3.263900771796635905e-05
7.866938614977800761e-07 1.025165388917677869e-05
1.061509495099710550e-06 2.435620904981916636e-06
7.327789441698539903e-07 2.346307389301334971e-17
1.061509495181309681e-06 -2.435620904764019528e-06
7.866938610597088236e-07 -1.025165388896631980e-05
9.388815518099203196e-06 -3.263900771806984614e-05
6.755072130186523006e-05 1.452832389671759200e-04
-1.379955535449502700e-04 -1.659590229170857109e-04
1.165425040025736133e-04 1.028696057566314405e-04
-6.008531767229956954e-05 -4.274295395358414766e-05
2.192579706419412104e-05 1.320655753557806411e-05
-6.133102383550473639e-06 -3.228398171701308671e-06
1.382746116188209778e-06 6.506506654762767230e-07
-2.601044588789709380e-07 -1.113243101797129929e-07
4.186528182098337366e-08 1.652685708690028025e-08
-5.877710379241416235e-09 -2.165017342004023886e-09
7.307599944238104346e-10 2.536304675158312506e-10
-8.144168424011658109e-11 -2.686010472522827895e-11
8.218231774927836191e-12 2.594618796058797622e-12
-7.572292459066623740e-13 -2.302103126999193296e-13
6.414767163021580812e-14 1.918920630264518546e-14
-5.064879451735103974e-15 -1.447110468698097168e-15
3.442463229985890278e-16 1.262565124618192223e-16
-1.711698433981431696e-16 -5.310198295082601327e-16
2.530404543410229747e-15 6.743285422711656512e-15
-2.963282699593506099e-14 -8.438389403551528345e-14
3.522819540762064661e-13 9.656827541558114917e-13
-3.852067227407355063e-12 -1.016023351632880643e-11
3.861132916800007328e-11 9.735949679305457220e-11
-3.518485469932538768e-10 -8.422281638384488823e-10
2.887663583008569788e-09 6.508534969268386122e-09
-2.110246653925065390e-08 -4.435676963717993956e-08
1.353927886741407101e-07 2.623668768490790443e-07
-7.491981901137558472e-07 -1.319591665413757149e-06
3.493607718467425538e-06 5.492668182821682878e-06
-1.330599672333621981e-05 -1.822344508829023071e-05
3.959531728283671183e-05 4.558688140763361338e-05
-8.602827235073897696e-05 -7.848755627624033105e-05
1.214862052188107037e-04 7.762169135570207862e-05
-8.676240210290836388e-05 -2.437797214957595856e-05
9.534560250681800285e-06 -8.971380938826916209e-06
4.423752219851790202e-06 -2.411355279776863456e-06
7.298617676142274269e-07 -9.938303169461719938e-07
-9.263307339401818711e-08 -4.559313392108189657e-16
7.298617682481533433e-07 9.938303169354716383e-07
4.423752219809922210e-06 2.411355279538719719e-06
9.534560250436938307e-06 8.971380938203179782e-06
-8.676240210271896731e-05 2.437797214940547115e-05
1.214862052189931343e-04 -7.762169135558487636e-05
-8.602827235071321360e-05 7.848755627610003529e-05
3.959531728255770596e-05 -4.558688140794271265e-05
-1.330599672316271358e-05 1.822344508843878335e-05
3.493607718265670337e-06 -5.492668182685900955e-06
-7.491981900085072389e-07 1.319591665288597867e-06
1.353927887097791449e-07 -2.623668767767801765e-07
-2.110246655451509750e-08 4.435676934101631877e-08
2.887663642621489647e-09 -6.508534819545968863e-09
-3.518486566896526639e-10 8.422280535300635692e-10
3.861135413011985562e-11 -9.735975118785683241e-11
-3.852305014545788624e-12 1.016032211887499382e-11
3.521854932944006019e-13 -9.656055248290563449e-13
-2.984776756148351752e-14 8.437245242539245884e-14
2.440109524307810262e-15 -6.844846613716205202e-15
-4.318110313388117321e-17 4.480021010582812595e-16
-7.304649086248370064e-16 1.486855294238479411e-16
9.018151606142478579e-15 -3.542093898043251452e-15
-1.108867471653286419e-13 4.545680734176045991e-14
1.226780950926354936e-12 -5.228609963079926565e-13
-1.245755584300737953e-11 5.532829206513695030e-12
1.149661860621384670e-10 -5.350681298931488797e-11
-9.554014347788285632e-10 4.691947167287903407e-10
7.071079082380329656e-09 -3.693927479838673544e-09
-4.598291344062994477e-08 2.580003436011774199e-08
2.583199941497727671e-07 -1.575109665561102129e-07
-1.226545415420620811e-06 8.248829795910014815e-07
4.780665074956089251e-06 -3.615688382200515946e-06
-1.468030193992339489e-05 1.282938153293520301e-05
3.337468868147005574e-05 -3.512845430924995538e-05
-5.051025646849377693e-05 6.892054082117730852e-05
4.038107263149314413e-05 -8.500367749518861139e-05
-5.188341783452847953e-06 4.872005106770914456e-05
-5.386886001132194291e-06 -5.119068292973866182e-07
-1.899120720602797713e-06 -1.268728027807227000e-06
-5.530148026539957819e-07 -5.830224810494468343e-08
-9.372548053442963588e-08 -1.422250275920307848e-16
-5.530148027826978854e-07 5.830224843888783978e-08
-1.899120720578164301e-06 1.268728028031873479e-06
-5.386886001617489960e-06 5.119068291382148337e-07
-5.188341783506297426e-06 -4.872005106765104487e-05
4.038107263143763976e-05 8.500367749515351035e-05
-5.051025646872552515e-05 -6.892054082125008559e-05
3.337468868139729900e-05 3.512845430948888643e-05
-1.468030194009970649e-05 -1.282938153283619502e-05
4.780665074842821464e-06 3.615688382376845759e-06
-1.226545415478657815e-06 -8.248829795609508701e-07
2.583199942419021585e-07 1.575109664665127089e-07
-4.598291368024156304e-08 -2.580003433421647039e-08
7.071079090480805170e-09 3.693927373435000206e-09
-9.554014991207796887e-10 -4.691946466492709852e-10
1.149660045112698532e-10 5.350698771211891397e-11
-1.245742124757562002e-11 -5.532704032178863392e-12
1.226762881537570029e-12 5.228735203414888183e-13
-1.106313856237392047e-13 -4.575229381052763701e-14
9.305446180217589601e-15 3.738204339592277131e-15
-6.424229127781693774e-16 -2.492265827218377771e-16
4.225548232218793693e-16 9.332518362873683347e-16
-5.427684387284170292e-15 -1.164304666254940788e-14
6.466220562096797928e-14 1.369050504325767513e-13
-7.247986354127167796e-13 -1.475538801569103769e-12
7.451069989270798275e-12 1.453820253904366669e-11
-6.984361360171535929e-11 -1.298405791192579820e-10
5.918193341563755171e-10 1.040962228127897023e-09
-4.486774893667370049e-09 -7.405380050921635061e-09
3.005471315133843498e-08 4.608368579183403331e-08
-1.751291105202374798e-07 -2.463894957590929205e-07
8.702878497791321645e-07 1.105676712612721475e-06
-3.593590158265522671e-06 -4.035096714358719577e-06
1.189899323315036554e-05 1.144706487694841360e-05
-3.000961455656087692e-05 -2.352940612666025368e-05
5.315801268714761234e-05 3.086361639865122262e-05
-5.705404225945208825e-05 -1.878022625453543148e-05
2.560536397735049013e-05 -1.848020001372502595e-06
2.000493023961512358e-06 2.375780276710810361e-06
8.958011698747035084e-09 1.024867762554496857e-06
1.257931061518102816e-07 2.220673054830741069e-07
6.818445142322553614e-08 -1.294793831121650835e-16
1.257931059350197161e-07 -2.220673059448566703e-07
8.958011559084125035e-09 -1.024867762324607668e-06
2.000493024191228964e-06 -2.375780276562233158e-06
2.560536397718134782e-05 1.848020001442313568e-06
-5.705404225962083076e-05 1.878022625474463507e-05
5.315801268715785127e-05 -3.086361639854898913e-05
-3.000961455620174172e-05 2.352940612691964905e-05
1.189899323322288850e-05 -1.144706487677365207e-05
-3.593590157993839818e-06 4.035096714059018992e-06
8.702878495399048610e-07 -1.105676712323378620e-06
-1.751291108467910479e-07 2.463894956562767261e-07
3.005471334919316860e-08 -4.608368551144865772e-08
-4.486774974470554508e-09 7.405379958510242908e-09
5.918195442779117218e-10 -1.040962102039714417e-09
-6.984353239620759493e-11 1.298408843247888040e-10
7.451200475022795801e-12 -1.453839897980668004e-11
-7.246804429348766673e-13 1.475347341070339167e-12
6.483712129205050557e-14 -1.369216393909280114e-13
-5.500554090830481863e-15 1.171110903346854772e-14
3.093987226788544806e-16 -9.070786244357076693e-16
1.312283432723986868e-15 -5.466737366322730059e-16
-1.505850448950168014e-14 7.798206138178007473e-15
1.728276674829550894e-13 -9.243318467356077896e-14
-1.798285705505172477e-12 1.002472515503080330e-12
1.708094102808845361e-11 -9.957939190027416648e-12
-1.467375591010767615e-10 8.999836916601497584e-11
1.128667036791205971e-09 -7.335138586780769899e-10
-7.679085239499612488e-09 5.333653145779986993e-09
4.552399519936543633e-08 -3.415068734819595678e-08
-2.307104607254992905e-07 1.894304765146574858e-07
9.748000452520649596e-07 -8.915092819886241984e-07
-3.317996753456893608e-06 3.463249974731601366e-06
8.652877953391767722e-06 -1.069230421970221345e-05
-1.594172875337792385e-05 2.482097669298431473e-05
1.770958378906893512e-05 -3.963853760367356247e-05
-7.141897233889097228e-06 3.682139055843730807e-05
-3.402189795827254461e-06 -1.245689354812201849e-05
6.345140781406221384e-07 -2.009712193794056624e-06
3.935195074578290944e-07 -3.302523728721655374e-07
4.796795363647341892e-08 -1.121964928890800918e-07
-1.593953424196023166e-08 -3.911605103963548657e-16
4.796795390989550871e-08 1.121964931578356918e-07
3.935195074988886459e-07 3.302523722516587405e-07
6.345140777994008448e-07 2.009712194160990026e-06
-3.402189795843172751e-06 1.245689354830956852e-05
-7.141897233638925200e-06 -3.682139055838066529e-05
1.770958378897162459e-05 3.963853760367480931e-05
-1.594172875364136465e-05 -2.482097669310163895e-05
8.652877953099292327e-06 1.069230421949185282e-05
-3.317996753686680094e-06 -3.463249975212773678e-06
9.748000452601346425e-07 8.915092820562299214e-07
-2.307104606823161744e-07 -1.894304765761856679e-07
4.552399534347064211e-08 3.415068748334616480e-08
-7.679085366752058836e-09 -5.333653113857157342e-09
1.128667050842398339e-09 7.335137236575120581e-10
-1.467375827937571799e-10 -8.999825486929827082e-11
1.708097860070989240e-11 9.957650729542645399e-12
-1.798197539981781898e-12 -1.002379495937166642e-12
1.726915193181167854e-13 9.261110241523913886e-14
-1.532107064955621463e-14 -7.960723628502469695e-15
1.234620444073486073e-15 6.203566703788420630e-16
-8.269818792802377253e-16 -1.547873687614415963e-15
1.076175057696475362e-14 1.818671100958162275e-14
-1.214285033899652896e-13 -2.013845826168264136e-13
1.284558242914740369e-12 2.041671206239719830e-12
-1.242000229077532594e-11 -1.884302470648416634e-11
1.089823958075114088e-10 1.568452130010862457e-10
-8.598293691483555241e-10 -1.165051375969065712e-09
6.031518561141416672e-09 7.624407500927016524e-09
-3.710661115397303481e-08 -4.326408597025451613e-08
1.968152122297072163e-07 2.085709606560511936e-07
-8.804971043198997336e-07 -8.314756277210546871e-07
3.227288274207811091e-06 2.639771379434164689e-06
-9.308599284281550003e-06 -6.307607264189237809e-06
1.990578499941317967e-05 1.030387052256984919e-05
-2.862740872888965059e-05 -9.317214514345154331e-06
2.285733874277551353e-05 1.453812511842545707e-06
-5.471325190364281481e-06 2.911039853685506089e-06
-1.359428364828480635e-06 1.236426169394589333e-07
-2.889434280742687879e-07 -6.978034803835979143e-08
-6.419918415059959641e-08 1.092884355100834347e-08
-1.005328250324930257e-08 2.487433611752742004e-17
-6.419918402883082813e-08 -1.092884368262724963e-08
-2.889434284812832069e-07 6.978034819287476081e-08
-1.359428365229719507e-06 -1.236426171641119233e-07
-5.471325190182732674e-06 -2.911039853562584244e-06
2.285733874255722298e-05 -1.453812512148168747e-06
-2.862740872889546462e-05 9.317214514218558481e-06
1.990578499934489526e-05 -1.030387052267340574e-05
-9.308599284175235510e-06 6.307607264693634917e-06
3.227288273923456625e-06 -2.639771379509606102e-06
-8.804971042459153232e-07 8.314756276000349606e-07
1.968152124117091856e-07 -2.085709606855582481e-07
-3.710661116449289946e-08 4.326408589757961865e-08
6.031518521706308887e-09 -7.624407471259565123e-09
-8.598294474154039152e-10 1.165051308571639271e-09
1.089824350680835800e-10 -1.568452057225797703e-10
-1.242009643454280702e-11 1.884309294655505440e-11
1.284435563548977493e-12 -2.041475206108561567e-12
-1.215222360854379502e-13 2.013187290639475791e-13
1.070066609530454163e-14 -1.819407107689911561e-14
-7.820353592046914686e-16 1.566226033785856031e-15
-2.043803871912010191e-15 1.085034812494139279e-15
2.297006013928368663e-14 -1.479083862570954154e-14
-2.471989949865857116e-13 1.660464061451310070e-13
2.416650786540631500e-12 -1.696486963492457234e-12
-2.145736124298755341e-11 1.582475854337560695e-11
1.714258305045661435e-10 -1.337015676737972039e-10
-1.218802231701963584e-09 1.013362547724619581e-09
7.608680484194134821e-09 -6.810547141850761507e-09
-4.100955521882173229e-08 4.001391485600609258e-08
1.867268294595875207e-07 -2.018875078688740882e-07
-6.975284092168599416e-07 8.548792761317378267e-07
2.050416898986320723e-06 -2.946408041231040219e-06
-4.444537731379786003e-06 7.918821106555123802e-06
6.307343609621008829e-06 -1.556388860928440470e-05
-4.268939628891675054e-06 2.009275130191086830e-05
-9.139149724103178400e-07 -1.365507595278100328e-05
1.944891044798252236e-06 2.049230655612497287e-06
3.296267472594824814e-07 7.425700715493541806e-07
4.862505112808316070e-08 1.719104763152162853e-07
2.310101010328806719e-08 2.781050031219933036e-08
9.159265976734268020e-09 -8.796398481089930598e-17
2.310101060515079703e-08 -2.781049972300590555e-08
4.862505078187251882e-08 -1.719104760723362315e-07
3.296267473529084685e-07 -7.425700713970361633e-07
1.944891044664541733e-06 -2.049230655502063672e-06
-9.139149726264925066e-07 1.365507595279061879e-05
-4.268939628829007321e-06 -2.009275130199907831e-05
6.307343609499421485e-06 1.556388860920682326e-05
-4.444537731387699832e-06 -7.918821106531547487e-06
2.050416899010819457e-06 2.946408041430665556e-06
-6.975284090300543425e-07 -8.548792763125313977e-07
1.867268293545499031e-07 2.018875079746156431e-07
-4.100955515692157697e-08 -4.001391502589238722e-08
7.608680456658250104e-09 6.810546938656801204e-09
-1.218802103671514372e-09 -1.013362397222896028e-09
1.714258645988321698e-10 1.337015450160022430e-10
-2.145741988636860595e-11 -1.582453467603140183e-11
2.416655204599765170e-12 1.696431986521762807e-12
-2.471631595659647067e-13 -1.660359235309784136e-13
2.316225002589690688e-14 1.499980955687706569e-14
-2.011927282145034318e-15 -1.238145503502115285e-15
1.543160770791784101e-15 2.324493001340463100e-15
-1.869395022019500557e-14 -2.587345943721167318e-14
2.020119747529564502e-13 2.697933788399107219e-13
-2.018845255224263641e-12 -2.575068997802881147e-12
1.837820693205265514e-11 2.226332728949309760e-11
-1.511479437669863413e-10 -1.726779746298762699e-10
1.111885825827930955e-09 1.187627593898292722e-09
-7.228015964760265835e-09 -7.140357740481465236e-09
4.090894649206711663e-08 3.685752265242378389e-08
-1.978514803243640774e-07 -1.595426160549544368e-07
7.981609828462338348e-07 5.607878590082557092e-07
-2.600209820092020545e-06 -1.527002804460553369e-06
6.535419898722504817e-06 2.981865395200948538e-06
-1.182556434964561790e-05 -3.566689156957769515e-06
1.368362558077471220e-05 1.426727029821804429e-06
-7.819937617369413787e-06 1.593312138390570113e-06
5.319675195442568561e-07 -1.103765740763230203e-06
3.355510742520245836e-07 -2.977630984158735389e-07
7.844199658770970163e-08 -6.650571424233695495e-08
7.872114859668969102e-09 -1.726041243430114131e-08
-1.251555034348655732e-09 -2.012432339282500998e-16
7.872115015664550419e-09 1.726041233985452254e-08
7.844199633289590660e-08 6.650571400259445686e-08
3.355510740435974098e-07 2.977630983437590066e-07
5.319675193175589698e-07 1.103765740444518598e-06
-7.819937617597982240e-06 -1.593312138182839518e-06
1.368362558074829494e-05 -1.426727029810832176e-06
-1.182556434950577785e-05 3.566689157017635262e-06
6.535419898615376325e-06 -2.981865395617874672e-06
-2.600209820040663243e-06 1.527002804269105923e-06
7.981609825187999083e-07 -5.607878591921016693e-07
-1.978514802401513206e-07 1.595426161814668543e-07
4.090894656911849438e-08 -3.685752306341634599e-08
-7.228016115934515764e-09 7.140357736852934082e-09
1.111885933251011133e-09 -1.187627678044534658e-09
-1.511481217770688322e-10 1.726778356402040760e-10
1.837823356267061223e-11 -2.226328690099036458e-11
-2.018824495622613763e-12 2.574885664045140333e-12
2.020344963849789870e-13 -2.697966208934225114e-13
-1.868206473872772477e-14 2.586782790739164650e-14
1.509719175869881414e-15 -2.332431668134988077e-15
3.026074877266300542e-15 -2.158080018733785310e-15
-3.261679199199073395e-14 2.574963398134588225e-14
3.287248806415425995e-13 -2.709745366241405350e-13
-3.014672472021552767e-12 2.609551298382563288e-12
2.498755482515172186e-11 -2.285850205080804112e-11
-1.853265023145551299e-10 1.805489108213884778e-10
1.215086649569518413e-09 -1.272691602496135134e-09
-6.937444554569400903e-09 7.906983262822925451e-09
3.383584998099574168e-08 -4.263607542149988622e-08
-1.374318934318067209e-07 1.957019070415117558e-07
4.486020511242944176e-07 -7.456191475312782336e-07
-1.114652684278083869e-06 2.279105828237825555e-06
1.915569959182656623e-06 -5.324729871804393802e-06
-1.801329843405998095e-06 8.824683041866662273e-06
-1.476342449902329746e-08 -9.097664565025164761e-06
1.516963087999395832e-06 4.295371162262505451e-06
-5.343697166657159781e-07 3.334615563609795969e-08
-2.003407713894277619e-07 -1.147209881585891001e-07
-4.967334392152568761e-08 -2.569947449190449725e-08
-9.781383544836711196e-09 -2.276241485972472806e-10
-1.701269444812854696e-09 -1.978346338052949768e-17
-9.781382910038251648e-09 2.276239847425314827e-10
-4.967334420201670409e-08 2.569947496059621249e-08
-2.003407712340342473e-07 1.147209882462803830e-07
-5.343697164795852525e-07 -3.334615561438690383e-08
1.516963088054965852e-06 -4.295371162238366706e-06
-1.476342436184996118e-08 9.097664565139478634e-06
-1.801329843466691182e-06 -8.824683042001845343e-06
1.915569959229983742e-06 5.324729871786031822e-06
-1.114652684685942303e-06 -2.279105828034955235e-06
4.486020510725499689e-07 7.456191476279136815e-07
-1.374318932070426638e-07 -1.957019071422994121e-07
3.383584986242693153e-08 4.263607552603722502e-08
-6.937444580521387775e-09 -7.906983303701173891e-09
1.215086603935323904e-09 1.272691750178745268e-09
-1.853264712022257879e-10 -1.805489215346592818e-10
2.498754053821547072e-11 2.285841386799181763e-11
-3.014648907592400092e-12 -2.609570935669112750e-12
3.287360723081482255e-13 2.709519376657812314e-13
-3.264596347612255246e-14 -2.579219470048195523e-14
3.015757738573965426e-15 2.268055730372970674e-15
-2.557446388140929008e-15 -3.103217401660235912e-15
2.930685315860090347e-14 3.335214972548815804e-14
-3.016065147355371627e-13 -3.294996245873740429e-13
2.852321250778481588e-12 2.960159409513461414e-12
-2.448136923540332160e-11 -2.397340302751137340e-11
1.890113822694780581e-10 1.731780827772574784e-10
-1.298631766906332843e-09 -1.101557469469732321e-09
7.837354750269595423e-09 6.071014274998064630e-09
-4.088313442425430475e-08 -2.839226617439730012e-08
1.806176801111162837e-07 1.095463492440962366e-07
-6.580777573404596954e-07 -3.348331195808260821e-07
1.907356767375893025e-06 7.595855927817633796e-07
-4.175822266359796714e-06 -1.124350226040446940e-06
6.368989294383947168e-06 7.030364835852670248e-07
-5.844613658423578424e-06 6.348720876610223085e-07
2.226097414071291267e-06 -1.178460584141499163e-06
1.848136167799499096e-07 2.045626145696075873e-07
-1.746201259656798976e-08 1.119852650776081646e-07
-2.348124281398289675e-09 2.853542394218526979e-08
1.949791926166947054e-09 4.454556325316198514e-09
9.560152997616643717e-10 -7.277894642131906563e-18
1.949792022606456499e-09 -4.454556414830992758e-09
-2.348124834179772755e-09 -2.853542383980694517e-08
-1.746201263065858434e-08 -1.119852650352943425e-07
1.848136166824799755e-07 -2.045626145312347449e-07
2.226097413977264257e-06 1.178460584303689244e-06
-5.844613658523053126e-06 -6.348720874359438433e-07
6.368989294233541221e-06 -7.030364835090170130e-07
-4.175822266437739838e-06 1.124350225970540464e-06
1.907356767473674085e-06 -7.595855928097572891e-07
-6.580777571704695003e-07 3.348331196616716182e-07
1.806176798255610690e-07 -1.095463494154921094e-07
-4.088313457064671124e-08 2.839226634560578673e-08
7.837354686305004093e-09 -6.071014321969756424e-09
-1.298631755452627185e-09 1.101557444046885028e-09
1.890114924390441889e-10 -1.731781828527714488e-10
-2.448142882759804743e-11 2.397337345424381745e-11
2.852304299428820813e-12 -2.960045619412121113e-12
-3.016451864836234619e-13 3.294696824730172080e-13
2.928934575385715129e-14 -3.346352121858262883e-14
-2.520970124901293777e-15 3.152986604499228142e-15
-4.257783716067154128e-15 3.769088022972081815e-15
4.358598533377163443e-14 -4.136923432459916984e-14
-4.123365160393864332e-13 4.120568106280455835e-13
3.540791000781512885e-12 -3.741036956523020938e-12
-2.734127512735849025e-11 3.076612998301896702e-11
1.877372343734021325e-10 -2.271179758303442560e-10
-1.130781754630428481e-09 1.488452078831017321e-09
5.872615077186453441e-09 -8.544836310812395934e-09
-2.570979167041157880e-08 4.226213833861942921e-08
9.195857996053440057e-08 -1.763305589353948458e-07
-2.563632674996374120e-07 6.037249855198103949e-07
5.131503780071478006e-07 -1.633382152061998315e-06
-6.069951999847241059e-07 3.305733667779762235e-06
8.798430642153914190e-08 -4.586458741633419909e-06
8.072162719876308051e-07 3.703123624360431894e-06
-8.199356600244776127e-07 -1.099396513329353053e-06
4.363610449461154995e-08 -1.697095687079729512e-07
5.154247723622164922e-08 -1.606109559851339900e-08
1.335285387498644567e-08 -4.761439876083382035e-09
1.509222103538860571e-09 -1.747010590063681420e-09
-2.882125447479577844e-11 -4.656687273746210253e-17
1.509222470144800372e-09 1.747010853887473439e-09
1.335285418117932367e-08 4.761440053958083287e-09
5.154247740175015127e-08 1.606109540399950229e-08
4.363610440642623512e-08 1.697095690452051696e-07
-8.199356599504328512e-07 1.099396513468989399e-06
8.072162716826569101e-07 -3.703123624192178540e-06
8.798430644550605825e-08 4.586458741514393992e-06
-6.069951998475938128e-07 -3.305733667913925901e-06
5.131503781954220489e-07 1.633382152050610804e-06
-2.563632675471922769e-07 -6.037249854606298970e-07
9.195858010729478332e-08 1.763305591165134393e-07
-2.570979151897980934e-08 -4.226213832738853996e-08
5.872615227033649241e-09 8.544836342928067029e-09
-1.130781785040045145e-09 -1.488452319953104401e-09
1.877372627042363434e-10 2.271179562429809407e-10
-2.734129905039346139e-11 -3.076609449078514173e-11
3.540756227894095535e-12 3.741037965899961134e-12
-4.122611346172924811e-13 -4.121510046696408355e-13
4.352494980575254313e-14 4.149885517002761891e-14
-4.295594459617440364e-15 -3.824465980394982985e-15
3.763166692076471796e-15 3.844598267737646823e-15
-4.112107794163752772e-14 -3.882753451284602164e-14
4.031857318208029198e-13 3.622803227500209559e-13
-3.614919193427744336e-12 -3.063814491939902251e-12
2.931258603584841813e-11 2.323589260935881449e-11
-2.129089108100864040e-10 -1.561842161548335294e-10
1.369408130878402400e-09 9.169604353758940104e-10
-7.691255193057475901e-09 -4.614720997500935863e-09
3.707120779405362849e-08 1.941250703844688656e-08
-1.499768018092082804e-07 -6.583736992586812778e-08
4.946236367530420147e-07 1.699116307958811049e-07
-1.277390225197731637e-06 -2.978029091710029792e-07
2.435288133186649475e-06 2.438916874828990160e-07
-3.114719781741542280e-06 2.256697479007346414e-07
2.217146057524120709e-06 -7.458184317553809816e-07
-4.799564490539795576e-07 5.147193512906732468e-07
-1.203227642617199482e-07 2.434222318920205926e-08
-2.004531190754150523e-08 -1.843258643045583479e-08
-5.081103697099710489e-09 -4.719834219011472026e-09
-1.122261577496051925e-09 -2.551757571405281030e-10
-2.161951105876289731e-10 -3.131663292373580592e-16
-1.122260929824943991e-09 2.551755250087921153e-10
-5.081103703144915978e-09 4.719834209684704562e-09
-2.004531185904960354e-08 1.843258640791951407e-08
-1.203227641892028371e-07 -2.434222308308064642e-08
-4.799564489458984711e-07 -5.147193512983645177e-07
2.217146057301782184e-06 7.458184318356520705e-07
-3.114719781601554839e-06 -2.256697480000827388e-07
2.435288133089673096e-06 -2.438916878223729865e-07
-1.277390225405747047e-06 2.978029093059746089e-07
4.946236366992705633e-07 -1.699116308260985024e-07
-1.499768016739320630e-07 6.583737006728942363e-08
3.707120786759388924e-08 -1.941250717331358669e-08
-7.691255112558002385e-09 4.614720964930025919e-09
1.369408061882664285e-09 -9.169602157757710602e-10
-2.129090111855150489e-10 1.561843838963881526e-10
2.931256194577518226e-11 -2.323585227677874153e-11
-3.614918877840788504e-12 3.063705626980911348e-12
4.031731962591584453e-13 -3.621827659130020939e-13
-4.109885014032988114e-14 3.890354228095412082e-14
3.811085729273553127e-15 -3.866050999779717293e-15
5.770865628256116308e-15 -6.218337863118270501e-15
-5.598606016115255024e-14 6.390957363237931040e-14
4.978430434994797558e-13 -6.012540568183256952e-13
-3.996593185908551212e-12 5.145249915977044478e-12
2.867502817917639432e-11 -3.972664156339369851e-11
-1.815944285705399824e-10 2.740400433906975886e-10
9.991808335385905997e-10 -1.669084241668161965e-09
-4.679664497731961891e-09 8.847594003403565823e-09
1.813471193886707532e-08 -4.009361086336523436e-08
-5.572126694735170321e-08 1.518044692391731013e-07
1.259915027752978073e-07 -4.659091263559829871e-07
-1.752866713757189049e-07 1.111473009758711865e-06
3.861657445301297739e-08 -1.936632541282748495e-06
3.637049336553569171e-07 2.223503838726269049e-06
-6.283527663528751567e-07 -1.363663425605739048e-06
3.121203645691163702e-07 2.002468573960300862e-07
3.782809147226799642e-08 6.808048727742502643e-08
-2.452652479910786594e-09 1.498877089540199829e-08
-7.425082922571786980e-10 3.520329297462278708e-09
1.644065148957053093e-10 5.606968054634601697e-10
1.147119050536721488e-10 -2.898003476366303953e-16
1.644061305831957611e-10 -5.606967685410939245e-10
-7.425084275790386879e-10 -3.520329654553241608e-09
-2.452652349409262481e-09 -1.498877087750430792e-08
3.782809149419767281e-08 -6.808048716381994846e-08
3.121203644060438402e-07 -2.002468573302986884e-07
-6.283527661479291823e-07 1.363663425476824022e-06
3.637049336293242595e-07 -2.223503838864740301e-06
3.861657461533442741e-08 1.936632541424442708e-06
-1.752866713041300890e-07 -1.111473009585973471e-06
1.259915028070991564e-07 4.659091263041830577e-07
-5.572126710238029219e-08 -1.518044693664079055e-07
1.813471179569474399e-08 4.009361092150982426e-08
-4.679664529780125121e-09 -8.847594051297273659e-09
9.991808966369482594e-10 1.669084349964059551e-09
-1.815943756782640772e-10 -2.740401269679876387e-10
2.867511212170457686e-11 3.972668467881689042e-11
-3.996482384811483392e-12 -5.145259956643172521e-12
4.977693338174860509e-13 6.013337302160772019e-13
-5.599409587021461987e-14 -6.398340094620187826e-14
5.839637994221170972e-15 6.223447266915533630e-15
-4.816002417004300436e-15 -4.066722243668089153e-15
4.982980227410042330e-14 3.895384360768737031e-14
-4.662364122423880576e-13 -3.435033032683954638e-13
3.973462669543903597e-12 2.734299398946878546e-12
-3.052504087244804871e-11 -1.940321635557043065e-11
2.092195619063837775e-10 1.211253655089574123e-10
-1.263909113054098471e-09 -6.538223358833159657e-10
6.629944970094091766e-09 2.982123861787114063e-09
-2.963923370921326832e-08 -1.111718630422725628e-08
1.102412423167887659e-07 3.209830978273537423e-08
-3.303814011590434302e-07 -6.437623845426621473e-08
7.627302328732207666e-07 6.149040871148348337e-08
-1.267665664107671350e-06 7.919219811019299327e-08
1.351758817848513057e-06 -3.528077648046244785e-07
-7.197995558055771965e-07 4.415938768355266966e-07
4.661852752625167062e-08 -1.577765112701744697e-07
3.518724103908220946e-08 -3.652113356208663604e-08
9.011031218066965049e-09 -3.125144795813290371e-09
1.866788963124763522e-09 -5.448062941206348800e-10
2.189383575787247635e-10 -2.211741476200045105e-10
8.992004211320562487e-12 1.156409408887098354e-16
2.189383667753728908e-10 2.211741110446424194e-10
1.866788789575281746e-09 5.448064197500118325e-10
9.011031311237111780e-09 3.125144757289640496e-09
3.518724124444743863e-08 3.652113349612856425e-08
4.661852738929369577e-08 1.577765113714713516e-07
-7.197995558215414382e-07 -4.415938771897981738e-07
1.351758817839602482e-06 3.528077647117405925e-07
-1.267665663895202876e-06 -7.919219794139436171e-08
7.627302327196647047e-07 -6.149040866259485924e-08
-3.303814012569720326e-07 6.437623850873646835e-08
1.102412422222033627e-07 -3.209831000697628265e-08
-2.963923369978700261e-08 1.111718640948177722e-08
6.629944979230591144e-09 -2.982123761802454095e-09
-1.263909089032512093e-09 6.538222335320951609e-10
2.092196538280690069e-10 -1.211255252482945406e-10
-3.052499872639632385e-11 1.940318950999963613e-11
3.973504416267180140e-12 -2.734204464736197920e-12
-4.661614924028036508e-13 3.434066869778755135e-13
4.978345091897821749e-14 -3.895508298941146143e-14
-4.923510873939698415e-15 4.081800739455461197e-15
-7.805787923655183608e-15 1.010071482628145950e-14
7.145122839160303076e-14 -9.825145112991140154e-14
-5.971514585608680499e-13 8.757077542301610865e-13
4.476426646061750922e-12 -7.075746326932990951e-12
-2.977540078539420110e-11 5.137590244583899660e-11
1.731883935936981005e-10 -3.316725178031651060e-10
-8.641705204144034922e-10 1.879877153157971107e-09
3.602434555126053704e-09 -9.210517295895467475e-09
-1.205082650735160819e-08 3.825938917521321232e-08
3.009829611804642672e-08 -1.314099606009081988e-07
-4.682569322636722909e-08 3.609444661160689270e-07
8.099357575980111098e-09 -7.564237120984121112e-07
1.586330097706013210e-07 1.126215580711730753e-06
-3.763773259093612549e-07 -1.053163801830532123e-06
3.598449364737644102e-07 4.678899736388591397e-07
-9.307830681556128557e-08 -8.311466914858406171e-09
-2.450107324539291817e-08 -1.504185043384049347e-08
-3.672074434205488601e-09 -4.151611671375931913e-09
-8.251665528319263340e-10 -7.978517523533650628e-10
-1.803525472264622055e-10 -6.369772530185206946e-11
-3.495853904066219359e-11 1.910538598222670383e-16
-1.803523717939440382e-10 6.369764243333551415e-11
-8.251666469488139493e-10 7.978519581799835887e-10
-3.672074349125587228e-09 4.151611830936911479e-09
-2.450107330566480815e-08 1.504185035773967859e-08
-9.307830672667198049e-08 8.311466945967264457e-09
3.598449363758005500e-07 -4.678899738436646654e-07
-3.763773260482797404e-07 1.053163801911778464e-06
1.586330097970051644e-07 -1.126215580891685867e-06
8.099357332579342229e-09 7.564237121130226884e-07
-4.682569311054110499e-08 -3.609444662041001083e-07
3.009829615372792785e-08 1.314099604542102185e-07
-1.205082643582507066e-08 -3.825938918635812112e-08
3.602434530456559500e-09 9.210517363821957809e-09
-8.641705884109098049e-10 -1.879877089507349413e-09
1.731882860690163616e-10 3.316726397882680543e-10
-2.977552086086390948e-11 -5.137599000940134698e-11
4.476339443659393603e-12 7.075803714643314151e-12
-5.971392046405132871e-13 -8.757306550062479399e-13
7.155297171633036744e-14 9.828788441934106998e-14
-7.880138395116938950e-15 -1.007162547669053203e-14
4.557406984722956571e-15 3.159661184609416364e-15
-4.472380167281398953e-14 -2.863521757895263050e-14
4.003854555678357768e-13 2.388133607686195373e-13
-3.254905356354296102e-12 -1.787398738186252660e-12
2.377895436601202255e-11 1.184141453663159841e-11
-1.544416065510910354e-10 -6.833555946242240514e-11
8.803883986141411917e-10 3.361199540273234147e-10
-4.335563809351097161e-09 -1.364826102423510081e-09
1.808043935997150746e-08 4.336677920086375646e-09
-6.221566393123878333e-08 -9.607740894380195335e-09
1.705610238381731333e-07 9.268399126677825957e-09
-3.542683677447427744e-07 2.409334924460364481e-08
5.154394261455074994e-07 -1.179125866986728887e-07
-4.553562314830757629e-07 2.151414884446801781e-07
1.685425317622056633e-07 -1.727126825556716433e-07
1.779269356330842285e-08 2.489765863303028076e-08
-3.317911851315111235e-09 1.495439211235599090e-08
-1.608016353469325429e-09 3.457237269423299173e-09
-2.712725816395359259e-10 6.810361009214533066e-10
2.902877973870302200e-12 8.967360484418608743e-11
7.755007575846920164e-12 -1.942789650817251146e-16
2.902635570753147813e-12 -8.967396666759835752e-11
-2.712726900390531347e-10 -6.810359352975877837e-10
-1.608016447545195433e-09 -3.457237187579839968e-09
-3.317911855390969671e-09 -1.495439212026677570e-08
1.779269332734796657e-08 -2.489765856774485570e-08
1.685425318148702280e-07 1.727126825011172422e-07
-4.553562315303112434e-07 -2.151414880370804329e-07
5.154394258840881444e-07 1.179125868497586319e-07
-3.542683674715249916e-07 -2.409334930612329043e-08
1.705610240105157772e-07 -9.268398877345604650e-09
-6.221566397876442557e-08 9.607741153203720256e-09
1.808043943920685710e-08 -4.336677868427080273e-09
-4.335563929349026435e-09 1.364826018660064171e-09
8.803884444732546919e-10 -3.361199647365613514e-10
-1.544416572869467884e-10 6.833559549406079188e-11
2.377892295127465413e-11 -1.184138331512583121e-11
-3.254946823147141847e-12 1.787397065611387527e-12
4.003355388552061740e-13 -2.387491313686525772e-13
-4.465664520328543574e-14 2.860973867555044621e-14
4.614308931390753915e-15 -3.142222605103121014e-15
1.094071620517397530e-14 -1.708091676458017737e-14
-9.436951403626460974e-14 1.582430955869986895e-13
7.419327152958486609e-13 -1.343441276435098089e-12
-5.197035146662650824e-12 1.030979230677690734e-11
3.202211221241127723e-11 -7.083965394182534885e-11
-1.704182524578558334e-10 4.309268431264309879e-10
7.635535173866311948e-10 -2.289704894389297984e-09
-2.767544780951936337e-09 1.045158352278685996e-08
7.529049384462016019e-09 -4.013250341918525982e-08
-1.249406335972911349e-08 1.261432188398135167e-07
-1.764306371095383629e-09 -3.127678554804483790e-07
7.848593703164005739e-08 5.801362235792960657e-07
-2.289436892355205007e-07 -7.407648357957620296e-07
3.252029038734360984e-07 5.590158921282144373e-07
-2.078942466843505960e-07 -1.658961531646592522e-07
2.080267899951111771e-08 -1.899121709015209304e-08
1.129732258367433539e-08 7.857734707369944716e-10
2.072089156971900649e-09 5.025913097408673328e-10
2.787092569790186580e-10 2.447843311533037993e-11
1.607240754607704543e-11 -1.036481535249863434e-11
-8.504766457325477668e-13 2.352551238375196713e-16
1.607242206561301454e-11 1.036493953024967691e-11
2.787094703689499316e-10 -2.447858711271588016e-11
2.072089055713874297e-09 -5.025914213882835225e-10
1.129732277056095187e-08 -7.857734175521971029e-10
2.080267904716623357e-08 1.899121720033854935e-08
-2.078942465518850457e-07 1.658961528307070895e-07
3.252029037670186905e-07 -5.590158919847198562e-07
-2.289436895858105261e-07 7.407648357111885426e-07
7.848593696953712371e-08 -5.801362236327133515e-07
-1.764306598919391340e-09 3.127678553955054799e-07
-1.249406338087784205e-08 -1.261432186582610836e-07
7.529049350161928018e-09 4.013250335694797216e-08
-2.767544854240395448e-09 -1.045158351752710962e-08
7.635536406678749294e-10 2.289704821375139408e-09
-1.704180517818856601e-10 -4.309270108786425149e-10
3.202225188509140139e-11 7.083968726523060829e-11
-5.196980264404089077e-12 -1.030993106142064853e-11
7.418848195824052398e-13 1.343424791002839164e-12
-9.453239949511333095e-14 -1.582397380961510114e-13
1.095990836981631111e-14 1.705480984471062843e-14
