-6.252331174035971898e-16 1.350107372927692370e-16
5.412083860856650555e-16 -1.233296557543895348e-15
-9.272882339523211276e-17 7.975463974893012420e-16
2.292384040737560048e-16 -9.645131077834393016e-16
-1.161795877191077403e-16 -1.362768843551695274e-16
3.080637869938291050e-16 8.471186885366084383e-15
2.229160519108527562e-14 -1.305124472336113360e-13
-5.086880041214440456e-13 1.860397404949651020e-12
9.557176828551719741e-12 -2.495260432139625376e-11
-1.569651264781854794e-10 3.067078877797178113e-10
2.286896534492981716e-09 -3.419256160298997145e-09
-2.970036663266039499e-08 3.407559885659824989e-08
3.433915546906090225e-07 -2.971621395290944973e-07
-3.513704739625246538e-06 2.185861164899694945e-06
3.148090444872784317e-05 -1.255538027681601388e-05
-2.434042206717377350e-04 4.341732599033110498e-05
1.591708436299428932e-03 9.341471871288619928e-05
-8.499945001288783386e-03 -3.091312847679002652e-03
3.950351333435508927e-02 3.218778032060669314e-02
-2.092481037016186707e-01 -1.677386319414174709e-01
8.658162442456546204e-01 0.000000000000000000e+00
-2.092481037016472589e-01 1.677386319413588789e-01
3.950351333435977996e-02 -3.218778032060231470e-02
-8.499945001286222934e-03 3.091312847682166787e-03
1.591708436297958537e-03 -9.341471871320256948e-05
-2.434042206705826531e-04 -4.341732599054973435e-05
3.148090444967860038e-05 1.255538027753723025e-05
-3.513704739965107073e-06 -2.185861165164369448e-06
3.433915534219589671e-07 2.971621385358432816e-07
-2.970036745136389519e-08 -3.407559991420869649e-08
2.286897393040778164e-09 3.419256679061467368e-09
-1.569661582845622482e-10 -3.067072139673736968e-10
9.557159064129022261e-12 2.495268997450664610e-11
-5.078942473759698389e-13 -1.861245762348782607e-12
2.214601732614861202e-14 1.283329451835206647e-13
-1.543693391456313381e-15 -8.603726235836722446e-15
-3.075411198001734561e-16 5.536806208809663745e-16
-2.923911465147625210e-16 -3.175451323546463548e-16
-1.105958088377094877e-15 6.487118048946902388e-16
-9.058469737793322839e-16 -7.552217803677085272e-16
9.135172632707910616e-16 1.859654048333864696e-16
1.121328101807110696e-16 3.560017741561971439e-16
-1.910620242107482859e-16 -6.261470614990124889e-16
1.312042998440133138e-16 1.038526028554224899e-16
-2.450034097673232225e-16 -3.253970758576249304e-16
-2.004530788685469512e-15 2.529759645116947620e-16
3.314196594339892471e-14 1.804762610789583194e-15
-4.941697458905698074e-13 -6.825465271160739833e-14
6.886648443767229484e-12 1.605207288213202185e-12
-8.837662743517503578e-11 -2.999323220703802371e-11
1.034275795654507128e-09 4.786567165721576977e-10
-1.091521110348878471e-08 -6.676657321199557920e-09
1.023100538156103820e-07 8.197228993500480040e-08
-8.331474664527825593e-07 -8.844081611968507902e-07
5.687574667831657694e-06 8.321005952558662303e-06
-3.034241024886317244e-05 -6.735080930447857330e-05
1.031357544527430306e-04 4.592671422189340230e-04
4.082560350212316311e-05 -2.554948569907633266e-03
-3.403546723957945157e-03 1.099994530168570302e-02
2.527767000819928014e-02 -3.312715713708668658e-02
-1.045864120775000239e-01 5.367427338188993785e-02
2.390492764820346117e-01 1.050724478050442118e-14
-1.045864120774844669e-01 -5.367427338190611935e-02
2.527767000819102980e-02 3.312715713708785231e-02
-3.403546723958068756e-03 -1.099994530168404462e-02
4.082560350203449570e-05 2.554948569907755564e-03
1.031357544522403945e-04 -4.592671422198359708e-04
-3.034241024920829094e-05 6.735080930418396847e-05
5.687574667677497698e-06 -8.321005953258894276e-06
-8.331474665462815500e-07 8.844081607950315949e-07
1.023100540130598898e-07 -8.197229007898495631e-08
-1.091521106765217067e-08 6.676657012753616945e-09
1.034275222046963970e-09 -4.786571171883551658e-10
-8.837626218516230898e-11 2.999316390056999089e-11
6.886770274476938221e-12 -1.604017957280807697e-12
-4.941399946436183510e-13 6.815125934921286896e-14
3.288049858950450817e-14 -1.775471538877968774e-15
-2.009558450079376113e-15 -1.217543668292636532e-16
2.386603222989152216e-16 -1.223931728692550648e-16
-1.842686914165783571e-16 -1.454299136584240654e-16
4.912699576360733798e-16 -6.540782014382079128e-16
1.381547623492776391e-16 2.914549494701410419e-16
6.087064477764114707e-16 -1.946719912577557376e-16
-3.964217643873200533e-16 7.975215417908733178e-16
2.776508342140532287e-16 -5.521532868710652689e-16
-1.975103887531346204e-16 3.265086941793433586e-16
6.915422657079149788e-16 6.220524023814437926e-15
1.447786009117313293e-15 -9.671080792010871623e-14
-1.449622166169229282e-13 1.391370026151160734e-12
3.647527638877752269e-12 -1.854034497729080338e-11
-6.800030186948203164e-11 2.266921506466637030e-10
1.054151488825418568e-09 -2.517914605283451825e-09
-1.406896910079456011e-08 2.510419379038458446e-08
1.633134514951290556e-07 -2.211090647323046560e-07
-1.646672384700300827e-06 1.681563620948825641e-06
1.428946778608686405e-05 -1.065231887672251141e-05
-1.049315125304815994e-04 5.256398532367177973e-05
6.347992416924201110e-04 -1.695314594717740777e-04
-3.030592668816074493e-03 6.317442075030121971e-05
1.058815205163849728e-02 2.951322598868595052e-03
-2.318852663311787160e-02 -1.716671162258430819e-02
1.453792742852839416e-02 3.560281987232913337e-02
7.406497486818612586e-02 6.533349115590497604e-15
1.453792742853139523e-02 -3.560281987232353368e-02
-2.318852663312007470e-02 1.716671162257759481e-02
1.058815205163940107e-02 -2.951322598868165708e-03
-3.030592668815293000e-03 -6.317442074948926070e-05
6.347992416933754016e-04 1.695314594728209291e-04
-1.049315125310030193e-04 -5.256398532435612136e-05
1.428946778561433147e-05 1.065231887743058182e-05
-1.646672383336058763e-06 -1.681563620701594723e-06
1.633134518051811514e-07 2.211090651928072468e-07
-1.406896940594132099e-08 -2.510419394322259073e-08
1.054152028867942813e-09 2.517914611977355097e-09
-6.800022362443634759e-11 -2.266917754144123089e-10
3.647407197750701342e-12 1.854061807142741371e-11
-1.446440889532111752e-13 -1.390342027620333362e-12
2.041048659262634504e-15 9.642023763713728915e-14
4.486377831285360037e-16 -6.061622455697346363e-15
-2.956896263761321010e-16 4.233853346943532930e-16
7.680990034436598493e-16 -4.890476402722959108e-16
4.874078006149887314e-16 4.642117526004986938e-16
-3.887164680210578910e-16 -2.399162065522265700e-16
-1.079456428966961149e-16 -2.553471032537232428e-16
1.991508403830248683e-16 6.217265772430403657e-16
-5.038106570262837767e-16 -2.450782705738171725e-16
-4.246769736186102689e-16 5.928230255563205710e-16
1.540827224384682597e-14 -1.725208894634336628e-15
-2.315935795401484289e-13 3.301885604906096068e-15
3.212377273955056147e-12 2.240946911430694568e-13
-4.107383230126995387e-11 -6.593729207579724099e-12
4.798188378971467261e-10 1.253246144862334896e-10
-5.069925703629917882e-09 -1.906474542263562679e-09
4.784749588421007749e-08 2.449528520710576955e-08
-3.966071666629576984e-07 -2.700265267649748183e-07
2.819840933206167210e-06 2.553622225486057195e-06
-1.657995907205806353e-05 -2.050856224837906407e-05
7.549460041634730248e-05 1.371541526887729023e-04
-2.269234335450781971e-04 -7.395915933898732086e-04
1.588435982779913135e-04 3.049008493547282223e-03
2.260728608686631089e-03 -8.718201324238689792e-03
-1.073384618679477237e-02 1.381646202776821292e-02
1.444805335154524147e-02 -4.413611468129346495e-03
2.168243943975060178e-02 2.708216606116359149e-15
1.444805335154246244e-02 4.413611468132735277e-03
-1.073384618679213212e-02 -1.381646202776961457e-02
2.260728608685628419e-03 8.718201324237463343e-03
1.588435982780595911e-04 -3.049008493546032355e-03
-2.269234335450987156e-04 7.395915933909260774e-04
7.549460041624110487e-05 -1.371541526879727882e-04
-1.657995907186277500e-05 2.050856224911309944e-05
2.819840932923851976e-06 -2.553622225176476817e-06
-3.966071664607616165e-07 2.700265269631027597e-07
4.784749620655509624e-08 -2.449528478617897673e-08
-5.069925080488795592e-09 1.906475053710511671e-09
4.798189061635703445e-10 -1.253244092256379064e-10
-4.107387588545009167e-11 6.593121758702906046e-12
3.212088559917634899e-12 -2.238474234541212133e-13
-2.314230510158400742e-13 -3.307824392333376972e-15
1.543988678917543673e-14 1.440828046320905522e-15
-1.010953783413982428e-15 -2.174539772602902538e-16
3.514116596500836585e-16 1.329596056433035619e-16
-4.094372145463194488e-16 3.186816449183910408e-16
-1.994442808065405709e-16 -3.823656299497726709e-16
-5.126478596404216673e-16 2.182354635768375130e-16
2.195540393822402397e-16 -7.854461074512674115e-16
3.233554171642696530e-17 2.469742574669949180e-16
6.794351376705311583e-16 1.808932812027989690e-15
-4.636745921474218727e-15 -3.410282518571590990e-14
2.278445823004732750e-14 4.904059767002321124e-13
2.428061147084875988e-13 -6.540221037746226352e-12
-1.012011166207588650e-11 8.010411806804798626e-11
2.007218040243700207e-10 -8.933883890572911213e-10
-3.017316832622578843e-09 8.977732543295894035e-09
3.744961038133685594e-08 -8.021391100788483208e-08
-3.930487936806188241e-07 6.260707840593916530e-07
3.495192479945219251e-06 -4.164443354606896384e-06
-2.605340930644061125e-05 2.273648008560747550e-05
1.592056251530484055e-04 -9.540422576092304132e-05
-7.682587750514537506e-04 2.644363283407376829e-04
2.747727303735358201e-03 -2.167243180428516649e-04
-6.457896351023031251e-03 -1.615258621382086686e-03
7.380962624518136450e-03 6.262334713304631116e-03
2.771593227250837652e-04 -5.338684973676780486e-03
3.962068084677279091e-03 -2.872144081727693311e-17
2.771593227230186854e-04 5.338684973678425871e-03
7.380962624518038438e-03 -6.262334713302500876e-03
-6.457896351023334827e-03 1.615258621381084449e-03
2.747727303734871611e-03 2.167243180428711535e-04
-7.682587750516484734e-04 -2.644363283406203722e-04
1.592056251537778296e-04 9.540422576170723120e-05
-2.605340930646133645e-05 -2.273648008629224065e-05
3.495192478764750937e-06 4.164443354546350469e-06
-3.930487937201847918e-07 -6.260707847830845329e-07
3.744961054231612931e-08 8.021391086993645072e-08
-3.017317335723700212e-09 -8.977733013478046470e-09
2.007218331669937013e-10 8.933882065519167880e-10
-1.011977624153618273e-11 -8.010457362175003272e-11
2.423889558842360140e-13 6.539506013503745294e-12
2.231519899782391732e-14 -4.902983967115859105e-13
-4.279600751128718183e-15 3.392328040367786992e-14
4.392869715667584565e-16 -2.085055442265418440e-15
-5.485693167236991235e-16 2.920085524916043509e-16
-3.170765858228980254e-16 -3.804682032857871835e-16
2.387204005517117539e-16 8.230120956390935213e-17
4.202195148892709388e-17 1.003927574026029302e-16
-1.892734536239274661e-16 -1.376018494166748756e-16
2.532560914858513209e-17 2.638573175692175666e-16
4.038925462382635609e-15 -1.260515826600767970e-15
-6.698644767979061355e-14 1.075906711516669700e-14
9.342529741423557586e-13 -7.293494248297045079e-14
-1.199629655536902591e-11 -4.982040389693431852e-14
1.410401340204817657e-10 1.301174430779196474e-11
-1.504495246168169214e-09 -2.840311100105619411e-10
1.440142279869165851e-08 4.283510191671477294e-09
-1.219848058391774024e-07 -5.172142495195538815e-08
8.975423673882967764e-07 5.190733667684041323e-07
-5.590630254251128483e-06 -4.354498504394653887e-06
2.835694122571190014e-05 3.021363047173225572e-05
-1.095687047236824642e-04 -1.692043085879674095e-04
2.781476139461762516e-04 7.330982574345344715e-04
-2.317219076233280025e-04 -2.282866413398507849e-03
-1.102393208712653186e-03 4.418699921589289148e-03
3.473432881218253138e-03 -3.549842112906479406e-03
-1.615800363392957571e-03 -8.535486279993655979e-04
-1.634930681007178968e-05 -3.060604098339976949e-16
-1.615800363393211274e-03 8.535486279997315162e-04
3.473432881216573492e-03 3.549842112907313808e-03
-1.102393208712133203e-03 -4.418699921589547622e-03
-2.317219076232187962e-04 2.282866413397541608e-03
2.781476139463467424e-04 -7.330982574350417696e-04
-1.095687047235306894e-04 1.692043085876691183e-04
2.835694122607194335e-05 -3.021363047251208168e-05
-5.590630254560654651e-06 4.354498503836663310e-06
8.975423670659132839e-07 -5.190733669803762449e-07
-1.219848060920001671e-07 5.172142474330016389e-08
1.440142210096861189e-08 -4.283510426256676318e-09
-1.504495216175227826e-09 2.840312365472716014e-10
1.410403806771240763e-10 -1.301140878630888728e-11
-1.199622504293818547e-11 4.966791528051730455e-14
9.339981786856799395e-13 7.269966662402564760e-14
-6.715286275868778220e-14 -1.049966210318930816e-14
4.504779578795976472e-15 1.002887518448722646e-15
-3.852690171108585404e-16 -4.301672580880155357e-16
3.436081210388991152e-16 -2.057779531800570054e-16
-5.211992041057884726e-17 2.679054226626826278e-16
4.017840304070025358e-16 -2.741699966944846894e-16
-1.921411797035780570e-16 5.430827639581478886e-16
3.353657526375542085e-16 2.299767639971704177e-16
-2.576644591683925718e-15 -8.003628929457647525e-15
2.326025818875991949e-14 1.229149216036236870e-13
-1.800051086824521566e-13 -1.650298096062504022e-12
5.581244094201382621e-13 2.038779203639349959e-11
1.372313260446193925e-11 -2.299270973983010349e-10
-3.625177518457223891e-10 2.345172860261936668e-09
5.576218505922369933e-09 -2.138446175573944783e-08
-6.589796609152868087e-08 1.717789558977233574e-07
6.345711637815521461e-07 -1.192213700451891582e-06
-5.035574907484770764e-06 6.958891930511135823e-06
3.260621420170454316e-05 -3.280955225931503762e-05
-1.677922808605189194e-04 1.166875933634733893e-04
6.545370629324413336e-04 -2.700203100247005662e-04
-1.779224671542555328e-03 2.137508418250235809e-04
2.835518698094838426e-03 7.316118262541800510e-04
-1.534813979743971171e-03 -1.831109105862329788e-03
-6.494516217117690888e-04 3.575882979361111043e-04
-3.114011146605115497e-04 4.223116085807884577e-16
-6.494516217110693447e-04 -3.575882979376705665e-04
-1.534813979744541028e-03 1.831109105862264736e-03
2.835518698094751256e-03 -7.316118262538322389e-04
-1.779224671542136609e-03 -2.137508418246003355e-04
6.545370629324889300e-04 2.700203100246931936e-04
-1.677922808607805374e-04 -1.166875933639779635e-04
3.260621420196416892e-05 3.280955225949112560e-05
-5.035574906709368852e-06 -6.958891930267024316e-06
6.345711639825381355e-07 1.192213700880958451e-06
-6.589796614435230244e-08 -1.717789556605359739e-07
5.576218756447761223e-09 2.138446237936383220e-08
-3.625178096554652853e-10 -2.345172849336254723e-09
1.372290269918243129e-11 2.299271060064278891e-10
5.583437767137634156e-13 -2.038733040713958040e-11
-1.795003848403180361e-13 1.650472188684761527e-12
2.302420743736372382e-14 -1.229433660292105894e-13
-2.165555446571887850e-15 8.536577689381495172e-15
5.501910445384908130e-16 -6.757242868136061904e-16
1.500420720506369866e-16 2.507821687018509463e-16
-2.766628110136285580e-16 -5.645490958637761050e-17
-2.186623488230517329e-16 -2.011496521757998993e-16
5.048947786596335634e-17 2.029853545265367723e-16
8.281457125585664533e-16 -3.683490907743711832e-16
-1.454796152192577943e-14 4.595387479810529389e-15
2.091625242938500706e-13 -4.590926106825963307e-14
-2.714440471619467695e-12 3.820452425334574393e-13
3.231768608490858406e-11 -1.917997665881170598e-12
-3.502215791413740270e-10 -9.484570005873585614e-12
3.420814491942743521e-09 4.132325754209592166e-10
-2.975358010132705886e-08 -6.696230256341503882e-09
2.269247580406635349e-07 7.826896318027614873e-08
-1.487068978400201931e-06 -7.269541366782538532e-07
8.140565102507705907e-06 5.475061609498673991e-06
-3.569533944240874758e-05 -3.317231416435876011e-05
1.168202001731526401e-04 1.572418204636822855e-04
-2.455369036975036312e-04 -5.535576807963026730e-04
1.772477130195764384e-04 1.315861234124186385e-03
4.764437028165868348e-04 -1.721866478383434059e-03
-9.254863401294228858e-04 5.776495151294273531e-04
-2.397550141062183067e-05 3.173436194634895514e-04
-7.278103233366881660e-05 7.977136173037548151e-16
-2.397550141063035860e-05 -3.173436194648594950e-04
-9.254863401284922067e-04 -5.776495151290852873e-04
4.764437028159726343e-04 1.721866478383664344e-03
1.772477130202166327e-04 -1.315861234123562751e-03
-2.455369036975730743e-04 5.535576807961694245e-04
1.168202001728206439e-04 -1.572418204637431093e-04
-3.569533944262412434e-05 3.317231416481457225e-05
8.140565102474786819e-06 -5.475061609347415929e-06
-1.487068978105827489e-06 7.269541369008891577e-07
2.269247584945930441e-07 -7.826896315214398756e-08
-2.975358004092324018e-08 6.696230379672225735e-09
3.420814293982331379e-09 -4.132326428222957920e-10
-3.502217481220539190e-10 9.484531901165369512e-12
3.231738243097128270e-11 1.918177568407966695e-12
-2.714383217458051352e-12 -3.820036064182783438e-13
2.092663400360624327e-13 4.577373384508921316e-14
-1.490514620328457653e-14 -4.359570515011235612e-15
1.193058896158407831e-15 5.496943523977434807e-16
-4.114246466821453397e-16 1.881670368727063621e-16
5.898922601625824764e-17 -1.967732825201615011e-16
-3.742848301601165354e-16 1.979846694467467139e-16
2.159611232553930699e-16 -3.546036211473403261e-16
-6.630241619481976282e-16 -1.507903316687562313e-15
8.256917813607164773e-15 2.473955295739011573e-14
-8.452278675655146534e-14 -3.383713352526293544e-13
7.257068581138549614e-13 4.238001262793967224e-12
-4.375467464378090846e-12 -4.858611495503891135e-11
2.138124355505672423e-12 5.056476470204345135e-10
4.180331357733800197e-10 -4.728479088457932753e-09
-7.490940964656117694e-09 3.923141540113135058e-08
8.756994367442797563e-08 -2.841717963202127453e-07
-7.881964742889032958e-07 1.759215449475746280e-06
5.650974908658107979e-06 -9.037437314082361788e-06
-3.211390516774578616e-05 3.687303193400140016e-05
1.405265682747055341e-04 -1.110234582024554538e-04
-4.473413962637568051e-04 2.113271503695646235e-04
9.308339212027430445e-04 -1.349581779913385101e-04
-9.947811271029576366e-04 -3.060243357874095518e-04
1.699265186517006742e-04 4.462476096695692628e-04
1.254164943852412888e-04 6.963701012684543178e-05
3.114721950143790506e-05 8.963270962802027651e-16
1.254164943845158221e-04 -6.963701012792665240e-05
1.699265186527263024e-04 -4.462476096695183595e-04
-9.947811271032839815e-04 3.060243357876171223e-04
9.308339212029735459e-04 1.349581779909391985e-04
-4.473413962640637970e-04 -2.113271503697331357e-04
1.405265682744206871e-04 1.110234582022592403e-04
-3.211390516780415690e-05 -3.687303193444862678e-05
5.650974908148493995e-06 9.037437314039749255e-06
-7.881964741213309562e-07 -1.759215449768277155e-06
8.756994354789777045e-08 2.841717963166980880e-07
-7.490941280971294189e-09 -3.923141547138992114e-08
4.180330072268711243e-10 4.728479044915440612e-09
2.138067397866345478e-12 -5.056476884439566912e-10
-4.375515243047351066e-12 4.858580482157413576e-11
7.255012571020538958e-13 -4.237825181735553579e-12
-8.441254389630154526e-14 3.382714088669859840e-13
8.141514895712820968e-15 -2.483489588263516033e-14
-1.167816175117397107e-15 1.763973185364126918e-15
-1.744973083551378353e-16 -4.258828133670135686e-16
1.119496265708302903e-16 2.210386914897273620e-16
2.773151614318293536e-16 1.197553625342414140e-16
5.469417562305594580e-17 -2.442615025174617564e-16
-2.399158821630631436e-15 1.198811039560188410e-15
3.901388885862947053e-14 -1.431385359236822967e-14
-5.174319102414583015e-13 1.457611559381612525e-13
6.268330944523489955e-12 -1.271220405558368099e-12
-6.933421878740825636e-11 8.420160750023460717e-12
6.941483102517867947e-10 -2.485536387510243978e-11
-6.223751003671124388e-09 -3.496801712840251325e-10
4.931893894854011159e-08 7.766930678622781409e-09
-3.396471204127975190e-07 -9.260151080869317246e-08
1.988124813025612774e-06 8.135901845262925933e-07
-9.591529834743734738e-06 -5.574042161634539764e-06
3.643028981769053239e-05 2.978873054458727057e-05
-1.008992791294583276e-04 -1.205842974073163538e-04
1.734634350382861052e-04 3.476704295166414480e-04
-9.543144129271911088e-05 -6.334379510959049818e-04
-1.940838283578572476e-04 5.480471355488106397e-04
2.047083994214664478e-04 -2.050970247966909981e-05
5.339361969141967457e-05 -3.806874608284296246e-05
2.303584211471771965e-05 7.481269247269066608e-16
5.339361969056468629e-05 3.806874608223951586e-05
2.047083994216260152e-04 2.050970247913038686e-05
-1.940838283581637516e-04 -5.480471355487427686e-04
-9.543144129340840596e-05 6.334379510953784933e-04
1.734634350383823824e-04 -3.476704295166185713e-04
-1.008992791298619896e-04 1.205842974074207625e-04
3.643028981733469724e-05 -2.978873054494782539e-05
-9.591529834578295651e-06 5.574042161689109014e-06
1.988124813047653842e-06 -8.135901845027146900e-07
-3.396471204350221282e-07 9.260151064313426988e-08
4.931893863933465834e-08 -7.766930929963991159e-09
-6.223750852769140130e-09 3.496804335800359631e-10
6.941484416319448433e-10 2.485539820010871434e-11
-6.933389133997592191e-11 -8.420464955146241454e-12
6.268404722989021875e-12 1.271082606580899874e-12
-5.175341381160381996e-13 -1.454487732928989435e-13
3.929714564791778110e-14 1.420127041186144081e-14
-2.992651474662931130e-15 -1.400528851843283858e-15
4.178305466219804845e-16 7.843160356692559266e-17
-1.045099870162099833e-16 2.938944988018712111e-16
3.775339587538302850e-16 -1.772539372870237785e-16
-2.111832809067046333e-16 -6.310852410582743644e-18
2.062872220418292239e-15 4.168796112526346896e-15
-2.349118852497128160e-14 -5.969445092249836287e-14
2.379664180451308419e-13 7.629014537091681776e-13
-2.079712840614977458e-12 -8.926397669822409047e-12
1.442018520998430812e-11 9.515303454904442334e-11
-6.056992950701020574e-11 -9.157475348970738612e-10
-1.985140949347665594e-10 7.869065077532714210e-09
7.467852209768199317e-09 -5.955098087473148241e-08
-9.310598438543063795e-08 3.899818331931762206e-07
8.042942685431720881e-07 -2.159250671264365456e-06
-5.284323071123214391e-06 9.787544865752266377e-06
2.662082767978510072e-05 -3.461953169547751037e-05
-9.987314169152285127e-05 8.818016466729756487e-05
2.611525237432618229e-04 -1.365640681496728241e-04
-4.164152213069667878e-04 6.297814782118479622e-05
2.878660042035568935e-04 1.213807255939975581e-04
2.139584087558982835e-05 -8.810130957455671985e-05
-4.970583509214242268e-06 -2.746940624858540116e-05
2.668563396333190520e-06 8.404241424322641633e-16
-4.970583509740026958e-06 2.746940624873628483e-05
2.139584087529377340e-05 8.810130957438331526e-05
2.878660042036739874e-04 -1.213807255940278616e-04
-4.164152213069453206e-04 -6.297814782143866215e-05
2.611525237433713815e-04 1.365640681492838124e-04
-9.987314169140875254e-05 -8.818016466710952355e-05
2.662082768015299763e-05 3.461953169526024981e-05
-5.284323070711617365e-06 -9.787544865681396824e-06
8.042942684216313305e-07 2.159250671551285585e-06
-9.310598460205231296e-08 -3.899818335256390876e-07
7.467852226614814444e-09 5.955098097648442539e-08
-1.985140955932084792e-10 -7.869064897263598881e-09
-6.057000409419959280e-11 9.157473494591057182e-10
1.442046162369241916e-11 -9.515269786344087779e-11
-2.079500837313664090e-12 8.926298551567343292e-12
2.380331522950450701e-13 -7.628961161724515856e-13
-2.335128644488538551e-14 5.979649706166317538e-14
2.365252020981212368e-15 -4.387310544399511774e-15
8.426553941426592281e-19 4.287300761538432821e-16
-1.191950636424991344e-16 -1.474926332079709362e-16
-1.584923581901947756e-16 -1.399406786042433668e-17
-2.730135636112836635e-16 3.531863018779032560e-16
6.079709010854287965e-15 -3.100509399684232465e-15
-8.659287921508893934e-14 3.687109764557381620e-14
1.073320333102194216e-12 -3.698535824955138602e-13
-1.216053656457615774e-11 3.218973707439733596e-12
1.251977479668931657e-10 -2.287573360807210862e-11
-1.160393570030947662e-09 1.126536363657129102e-10
9.571626910191844328e-09 -5.624959898440696123e-11
-6.926724591576637161e-08 -6.486951344041304199e-09
4.318099366805966702e-07 8.882567390130305866e-08
-2.263437359000674555e-06 -7.633440825885825378e-07
9.646034731818545053e-06 4.833172454292776066e-06
-3.178554562961714592e-05 -2.301505474981707186e-05
7.443575545802687949e-05 8.017277141922037661e-05
-1.035647777574323641e-04 -1.903249564606506871e-04
3.875993357577256184e-05 2.652645816945508987e-04
7.466540167885397396e-05 -1.436734108395115316e-04
-3.466890536166960716e-05 -2.455171952753825484e-05
-1.226789234378647492e-05 -2.917955820150065110e-06
-3.223077337951581755e-06 5.577019721433851825e-16
-1.226789234377323072e-05 2.917955820594366078e-06
-3.466890536196540461e-05 2.455171952745111548e-05
7.466540167890152978e-05 1.436734108396092182e-04
3.875993357573973762e-05 -2.652645816946891887e-04
-1.035647777574287185e-04 1.903249564606441819e-04
7.443575545830008488e-05 -8.017277141890613416e-05
-3.178554562979221746e-05 2.301505474970512121e-05
9.646034731789180115e-06 -4.833172454361558529e-06
-2.263437358561149582e-06 7.633440823320786208e-07
4.318099365110191919e-07 -8.882567373192190667e-08
-6.926724584735464389e-08 6.486951591890635514e-09
9.571626941297661898e-09 5.624952993857485345e-11
-1.160393494659299938e-09 -1.126536519698509290e-10
1.251978518654943760e-10 2.287557933949778070e-11
-1.216046309471814870e-11 -3.218990016094868182e-12
1.073424535474183262e-12 3.696999205805019083e-13
-8.683091978109904350e-14 -3.676895609139916879e-14
6.500179996914321509e-15 3.368293563827076148e-15
-7.026247718384411240e-16 -3.772335712447767708e-16
1.169177682677082581e-16 -2.020775995551543938e-16
-2.556136773389831401e-16 1.310321382788708111e-16
3.991662953924964243e-16 5.144314147481548749e-16
-5.067159217672836888e-15 -9.316141034509525501e-15
5.602312841106297503e-14 1.227035909712312532e-13
-5.521334281271941197e-13 -1.471550304276242954e-12
4.748677056128902085e-12 1.611190679859012106e-11
-3.397407110888551707e-11 -1.599728570631137055e-10
1.806537341545168875e-10 1.426375633258361175e-09
-4.026901397772675428e-10 -1.128585402197518528e-08
-4.935273165630137086e-09 7.807162549433956068e-08
8.066333682216203529e-08 -4.632807581215295345e-07
-6.984816315103289123e-07 2.299434466174599581e-06
4.281301264381352359e-06 -9.216143405608517318e-06
-1.931896375560743099e-05 2.829829328594338873e-05
6.258914204480349778e-05 -6.090445571075114953e-05
-1.349944483738684041e-04 7.590265609569463872e-05
1.641083075265910469e-04 -2.207086258193382544e-05
-6.760065261184573858e-05 -4.502839248435642653e-05
-1.762632635186166596e-05 1.173077440293258718e-05
-3.745767855696232454e-06 4.540100516276853270e-06
-1.645788215271750515e-06 -1.198540543061505403e-17
-3.745767855759722655e-06 -4.540100515996105894e-06
-1.762632635236247928e-05 -1.173077440338856195e-05
-6.760065261193427724e-05 4.502839248374396750e-05
1.641083075264237546e-04 2.207086258215149935e-05
-1.349944483737165345e-04 -7.590265609566146214e-05
6.258914204522792227e-05 6.090445571042268371e-05
-1.931896375591620160e-05 -2.829829328583540558e-05
4.281301264273342953e-06 9.216143405473720495e-06
-6.984816316491152607e-07 -2.299434466152809659e-06
8.066333685384401889e-08 4.632807581646992039e-07
-4.935273023918867279e-09 -7.807162567323024569e-08
-4.026901081509632715e-10 1.128585383033735751e-08
1.806536020580841730e-10 -1.426375823286771746e-09
-3.397425606736160948e-11 1.599726707910368212e-10
4.748761813481627803e-12 -1.611179125559454062e-11
-5.521185238904775935e-13 1.471465322741383455e-12
5.591749315721084659e-14 -1.229723737021292214e-13
-5.376583264050190659e-15 9.415447164637700742e-15
3.053876025560078978e-16 -8.773611036621391576e-16
-8.079574445155743512e-18 8.465357051839796245e-17
1.281997591286005649e-16 -7.821380334290644232e-18
8.806760326748347188e-16 -5.606846080072203354e-16
-1.295196842703415752e-14 7.448755018436185097e-15
1.661290792545548779e-13 -8.154377265001140344e-14
-1.934112466264135393e-12 7.905955493895171200e-13
2.052781675874491851e-11 -6.712753067612696130e-12
-1.970716520972883257e-10 4.802449172602288644e-11
1.694206140741177253e-09 -2.665413552973047176e-10
-1.288268594466314675e-08 8.510343380309220959e-10
8.532009567280965153e-08 2.791740383188778941e-09
-4.825215148831857379e-07 -6.899938044713975601e-08
2.269821984034737221e-06 6.159130773039802251e-07
-8.561302670101509523e-06 -3.680219164045628812e-06
2.450185477443585482e-05 1.578658668834421192e-05
-4.844177070034954012e-05 -4.764836012513812681e-05
5.389536603504339901e-05 9.341895496708530063e-05
-1.138754068543030112e-05 -9.875008123442238859e-05
-2.653511868392307741e-05 2.949831246013240142e-05
2.743581171070752947e-06 1.044713411267629182e-05
1.293284028236399535e-06 2.394582697739016058e-06
1.026153411421576079e-07 -2.619362205623470522e-16
1.293284029017644703e-06 -2.394582697293912950e-06
2.743581170401377537e-06 -1.044713411236073309e-05
-2.653511868444758732e-05 -2.949831245997015395e-05
-1.138754068483624472e-05 9.875008123453730047e-05
5.389536603477248399e-05 -9.341895496701898812e-05
-4.844177070029772204e-05 4.764836012503312861e-05
2.450185477477072760e-05 -1.578658668814371244e-05
-8.561302670203383870e-06 3.680219163793456939e-06
2.269821984061549202e-06 -6.159130773281443810e-07
-4.825215147807580670e-07 6.899938044654316688e-08
8.532009558432980747e-08 -2.791740569436640759e-09
-1.288268601140237814e-08 -8.510343236081212159e-10
1.694206303194109487e-09 2.665414955339351414e-10
-1.970716595940702647e-10 -4.802467101736633480e-11
2.052770169500790728e-11 6.712711418340383423e-12
-1.934454673232125578e-12 -7.904163370942874830e-13
1.661801076480805275e-13 8.151617871010410859e-14
-1.313972839544273292e-14 -7.595983941251386724e-15
1.177873756922753263e-15 7.464318315531088060e-16
-2.579631301589332200e-16 5.688097181418922422e-17
2.098202532130666608e-16 -1.284629685492135548e-16
-9.611586639418153420e-16 -1.162171652638110422e-15
1.095057336312104392e-14 1.793567159025019387e-14
-1.157792498797407512e-13 -2.217313084054152305e-13
1.098971599247321407e-12 2.501181903449386308e-12
-9.158759728822834069e-12 -2.566233347973820582e-11
6.488333045420430199e-11 2.376937028492407052e-10
-3.663072992778393932e-10 -1.966828634840263296e-09
1.362084862620775622e-09 1.435479159601088170e-08
3.335439076095844251e-10 -9.094323741096721258e-08
-5.552527341308084266e-08 4.899679201098528260e-07
5.253883494863313399e-07 -2.184241916313967788e-06
-3.079733632393204079e-06 7.753732116142104190e-06
1.259194101710148271e-05 -2.068385658229180340e-05
-3.545822844985637465e-05 3.754128138376227030e-05
6.320498419715617319e-05 -3.714314468034638444e-05
-5.784750671607647089e-05 5.045521110574705861e-06
1.151636963455828549e-05 1.522711693187814445e-05
5.465320938335029840e-06 2.470406683540877853e-07
1.314940056440339963e-06 -1.798909999219361789e-07
3.684338319734753237e-07 -3.992611930522753426e-16
1.314940056928817511e-06 1.798910006287455217e-07
5.465320938211014900e-06 -2.470406679672841019e-07
1.151636963437241936e-05 -1.522711693153393567e-05
-5.784750671601896074e-05 -5.045521110881026856e-06
6.320498419706099380e-05 3.714314468087012185e-05
-3.545822844985398940e-05 -3.754128138396872950e-05
1.259194101710427962e-05 2.068385658232975725e-05
-3.079733632234989336e-06 -7.753732115853791116e-06
5.253883492179335981e-07 2.184241916544048195e-06
-5.552527368367186379e-08 -4.899679198666528321e-07
3.335437498973197174e-10 9.094323767896311666e-08
1.362084616369527059e-09 -1.435479137455840905e-08
-3.663073891471719856e-10 1.966828413492830593e-09
6.488347754532743677e-11 -2.376935365325367663e-10
-9.158622462235006363e-12 2.566221296580552930e-11
1.098974243682738400e-12 -2.501164682661245142e-12
-1.157704323660721460e-13 2.219492929136174319e-13
1.109057787585674952e-14 -1.814152298721529345e-14
-9.301767651599968190e-16 1.478593037514258342e-15
-1.041379163531082654e-18 -1.453255870264054500e-16
-4.178545075795402191e-18 -1.340114719242825207e-16
-1.813891864508697858e-15 1.350575770945215622e-15
2.348191893757163977e-14 -1.532088244229057452e-14
-2.829292253965575690e-13 1.581515507654952226e-13
3.101564820726173377e-12 -1.471667150594529703e-12
-3.088704388908811029e-11 1.205274506249537204e-11
2.769735177737000858e-10 -8.444595494175393592e-11
-2.212558976598291762e-09 4.802770469284803901e-10
1.553845853452906862e-08 -1.941546111958398099e-09
-9.436139543211867278e-08 2.452730047393935306e-09
4.850709521145244670e-07 4.057819529130842173e-08
-2.051567057794091070e-06 -4.315562343932189307e-07
6.859015611684219535e-06 2.509543954410487261e-06
-1.705830324706003964e-05 -9.819285300568037010e-06
2.840256676328503971e-05 2.584097926217490294e-05
-2.487600633901617891e-05 -4.187740373822158521e-05
1.595626340628829914e-06 3.299652098164434783e-05
8.477571039424283488e-06 -3.646191964330766358e-06
9.119227939357248104e-07 -2.561575778673806851e-06
1.424570038519637385e-07 -6.019948402783780534e-07
9.263706337068984891e-08 -2.484511898522950221e-16
1.424570046467152447e-07 6.019948409995791741e-07
9.119227941679448221e-07 2.561575779173657087e-06
8.477571039514423040e-06 3.646191964315304618e-06
1.595626340766430417e-06 -3.299652098156508588e-05
-2.487600633886748397e-05 4.187740373807727112e-05
2.840256676317264861e-05 -2.584097926224503388e-05
-1.705830324710439706e-05 9.819285300603053352e-06
6.859015612103178972e-06 -2.509543954287335870e-06
-2.051567057562288222e-06 4.315562343891966359e-07
4.850709523365721424e-07 -4.057819520081741043e-08
-9.436139545274257509e-08 -2.452730036988222403e-09
1.553845845825291130e-08 1.941545938359667643e-09
-2.212559068686872545e-09 -4.802770958065781330e-10
2.769735273106694973e-10 8.444632540690968025e-11
-3.088687800184333020e-11 -1.205281295668396822e-11
3.101738436372891670e-12 1.471426930783657510e-12
-2.829597478011531901e-13 -1.580953732526511166e-13
2.376123411552027961e-14 1.535516898457237268e-14
-1.977947285683771044e-15 -1.404533222830683173e-15
1.888074474904641719e-16 1.049157316147342221e-17
-2.162029690942510850e-16 1.110621351543618706e-16
1.806442716408334568e-15 2.248136602434215807e-15
-2.107565559844191431e-14 -3.098467534248490404e-14
2.128786254087908882e-13 3.603598702203678289e-13
-1.932487215884342010e-12 -3.825777123542426818e-12
1.546406583446136412e-11 3.683330266137023940e-11
-1.063495356209928648e-10 -3.186971273422387384e-10
6.012084911859189486e-10 2.450878988867292336e-09
-2.525695808696155136e-09 -1.652548824074192827e-08
5.164953065061362678e-09 9.603876038020571382e-08
2.619930871858814400e-08 -4.705512252278934054e-07
-3.431523586970870749e-07 1.887033363011474438e-06
1.998586643611775214e-06 -5.940292317113992513e-06
-7.504644091993965280e-06 1.376981443091226370e-05
1.847813281931334956e-05 -2.101173800647906483e-05
-2.721169814543989069e-05 1.620107343658638437e-05
1.831903758206302309e-05 7.106889725120846173e-08
-5.624478127095107041e-07 -4.558669797252374838e-06
-1.061463168516106420e-06 -8.088972463129074829e-07
-2.465137530925973874e-07 -1.536252224517527525e-07
-4.726212214487396341e-08 -2.607521861866746693e-17
-2.465137525000771944e-07 1.536252221835454078e-07
-1.061463168552275786e-06 8.088972463968608359e-07
-5.624478124667332737e-07 4.558669797045457395e-06
1.831903758216091638e-05 -7.106889717329252142e-08
-2.721169814569136122e-05 -1.620107343678421738e-05
1.847813281917107175e-05 2.101173800648100285e-05
-7.504644091934208800e-06 -1.376981443114035104e-05
1.998586643678213514e-06 5.940292316529505051e-06
-3.431523588951384128e-07 -1.887033363229900095e-06
2.619930882256405547e-08 4.705512250341573827e-07
5.164953223505638490e-09 -9.603876068700413104e-08
-2.525695901717913109e-09 1.652548819574329964e-08
6.012083402277297330e-10 -2.450878853260308979e-09
-1.063497032007685765e-10 3.186971915280773077e-10
1.546389065594766713e-11 -3.683336413812272891e-11
-1.932321923704480761e-12 3.825825675025234253e-12
2.127830264676601464e-13 -3.605925619731827803e-13
-2.119149723865968846e-14 3.102941023957592121e-14
1.893565138601769890e-15 -2.516619144353762006e-15
-1.310816219123658447e-17 2.680611308263212521e-16
-2.559817045890273895e-16 2.191657691500201407e-16
3.144214189805369774e-15 -2.523993839279023255e-15
-3.826467722752661626e-14 2.780133907616199371e-14
4.353606713756527726e-13 -2.745893492982330976e-13
-4.502205348836750404e-12 2.442571487389110352e-12
4.213839722191931189e-11 -1.917021024271337921e-11
-3.535526580220794210e-10 1.297027836227088669e-10
2.628946025146471848e-09 -7.278137846845149679e-10
-1.708222549417541544e-08 3.127707487953255656e-09
9.529233078837106826e-08 -7.917906282930507745e-09
-4.460508576249786402e-07 -1.202935923446835977e-08
1.698912949384461281e-06 2.605602257973105457e-07
-5.040619921075375999e-06 -1.551705195123124077e-06
1.089346663184128810e-05 5.623356787278890119e-06
-1.521881307357838901e-05 -1.297919450839783290e-05
1.026179961959484937e-05 1.735862594255021862e-05
7.240816971555401019e-07 -9.884899494056911373e-06
-2.353275455465421301e-06 -4.206332863891482545e-07
-5.474717337720832415e-07 3.662330037922295505e-07
-1.120726944439509471e-07 8.382661091428723247e-08
-3.492704867705558441e-08 7.172585055451709411e-17
-1.120726948074034409e-07 -8.382661084521534845e-08
-5.474717339445133151e-07 -3.662330034939051288e-07
-2.353275455319053161e-06 4.206332862961939060e-07
7.240816971332704410e-07 9.884899493743578639e-06
1.026179961956305514e-05 -1.735862594275602391e-05
-1.521881307353564773e-05 1.297919450857307047e-05
1.089346663180267018e-05 -5.623356787363501087e-06
-5.040619921427312259e-06 1.551705195094923385e-06
1.698912949342471528e-06 -2.605602256826768124e-07
-4.460508576130826448e-07 1.202935905143916773e-08
9.529233078196834621e-08 7.917906189169661413e-09
-1.708222540351593061e-08 -3.127707218093351346e-09
2.628946416391245370e-09 7.278137465992778483e-10
-3.535526770473697877e-10 -1.297028378159679772e-10
4.213829216428326429e-11 1.917040436184729035e-11
-4.502065609896590701e-12 -2.442514697550534985e-12
4.354284738472381112e-13 2.743541124808212019e-13
-3.856744562738831581e-14 -2.776826972975744296e-14
3.226591296475853046e-15 2.574771496416264420e-15
-3.120579792692144974e-16 -2.071018792946871654e-16
3.041944231037402589e-16 8.807089458622319554e-17
-3.330904135637668805e-15 -3.938061564297269741e-15
3.675626584076003549e-14 4.870947541949493778e-14
-3.541086545236825177e-13 -5.349261064112809310e-13
3.065163321744781088e-12 5.353693162591028024e-12
-2.342461169781137507e-11 -4.841520483187779302e-11
1.546844512354877931e-10 3.917692166557911625e-10
-8.525702230599028322e-10 -2.803457018525432805e-09
3.669254709121842327e-09 1.748563690053492143e-08
-1.022157646509050105e-08 -9.333948849202734020e-08
-2.835999005445847498e-10 4.164477612655196077e-07
1.910639591911608370e-07 -1.504149699032499277e-06
-1.182214039852229584e-06 4.202174697480019698e-06
4.145023177133166098e-06 -8.460523850351801207e-06
-8.972922971686132784e-06 1.080498000364759426e-05
1.088357969490784197e-05 -6.318030531379446418e-06
-5.171989137798763582e-06 -8.564250462427202315e-07
-5.771438247895367675e-07 1.155565544802442750e-06
8.115609462956779860e-08 3.220927606833596597e-07
1.879244850439813205e-08 6.355541917576072644e-08
-7.651231379335853379e-10 3.138390203813290178e-16
1.879244849960329360e-08 -6.355541944453271123e-08
8.115609509000884715e-08 -3.220927608905826175e-07
-5.771438249405352134e-07 -1.155565544571866406e-06
-5.171989137985846902e-06 8.564250464390495514e-07
1.088357969496878938e-05 6.318030531084439242e-06
-8.972922971721289734e-06 -1.080498000342667621e-05
4.145023177279602848e-06 8.460523850253004978e-06
-1.182214039998046094e-06 -4.202174697272489003e-06
1.910639590090862346e-07 1.504149699066531155e-06
-2.835998941867682690e-10 -4.164477609765406064e-07
-1.022157639291477895e-08 9.333948872608236939e-08
3.669254844520593305e-09 -1.748563682265104595e-08
-8.525701211637661947e-10 2.803457047248373813e-09
1.546845829912977677e-10 -3.917690363705617867e-10
-2.342456069429168890e-11 4.841519175849321024e-11
3.065087099879511693e-12 -5.353674947392861385e-12
-3.541898798499897556e-13 5.348241631092218702e-13
3.669402731912943843e-14 -4.855158611503209209e-14
-3.449656875862079721e-15 4.115657989168247024e-15
1.866341112852756280e-16 -4.391542393477410816e-16
4.646737741006556993e-16 -3.802262294026321766e-16
-4.869748510493974611e-15 4.450458879216650419e-15
5.681335865156660136e-14 -4.580209012803503456e-14
-6.125634739247393730e-13 4.329662528548147914e-13
5.987582813429874022e-12 -3.674075792925957087e-12
-5.276042604506921446e-11 2.753433306428199020e-11
4.149137695976683555e-10 -1.785149639276435218e-10
-2.876946046176279924e-09 9.702885937266092275e-10
1.732723310104513288e-08 -4.177286557184148295e-09
-8.895062584597108869e-08 1.237876300311989210e-08
3.797810728363529215e-07 -1.051988800156921284e-08
-1.304569722886590907e-06 -1.299927678689538356e-07
3.438030496147299911e-06 8.760728103264984959e-07
-6.452884725424335604e-06 -2.999262998369195457e-06
7.524346786272687218e-06 6.105388999007263765e-06
-3.775798614741120977e-06 -6.708421978050324671e-06
-7.586893177488239605e-07 2.611552114873790984e-06
5.312759113708373442e-07 4.688456290970146994e-07
1.715158872481579151e-07 1.533944502335761725e-08
3.342747860946961909e-08 1.633953784042840708e-09
7.896733003340496537e-09 3.138836359839520946e-17
3.342747822126864233e-08 -1.633954241170237430e-09
1.715158871954507870e-07 -1.533944525298705480e-08
5.312759114364431165e-07 -4.688456289958727186e-07
-7.586893178631995606e-07 -2.611552114979570576e-06
-3.775798614772484913e-06 6.708421978076575069e-06
7.524346786631572537e-06 -6.105388998985183310e-06
-6.452884725625652466e-06 2.999262998597208256e-06
3.438030496226001977e-06 -8.760728101488246532e-07
-1.304569722731105727e-06 1.299927677089444679e-07
3.797810732500527068e-07 1.051988781571362737e-08
-8.895062571016566098e-08 -1.237876285053991986e-08
1.732723317200162219e-08 4.177286547948239177e-09
-2.876946535507929892e-09 -9.702886612328636857e-10
4.149137766419786737e-10 1.785149341816659531e-10
-5.276051030602862266e-11 -2.753444940367061127e-11
5.987654483327900115e-12 3.674216222193560673e-12
-6.126753321587914932e-13 -4.326983579085310296e-13
5.704045778793010192e-14 4.574137467808083508e-14
-4.967242228055071547e-15 -4.409764746736850857e-15
5.328132922023711354e-16 4.075813578351604836e-16
-6.777231992969085999e-16 -3.397064475570783766e-16
5.783376626658686087e-15 6.156888984396623101e-15
-5.888689409402397112e-14 -7.061708711563223531e-14
5.416026102839162214e-13 7.355823124786503229e-13
-4.459615188185325987e-12 -6.948219841198862873e-12
3.243079022122497176e-11 5.907084644646779504e-11
-2.042405819831470711e-10 -4.474106827224243164e-10
1.081773606355175694e-09 2.981782221341428853e-09
-4.581222572588830573e-09 -1.721938215967792591e-08
1.383472551230379180e-08 8.450789527437455951e-08
-1.784724583951014286e-08 -3.436479548014330077e-07
-8.465333976797493779e-08 1.118703616624028409e-06
6.416005260575218256e-07 -2.774262216140837445e-06
-2.145073549345519655e-06 4.845406011509963079e-06
4.101792303639991818e-06 -5.145706116150859404e-06
-4.071152661874202582e-06 2.185372322815441629e-06
1.264465738940469301e-06 5.878528426200393926e-07
3.164454140385812840e-07 -2.217464907350407754e-07
3.580667533493111763e-08 -8.339413908349504207e-08
6.422557993944678487e-09 -1.541090102077408161e-08
2.589441293930904403e-09 1.782325289564018836e-16
6.422557825915279409e-09 1.541090069559095323e-08
3.580667553894223891e-08 8.339413893319285723e-08
3.164454143440324821e-07 2.217464907665927527e-07
1.264465738513939085e-06 -5.878528426551131211e-07
-4.071152661939463929e-06 -2.185372322755242574e-06
4.101792303734653679e-06 5.145706116005277310e-06
-2.145073549150591963e-06 -4.845406011362645415e-06
6.416005260592194914e-07 2.774262216246508617e-06
-8.465334012748046985e-08 -1.118703616645903458e-06
-1.784724586277894194e-08 3.436479546334967615e-07
1.383472576639463097e-08 -8.450789512596094051e-08
-4.581222620486817415e-09 1.721938227781350187e-08
1.081773671999493329e-09 -2.981782136310205404e-09
-2.042405887017211087e-10 4.474105935850438406e-10
3.243074142033541424e-11 -5.907080088062376227e-11
-4.459559858976138651e-12 6.948333510165279235e-12
5.414928668479034200e-13 -7.355664211699933372e-13
-5.878287125951876367e-14 7.049294392156960412e-14
5.784142415720506611e-15 -6.306606925041481364e-15
-4.453659876577396502e-16 5.331514203826728125e-16
-5.681305616039284815e-16 5.888485253109223894e-16
6.998731495830914054e-15 -6.931447999936550159e-15
-7.756324901121660661e-14 6.934109354949267229e-14
7.940597339086777367e-13 -6.259318934707141815e-13
-7.350230107907983507e-12 5.063822510058614349e-12
6.109131679077303616e-11 -3.616872876871013479e-11
-4.511798526510440605e-10 2.237613082791851830e-10
2.923031484308224598e-09 -1.166639955400634923e-09
-1.635062886149776447e-08 4.899370550623382725e-09
7.739535106692150749e-08 -1.508575803921145056e-08
-3.019659670153592798e-07 2.447500979051456997e-08
9.369297280093541343e-07 4.538821857224459252e-08
-2.194996494512478162e-06 -4.521466277908786621e-07
3.574309818408379211e-06 1.502896279280540693e-06
-3.453400776588417803e-06 -2.712787994330075568e-06
1.219015607335824495e-06 2.428625727494688596e-06
4.189334812574693569e-07 -5.781366509206637065e-07
-7.783029407669302047e-08 -1.923674126526674239e-07
-3.665634393377892244e-08 -3.073151937502818079e-08
-6.505050388743536503e-09 -5.296478438063102389e-09
-1.131445658550898638e-09 1.572677563345413844e-16
-6.505050859833226011e-09 5.296478766720601925e-09
-3.665634408098147624e-08 3.073151918340598839e-08
-7.783029395720367079e-08 1.923674126406003807e-07
4.189334813172347840e-07 5.781366511602659280e-07
1.219015607490726915e-06 -2.428625727480153511e-06
-3.453400776820233780e-06 2.712787994033177814e-06
3.574309818202312612e-06 -1.502896279010981140e-06
-2.194996494675800091e-06 4.521466277768211974e-07
9.369297278838126284e-07 -4.538821831479555226e-08
-3.019659672342495340e-07 -2.447500968070534111e-08
7.739535090990759239e-08 1.508575793046285916e-08
-1.635062865711772064e-08 -4.899370222022361427e-09
2.923031634240696516e-09 1.166640039039303946e-09
-4.511796682316200601e-10 -2.237615925769844554e-10
6.109137303751538419e-11 3.616866699499921730e-11
-7.350005476817645298e-12 -5.064025414180527232e-12
7.941270876569483374e-13 6.257519289995266422e-13
-7.770198823053367681e-14 -6.934461178654366807e-14
7.078869352797835527e-15 6.974986912271128899e-15
-6.772824325683157376e-16 -6.591278614989677697e-16
9.591629338529300327e-16 6.128503945647244172e-16
-9.119160133449628423e-15 -8.879768497227290983e-15
8.827428783781117929e-14 9.631669787725767470e-14
-7.728290770730687228e-13 -9.503450386532253293e-13
6.043879973192327510e-12 8.476102843259762633e-12
-4.170525111923267228e-11 -6.777786493264864040e-11
2.492962682241941206e-10 4.807419777250915674e-10
-1.257434492196662917e-09 -2.985280919657838619e-09
5.131057543297894721e-09 1.596850150588596958e-08
-1.558834122486644873e-08 -7.207740634709171616e-08
2.728640247590264508e-08 2.672079706827808345e-07
2.175718347208596451e-08 -7.840208148505763410e-07
-3.209835079678354850e-07 1.724843636282701785e-06
1.050991273933111375e-06 -2.607143383087600492e-06
-1.780792837736345985e-06 2.281257012975932298e-06
1.429866731887113678e-06 -6.521083629884840825e-07
-2.447054289056129623e-07 -2.805436641926072978e-07
-1.078911557689198099e-07 1.685600596607724114e-08
-2.071724635880043519e-08 1.397899016599328235e-08
-3.562907849805319931e-09 2.334537226320275000e-09
-9.325356712172284411e-10 -2.453042450274449513e-16
-3.562907865876733648e-09 -2.334537341060859782e-09
-2.071724612538291410e-08 -1.397899040713340796e-08
-1.078911559115487498e-07 -1.685600599864138309e-08
-2.447054284496484035e-07 2.805436642062812153e-07
1.429866732056215547e-06 6.521083630352468657e-07
-1.780792837750464118e-06 -2.281257013099903617e-06
1.050991273693356794e-06 2.607143383076345966e-06
-3.209835078791787170e-07 -1.724843636127979783e-06
2.175718355850654905e-08 7.840208150588297672e-07
2.728640220433827060e-08 -2.672079707149302876e-07
-1.558834118644964329e-08 7.207740647251977265e-08
5.131057520602892634e-09 -1.596850140864413878e-08
-1.257434604426641836e-09 2.985280977458026493e-09
2.492961603511001854e-10 -4.807418971955125019e-10
-4.170527300578730673e-11 6.777778569271536494e-11
6.043880143735994650e-12 -8.476167521293590685e-12
-7.728085029363813735e-13 9.504120071019361869e-13
8.830746259345956107e-14 -9.618645243654074358e-14
-9.129044307624069031e-15 9.023050474720346908e-15
7.153163604765925052e-16 -6.920331629020098759e-16
7.530028062225011925e-16 -9.267695226731371772e-16
-9.182545560213116392e-15 1.003293511814282360e-14
9.754643827844367428e-14 -9.646872777694256761e-14
-9.494798881066889610e-13 8.325282393499450923e-13
8.340315916063556897e-12 -6.424167637953769483e-12
-6.553843965322023652e-11 4.371203665180837322e-11
4.556408768182232850e-10 -2.575816070599847156e-10
-2.764904511565005728e-09 1.281911408645659092e-09
1.440010329782309033e-08 -5.182584847472407364e-09
-6.300608874648968985e-08 1.583917122138543992e-08
2.251690277587793551e-07 -3.019032581601339177e-08
-6.323350849410411811e-07 7.590416517854311010e-10
1.318430680707210743e-06 2.114712772373819368e-07
-1.860441216044008039e-06 -7.114590288983583932e-07
1.474886745056359394e-06 1.145220737898803396e-06
-3.285716506158852130e-07 -8.242343366335527142e-07
-1.789170289215258775e-07 8.895443150285963012e-08
-5.105349405602905986e-09 5.680860465708827930e-08
4.017485146317630611e-09 1.220217906361206663e-08
5.960584943660873699e-10 1.997250893958255210e-09
2.272415661524127659e-12 -2.283946692115475306e-17
5.960585382944640233e-10 -1.997250680253605339e-09
4.017485276087872469e-09 -1.220217863606977114e-08
-5.105349415436061013e-09 -5.680860460364650896e-08
-1.789170291733544372e-07 -8.895443168532107516e-08
-3.285716508785437772e-07 8.242343365995894459e-07
1.474886744850764592e-06 -1.145220737880733431e-06
-1.860441216141492426e-06 7.114590288267486396e-07
1.318430680946978454e-06 -2.114712772870628279e-07
-6.323350851451108999e-07 -7.590415692671431660e-10
2.251690276613994976e-07 3.019032632419096068e-08
-6.300608897153251347e-08 -1.583917121359911602e-08
1.440010309613689748e-08 5.182585184745541401e-09
-2.764904436645826627e-09 -1.281911521564342179e-09
4.556407907050025142e-10 2.575817588644233316e-10
-6.553828585393982718e-11 -4.371191868435721597e-11
8.340090330768381205e-12 6.424215992081950485e-12
-9.494874120030532201e-13 -8.323265936096291073e-13
9.760429096615541782e-14 9.647095364110156851e-14
-9.236994681912916881e-15 -1.017873673465551865e-14
8.006354848493952651e-16 8.975436572375717317e-16
-1.336745180900778730e-15 -1.023383766604129312e-15
1.368424564495947764e-14 1.218616754634592551e-14
-1.259254460444733516e-13 -1.252958968577646746e-13
1.046702395607027484e-12 1.172284660910834375e-12
-7.762787677609850309e-12 -9.875747665229769999e-12
5.070607359543429290e-11 7.429441276660251560e-11
-2.865886691265506364e-10 -4.935340899414446823e-10
1.367537679373669407e-09 2.855461868718118864e-09
-5.306600753797447317e-09 -1.414493767472822303e-08
1.565176316095034258e-08 5.869596048288483303e-08
-2.959999403755084173e-08 -1.982378267983536814e-07
8.485279738279575545e-09 5.236560157725102099e-07
1.492395617054937954e-07 -1.019989868496651060e-06
-4.940268928468623620e-07 1.328683931410147252e-06
7.413199946837575015e-07 -9.451748869079004452e-07
-4.724842222954788894e-07 1.547668889568011276e-07
2.380892761012897060e-08 1.088293225553527758e-07
2.768559234754273970e-08 1.034131528230762679e-08
6.572160634981142158e-09 -2.170652564056059014e-10
1.053929656469596903e-09 8.038268617306501622e-13
2.201965829799451075e-10 5.240462216085889475e-16
1.053929476592413811e-09 -8.037895215975051158e-13
6.572160695128198181e-09 2.170649985388162238e-10
2.768559229554575611e-08 -1.034131528488884389e-08
2.380892725693958455e-08 -1.088293225847354487e-07
-4.724842220517758638e-07 -1.547668888307758599e-07
7.413199947045065264e-07 9.451748870271429907e-07
-4.940268928315481122e-07 -1.328683931259902030e-06
1.492395617008456491e-07 1.019989868595463382e-06
8.485279741224512234e-09 -5.236560156253176948e-07
-2.959999395158967330e-08 1.982378266881868293e-07
1.565176304728192243e-08 -5.869596030067970809e-08
-5.306600779605159829e-09 1.414493781314924216e-08
1.367537630696256537e-09 -2.855462001152779372e-09
-2.865885110764888379e-10 4.935341313664784292e-10
5.070625875643042994e-11 -7.429428396746606951e-11
-7.762718736692886943e-12 9.875743676866607555e-12
1.046643310670171638e-12 -1.172319464764975502e-12
-1.259439801629673356e-13 1.253426247552953722e-13
1.367193605527163259e-14 -1.228932198484065830e-14
-1.198107010996550827e-15 1.011632624295471040e-15
-9.613674462261305940e-16 1.265795625519157820e-15
1.095560329120158758e-14 -1.332687923992524307e-14
-1.115890599039933556e-13 1.223857082032606896e-13
1.036079905573473807e-12 -1.011195299768818252e-12
-8.662016187028445761e-12 7.452285741483649231e-12
6.454689933204888296e-11 -4.835449836982174220e-11
-4.237674263935513660e-10 2.714626612062892968e-10
2.416541649297452055e-09 -1.287672823737312757e-09
-1.175882370191963275e-08 4.982707283942352243e-09
4.772698480297203638e-08 -1.481296277690276620e-08
-1.567912064785048702e-07 2.955335555649275902e-08
3.998438059945191157e-07 -2.037110103059110113e-08
-7.437653861001474455e-07 -8.660119067368743958e-08
9.090799870277086090e-07 3.175684027576901132e-07
-5.837583390933844203e-07 -4.594782245591754162e-07
6.165669032369162372e-08 2.604709435629692602e-07
6.380851000392828252e-08 2.374988067833190635e-09
9.371537885241879679e-09 -1.261657930960268479e-08
8.729628686574845396e-10 -3.248387960996639107e-09
1.688830342903134303e-10 -4.916542276119184843e-10
6.408726436076972455e-11 1.858955099631407880e-16
1.688832683361974678e-10 4.916541196987039113e-10
8.729627629766393611e-10 3.248388088907509229e-09
9.371537659789330335e-09 1.261657979121851477e-08
6.380850993794020723e-08 -2.374987695829082771e-09
6.165669034143148472e-08 -2.604709432965291174e-07
-5.837583390248606196e-07 4.594782247267183214e-07
9.090799868552496304e-07 -3.175684025963161490e-07
-7.437653861292958609e-07 8.660119055829788818e-08
3.998438061033733315e-07 2.037110084622300477e-08
-1.567912066591035443e-07 -2.955335579515920101e-08
4.772698491305053238e-08 1.481296272861529723e-08
-1.175882373711767659e-08 -4.982707207194546468e-09
2.416541704529904218e-09 1.287672861135426451e-09
-4.237673175368353543e-10 -2.714626937881841479e-10
6.454680017114337185e-11 4.835446004716437393e-11
-8.661861378832712283e-12 -7.452372924091658503e-12
1.036088568594493945e-12 1.011047172145921342e-12
-1.115772656958739920e-13 -1.223640287939452361e-13
1.091393317316873401e-14 1.342862128874318507e-14
-1.002330904160663528e-15 -1.307483879891885616e-15
2.023054724461070685e-15 1.545207413617665220e-15
-1.998770005123672657e-14 -1.622264913142072942e-14
1.749019952324852529e-13 1.592493655099411310e-13
-1.379613196824698031e-12 -1.412915591101902925e-12
9.691802256074298287e-12 1.125074745986268289e-11
-5.981522180972320547e-11 -7.966661113483152201e-11
3.186923201136829036e-10 4.957606556268662895e-10
-1.431341602394502414e-09 -2.672225047781192705e-09
5.232156952050897252e-09 1.225241001923895327e-08
-1.466687786180948044e-08 -4.669302386703475416e-08
2.761678048325245753e-08 1.434207454003193108e-07
-1.871128606442416107e-08 -3.401693145443885593e-07
-6.622402222493073570e-08 5.842089909991772738e-07
2.283539093772039897e-07 -6.510729210436735754e-07
-3.008384489519386867e-07 3.690346225903556540e-07
1.474872830690383435e-07 -2.035430542735158348e-08
8.272212705555645620e-09 -3.560408249974330324e-08
-5.012157731838478197e-09 -6.772566349397979177e-09
-1.458184795431852575e-09 -9.569034740411933890e-10
-2.164817976038741672e-10 -1.505044000989336228e-10
-3.739963733348652860e-11 -2.778431495277167851e-16
-2.164820133130561742e-10 1.505051716233799469e-10
-1.458184475400471226e-09 9.569036596912877608e-10
-5.012157675399647217e-09 6.772566292163335101e-09
8.272212887130495325e-09 3.560408273327499180e-08
1.474872830157594946e-07 2.035430532731229402e-08
-3.008384489039887338e-07 -3.690346226213699242e-07
2.283539094187180009e-07 6.510729208780176478e-07
-6.622402200525096735e-08 -5.842089911704976283e-07
-1.871128603561051557e-08 3.401693146345235058e-07
2.761678062135549189e-08 -1.434207453759337881e-07
-1.466687767825698251e-08 4.669302372572422110e-08
5.232156908612231994e-09 -1.225241011041447307e-08
-1.431341619886700990e-09 2.672225082903307984e-09
3.186922556322211503e-10 -4.957606566777514880e-10
-5.981530893966180756e-11 7.966665897686870677e-11
9.691801406197979069e-12 -1.125087468076271527e-11
-1.379556227632757837e-12 1.413017788747306278e-12
1.749207516247437563e-13 -1.594014919740096624e-13
-1.994515494406490024e-14 1.637264631634230815e-14
1.967696063487050300e-15 -1.486395049585408982e-15
1.050675103807998671e-15 -1.557907482619086212e-15
-1.131182759018254901e-14 1.554097679363527471e-14
1.113532973715029296e-13 -1.364117710585582046e-13
-9.909065150090220374e-13 1.081014123820492563e-12
7.914935175759238549e-12 -7.628396258579889247e-12
-5.615629103639218686e-11 4.732204569673056159e-11
3.496687039990703210e-10 -2.537006042292647648e-10
-1.882626088524640138e-09 1.148932173405673220e-09
8.602388219206440183e-09 -4.253714601423742862e-09
-3.256748251515055375e-08 1.221406083361845204e-08
9.892840242503035967e-08 -2.447627900322368153e-08
-2.304870803533865298e-07 2.395375635540878997e-08
3.846165720589847455e-07 2.730325528678896942e-08
-4.081466269879664730e-07 -1.300161264639809827e-07
2.087201729104350781e-07 1.718965717588917571e-07
1.582118721839511541e-09 -7.445171510581331028e-08
-1.905052401564234285e-08 -9.411330054688116456e-09
-4.452178935288196484e-09 1.617914919592284585e-09
-6.998553931980392109e-10 6.000901961030443986e-10
-1.106129078410304701e-10 8.363284939912823875e-11
-3.109991287658487498e-11 -2.442262311097024152e-17
-1.106126080635579859e-10 -8.363275437500024956e-11
-6.998552437004994797e-10 -6.000899803919979524e-10
-4.452178774009895668e-09 -1.617914807119698969e-09
-1.905052373745065686e-08 9.411330180398387122e-09
1.582118658060942790e-09 7.445171500445818161e-08
2.087201729781872847e-07 -1.718965718109145090e-07
-4.081466272755083241e-07 1.300161265095752575e-07
3.846165721437062514e-07 -2.730325513872490701e-08
-2.304870804832370512e-07 -2.395375637584113380e-08
9.892840245174081574e-08 2.447627905376420851e-08
-3.256748263787026872e-08 -1.221406098905911759e-08
8.602388255397830333e-09 4.253714653015493975e-09
-1.882626211331660711e-09 -1.148932251467323462e-09
3.496687898662224888e-10 2.537005577243509910e-10
-5.615637923928117899e-11 -4.732195822436944262e-11
7.914866486241777681e-12 7.628432019784804758e-12
-9.909915622319103741e-13 -1.081052899211272160e-12
1.113755135618970347e-13 1.364025337981528249e-13
-1.127585907999467158e-14 -1.550094391730310927e-14
1.208525239972554155e-15 1.633482242501761980e-15
-3.202945974269717584e-15 -2.170796431418341876e-15
2.944343100248084714e-14 2.181312732327353532e-14
-2.456169303897256633e-13 -2.042959991876531391e-13
1.842332493857288630e-12 1.723640827204571826e-12
-1.227505117725958335e-11 -1.300800886617819206e-11
7.163441311176009834e-11 8.692403826456177662e-11
-3.597606688132847583e-10 -5.079393724980457363e-10
1.518491510144938485e-09 2.556013778547909283e-09
-5.205869101802156126e-09 -1.086526984218777460e-08
1.371257514257021858e-08 3.806179001354405635e-08
-2.475568406894325278e-08 -1.063047287118758213e-07
2.011023030516829234e-08 2.259685370927976653e-07
2.987844673385922858e-08 -3.405944702150496182e-07
-1.098676833489938959e-07 3.215275348841628442e-07
1.246447419711890801e-07 -1.410425808964005813e-07
-4.460900036030860461e-08 -5.672693998918684496e-09
-6.632178949267753480e-09 9.944393169451236473e-09
3.054274550439335624e-10 2.533159398497060993e-09
1.877329766630882641e-10 4.609883190401788974e-10
2.255042635672034930e-11 7.392378567840999100e-11
-9.253606013193120311e-13 1.610389274766811687e-16
2.255075679627636862e-11 -7.392434466636213727e-11
1.877328735005597965e-10 -4.609884121577760328e-10
3.054275048358318934e-10 -2.533159234054316637e-09
-6.632178825238849831e-09 -9.944392889583938984e-09
-4.460900035046567148e-08 5.672694180252519413e-09
1.246447418484521797e-07 1.410425809326643911e-07
-1.098676836489198981e-07 -3.215275347203242788e-07
2.987844681465705953e-08 3.405944702698514853e-07
2.011023013340377492e-08 -2.259685371343634514e-07
-2.475568395849833231e-08 1.063047286559354759e-07
1.371257480943001141e-08 -3.806179019872805719e-08
-5.205869127778874871e-09 1.086526999113808824e-08
1.518491459501641347e-09 -2.556013802698551139e-09
-3.597605340453999290e-10 5.079392977987946245e-10
7.163440799434839263e-11 -8.692412094457329243e-11
-1.227507958425983863e-11 1.300813004388462653e-11
1.842418683709543988e-12 -1.723686225550456326e-12
-2.456557747632955024e-13 2.043354888641435500e-13
2.933273421480669171e-14 -2.192057094829655838e-14
-3.229015194815583091e-15 2.158686116739359299e-15
-8.387203779897393257e-16 1.448546527628438264e-15
8.673893627311562389e-15 -1.354571979708744387e-14
-8.278461630839847239e-14 1.143885697910033294e-13
7.091539390898724530e-13 -8.723791891190696331e-13
-5.438518410285065609e-12 5.917925873331118332e-12
3.693639015503421069e-11 -3.525073127049747893e-11
-2.194185661550244157e-10 1.813178308240865966e-10
1.122680561821088481e-09 -7.877575761130105255e-10
-4.852624115813927078e-09 2.802902957878317154e-09
1.727844662573771254e-08 -7.788115126308764217e-09
-4.898971973555317788e-08 1.548897410633244870e-08
1.053843558142139442e-07 -1.744428266722365613e-08
-1.595355466745253975e-07 -2.963004734133672552e-09
1.482185140787089708e-07 4.230639435853510525e-08
-5.885810111415471547e-08 -5.324074800969208764e-08
-8.213765876287747527e-09 1.682284485088292812e-08
4.102862745951436956e-09 4.751250865274027704e-09
1.514441289769799308e-09 3.172880922476865756e-10
2.915782105103607479e-10 -2.490303292877810992e-11
3.416604678580580927e-11 -6.559780297752287254e-13
2.311902450094871795e-12 1.523519753185260245e-16
3.416594317753379471e-11 6.556540292648471506e-13
2.915782492730050224e-10 2.490315211705835100e-11
1.514441234057519111e-09 -3.172882522417967284e-10
4.102862831338531288e-09 -4.751250729525057555e-09
-8.213765968204048922e-09 -1.682284509921358260e-08
-5.885810085740418622e-08 5.324074787216307362e-08
1.482185142426515625e-07 -4.230639423760971708e-08
-1.595355464744091786e-07 2.963004596997214872e-09
1.053843558896688832e-07 1.744428280688574396e-08
-4.898971968124731483e-08 -1.548897419577289760e-08
1.727844655907260647e-08 7.788115282727243276e-09
-4.852624008095483244e-09 -2.802903195994174910e-09
1.122680567839201116e-09 7.877577770951454984e-10
-2.194187540134041982e-10 -1.813177850943012860e-10
3.693651331021339692e-11 3.525069711426240925e-11
-5.438532798214045822e-12 -5.917865053078763893e-12
7.092147538572386975e-13 8.724514630511798857e-13
-8.280663406041320492e-14 -1.143962057209251054e-13
8.629398254671981066e-15 1.344320338759260141e-14
-9.908053313234453896e-16 -1.521905134494569720e-15
5.288427469200568646e-15 3.139342645943819777e-15
-4.603522189413709492e-14 -3.070266201717108312e-14
3.687014223868855527e-13 2.761014612037119446e-13
-2.648116729809961918e-12 -2.231377382947795106e-12
1.685735485605208980e-11 1.608503817320394739e-11
-9.378025746773416087e-11 -1.022842023591441574e-10
4.479294973463378713e-10 5.663385367016850747e-10
-1.794172315459452397e-09 -2.686748743015467302e-09
5.829411618992129035e-09 1.070128241924715119e-08
-1.458043265133909818e-08 -3.485419868089545421e-08
2.539670054311845490e-08 8.958934174375404983e-08
-2.271386216310432662e-08 -1.727666316784300987e-07
-1.296433867059444383e-08 2.310448944859660700e-07
6.170342935245146927e-08 -1.856549746947892988e-07
-6.106786388814856904e-08 6.108135355585524646e-08
1.479136308020109439e-08 8.354109243614901015e-09
3.665837440791070870e-09 -2.714809956058913981e-09
2.547402041555296318e-10 -8.058044825241618534e-10
6.823507340959066111e-12 -1.069951432236789044e-10
1.738029550955127399e-12 -6.225184156090207237e-12
1.255161837320838885e-13 2.210631299417574777e-16
1.738039861688310298e-12 6.225012109962805988e-12
6.823608549400645661e-12 1.069953912822448696e-10
2.547406696404348528e-10 8.058042532466080715e-10
3.665837667654695627e-09 2.714809935737610886e-09
1.479136312066843920e-08 -8.354109363830159588e-09
-6.106786375313544801e-08 -6.108135350988282442e-08
6.170342901983343640e-08 1.856549748282448983e-07
-1.296433871997397484e-08 -2.310448942819174212e-07
-2.271386226129801070e-08 1.727666318238365655e-07
2.539670034463939183e-08 -8.958934166524212919e-08
-1.458043268513580211e-08 3.485419868833067633e-08
5.829411902747511238e-09 -1.070128256751751906e-08
-1.794172206065396861e-09 2.686748768657380145e-09
4.479293685306932525e-10 -5.663385175606188905e-10
-9.378047465118744282e-11 1.022842436930939839e-10
1.685745385333423502e-11 -1.608502016428090385e-11
-2.648239465746996243e-12 2.231354515060953154e-12
3.687541265301866196e-13 -2.759164950625318613e-13
-4.594124767984171075e-14 3.074075183483278484e-14
5.293565302193423613e-15 -3.163630222997664394e-15
