9.982835955111174424e-16 -2.064011897188109188e-16
-1.956871764313729482e-16 -1.659631570276546800e-16
-6.659843331004841115e-16 6.116876235672371194e-16
-4.282199168928181982e-16 -4.913988183754893806e-17
2.695627413652467461e-16 -1.760828839566040388e-15
-1.653832238436102234e-14 2.247191732285430682e-14
2.466006440697210561e-13 -3.484320540574840108e-13
-3.557396455537443217e-12 5.213465344017067394e-12
4.805372369682785187e-11 -7.258007206359105983e-11
-6.030525147138221188e-10 9.398070791347522296e-10
6.991586363904915528e-09 -1.125989177932925429e-08
-7.443543785328222547e-08 1.240358630079936806e-07
7.233014166321807899e-07 -1.248022225845786961e-06
-6.370321363475853274e-06 1.138318186294522967e-05
5.082341386119711439e-05 -9.330589763403538165e-05
-3.732915386845452542e-04 6.779729191478559101e-04
2.586307855316612603e-03 -4.204673822373182490e-03
-1.629636912223034195e-02 2.038402501450964355e-02
8.095828128900441067e-02 -6.640320433580873538e-02
-2.644289102569375993e-01 1.100947216005727369e-01
4.419052408903036411e-01 0.000000000000000000e+00
-2.644289102572484063e-01 -1.100947216010735585e-01
8.095828128901826071e-02 6.640320433605720329e-02
-1.629636912220585113e-02 -2.038402501458668956e-02
2.586307855304745360e-03 4.204673822388711735e-03
-3.732915386880987811e-04 -6.779729191514033112e-04
5.082341386271597321e-05 9.330589763163635395e-05
-6.370321363530172650e-06 -1.138318186338083161e-05
7.233014153252190108e-07 1.248022225416612095e-06
-7.443544052819887919e-08 -1.240358637316871958e-07
6.991588680941056665e-09 1.125989217253803706e-08
-6.030520892873081173e-10 -9.398057463226186335e-10
4.805238664904714395e-11 7.257910313500107382e-11
-3.557082887824584457e-12 -5.214619087611054780e-12
2.463994142407844884e-13 3.516254176346095157e-13
-1.701709026682455534e-14 -2.175453032756518599e-14
3.693243103298716213e-16 1.786454421618233823e-15
1.960627975413397766e-16 -3.280961736596213971e-17
5.190272663277384203e-17 2.703357867284249995e-16
-3.083654272404830090e-16 9.172778531041250441e-16
5.226139156396817970e-16 8.416442323441175672e-16
1.334598382346383122e-16 -4.401262148541182759e-16
-3.391700087519703236e-16 -8.865488676634812030e-17
1.996584480752514558e-16 3.310987743045574525e-16
3.162298228077382832e-16 3.987451180748179075e-16
-5.950057808435646911e-15 -3.447989440526832420e-15
9.331783792134335889e-14 5.546484766578792848e-14
-1.425233430404733433e-12 -8.117464392133178496e-13
2.037939545437765950e-11 1.104132311629808281e-11
-2.708907317562148456e-10 -1.390644184365757299e-10
3.329835090350766350e-09 1.609831182225851931e-09
-3.760281368555336782e-08 -1.698993839388155559e-08
3.871003616497875658e-07 1.618709822000222462e-07
-3.599208439661221873e-06 -1.375186582846611347e-06
2.988653512558940396e-05 1.025353408380175250e-05
-2.185553877613705359e-04 -6.568061267391524433e-05
1.382844402506329309e-03 3.507110844677602843e-04
-7.397274187728911966e-03 -1.492084106124374338e-03
3.240741558171954251e-02 4.707494344595655397e-03
-1.108208072406238615e-01 -9.721023552832119136e-03
2.725661553650760571e-01 9.923698123826414294e-03
-4.122298078556791423e-01 -1.848813509606897673e-13
2.725661553654007974e-01 -9.923698123464897922e-03
-1.108208072407922407e-01 9.721023552650745123e-03
3.240741558177884230e-02 -4.707494344539001063e-03
-7.397274187744562642e-03 1.492084106108007438e-03
1.382844402510031859e-03 -3.507110844675117851e-04
-2.185553877601841748e-04 6.568061267382356149e-05
2.988653512495016514e-05 -1.025353408327177585e-05
-3.599208440366846481e-06 1.375186582584644385e-06
3.871003616689436394e-07 -1.618709816829766592e-07
-3.760281352340313757e-08 1.698993861549714826e-08
3.329834234058676129e-09 -1.609831280338176175e-09
-2.708900224415105027e-10 1.390640821185287004e-10
2.037919356642759992e-11 -1.104105911231163395e-11
-1.426013722500784072e-12 8.112414831882283981e-13
9.337838963393569965e-14 -5.589336210843188132e-14
-5.536035836816063397e-15 3.771094580047360322e-15
5.444446216061009673e-16 -1.314233104674330896e-16
-7.431275631427670732e-16 1.763086635145919432e-16
-1.244410065854594001e-16 -1.360732775772988894e-16
-6.526583574935886700e-16 3.385877288918875401e-16
-7.043615036297288824e-16 2.782011906167631552e-16
-1.357795464760687924e-16 1.689598347641540514e-16
3.521834391489222834e-16 -2.436578948919338298e-16
9.123825464616805510e-16 -1.118174646385208526e-15
-8.772145500535177818e-15 1.870267059485273993e-14
1.363272653708886895e-13 -2.882934360668186026e-13
-1.864525772496347557e-12 4.209942670112596951e-12
2.356829892934713971e-11 -5.735359465115135144e-11
-2.727837291779551274e-10 7.234820465569709218e-10
2.860332340871003264e-09 -8.397491332125213576e-09
-2.679621448442351516e-08 8.899738119003238945e-08
2.198720179775877043e-07 -8.531998619028970619e-07
-1.531350167555718022e-06 7.314003976277708014e-06
8.532952967127209568e-06 -5.524282484444056364e-05
-3.257529862953969515e-05 3.604719092496424951e-04
2.334269941928078024e-05 -1.976114825981553722e-03
8.338583358136139340e-04 8.715456630727431986e-03
-8.073871513383849147e-03 -2.877729432541588014e-02
4.540994480442851061e-02 6.270316487577559661e-02
-1.626678693141649645e-01 -6.900493866389709186e-02
3.058897095426046375e-01 3.088320531777304230e-13
-1.626678693143186472e-01 6.900493866367590767e-02
4.540994480455991938e-02 -6.270316487578700415e-02
-8.073871513449158016e-03 2.877729432544815641e-02
8.338583358365317996e-04 -8.715456630741273344e-03
2.334269941649976779e-05 1.976114825987334254e-03
-3.257529862938056138e-05 -3.604719092495482237e-04
8.532952967777576711e-06 5.524282484547099616e-05
-1.531350167042661061e-06 -7.314003976419486930e-06
2.198720187700602154e-07 8.531998622465068825e-07
-2.679621596342542495e-08 -8.899738125551880947e-08
2.860333000294674316e-09 8.397490866327980310e-09
-2.727826742510461554e-10 -7.234815786158315057e-10
2.356834961414052293e-11 5.735437942756442619e-11
-1.864457990869842902e-12 -4.211869736394497098e-12
1.368256355449431626e-13 2.876820322975265061e-13
-8.828241791029867110e-15 -1.880221477062694861e-14
3.160608127137729769e-16 6.809997039279725187e-16
3.789110568629615241e-17 8.879832404308057591e-17
2.811024646498827952e-16 -2.411708983190078837e-16
-4.725358076015971479e-16 -5.007495426329801418e-16
-4.000602454700386331e-17 3.950533280029262621e-16
3.955662648188151851e-16 2.016938692854948045e-16
-1.021133686370719671e-16 -1.049865571216173050e-16
-3.108902497883208941e-15 -1.552454993688051444e-15
4.789148677525015382e-14 1.883287600113828210e-14
-7.193136917750174335e-13 -2.627627720261690420e-13
1.008364394876951623e-11 3.342479710750459636e-12
-1.311726700289309791e-10 -3.867024171453184558e-11
1.572900808978934359e-09 4.015538105987203982e-10
-1.725820904931187446e-08 -3.662420762613149922e-09
1.717320393210100565e-07 2.827733265201397305e-08
-1.532839423680036727e-06 -1.706835287951556766e-07
1.210300059478264344e-05 6.096697542793769169e-07
-8.300770685933735226e-05 1.769208010654196982e-06
4.822090695136120879e-04 -5.254755556579436136e-05
-2.285215737359314395e-03 5.094672620286937658e-04
8.287615420977695324e-03 -3.219286445398796426e-03
-1.997266315041651766e-02 1.397018394760702990e-02
1.676876739771659269e-02 -3.867195787897072939e-02
6.847071705619489634e-02 5.318327512411782226e-02
-2.116996476440055064e-01 -3.137545657055694931e-13
6.847071705622138904e-02 -5.318327512394746548e-02
1.676876739771843844e-02 3.867195787903172227e-02
-1.997266315043281365e-02 -1.397018394766596540e-02
8.287615420985815565e-03 3.219286445424676766e-03
-2.285215737364061032e-03 -5.094672620342251485e-04
4.822090695136412529e-04 5.254755556719120001e-05
-8.300770685903910179e-05 -1.769208011300511920e-06
1.210300059540354231e-05 -6.096697538132941789e-07
-1.532839423540172741e-06 1.706835289247542322e-07
1.717320392520672920e-07 -2.827733233303709147e-08
-1.725820822981548855e-08 3.662420999083666856e-09
1.572900748086225472e-09 -4.015537062823393152e-10
-1.311726272912914157e-10 3.867068673005528403e-11
1.008415237594372357e-11 -3.341902738882089650e-12
-7.194525504601563609e-13 2.633210877856545406e-13
4.780115041931916259e-14 -1.911733701739941717e-14
-3.097336676455715166e-15 1.282584200053997391e-15
3.039132456952470277e-16 -1.963768195694330409e-16
2.412575778852413985e-16 2.903713647741766084e-16
3.201854369471995729e-16 -1.598060618251413743e-16
4.595135876416559412e-16 -1.413247573552055207e-16
2.213682946840698575e-16 -2.036901966227489082e-16
-2.212989074449942735e-16 -8.097692018355583971e-17
-2.446919282482326815e-15 7.068366723429281612e-15
3.229543447341562440e-14 -1.090755569080088843e-13
-4.157195228395911414e-13 1.573184560659143450e-12
4.773792846569200986e-12 -2.109286943606725941e-11
-4.846316235032618523e-11 2.614716304788009868e-10
4.181328974348219581e-10 -2.974689941955160010e-09
-2.802822823442768097e-09 3.080155912064228247e-08
1.013841996044281631e-08 -2.873302259363836884e-07
6.814013394198800688e-08 2.384008835376290926e-06
-1.795422084785102618e-06 -1.730471608348887067e-05
2.101196683007405515e-05 1.074624051927848648e-04
-1.735136346665583796e-04 -5.530019607795736434e-04
1.076423514220809343e-03 2.243637630980371833e-03
-4.929072218253349041e-03 -6.561423627944289703e-03
1.526752101015060176e-02 1.116314073699571120e-02
-2.330197426520703996e-02 -2.100007807206424187e-03
-2.419340737347666637e-02 -2.198550332630163501e-02
1.400272583406989568e-01 2.422063231204421185e-13
-2.419340737347139628e-02 2.198550332616806477e-02
-2.330197426526288071e-02 2.100007807201634182e-03
1.526752101020203457e-02 -1.116314073699139348e-02
-4.929072218278205894e-03 6.561423627947053118e-03
1.076423514228448848e-03 -2.243637630983526428e-03
-1.735136346683036740e-04 5.530019607796967003e-04
2.101196683028515270e-05 -1.074624051924699989e-04
-1.795422085091154680e-06 1.730471608396959236e-05
6.814013388246340179e-08 -2.384008835802075754e-06
1.013842059090946168e-08 2.873302262604869225e-07
-2.802823227893573570e-09 -3.080155942677438255e-08
4.181324178121202134e-10 2.974689686812791888e-09
-4.846311384728820395e-11 -2.614719266858992657e-10
4.773721360308614338e-12 2.109369072688851349e-11
-4.159016919287851698e-13 -1.572614519278471965e-12
3.271539411420300924e-14 1.090688870995114972e-13
-2.322283428425028666e-15 -6.915463917295250607e-15
1.027154756512553832e-16 2.537377273207915812e-16
-1.514802919796312268e-16 3.366693732271344331e-16
1.869985465715794408e-16 6.210506783615623070e-16
1.767636772197962765e-16 -2.536318394046103434e-16
-1.805536105948256621e-16 7.195344998446356762e-17
-6.112135060022532884e-16 -1.593414344282555607e-16
1.489566303515226652e-14 3.722941417850766062e-15
-2.209957024450828163e-13 -4.591462824172266071e-14
3.066410452762222955e-12 5.221612863205361747e-13
-3.939717596788287021e-11 -5.056952667710943516e-12
4.659410843189721932e-10 3.841173735398579820e-11
-5.033181951930645739e-09 -1.592940949474899207e-10
4.919669091796821196e-08 -1.249131525570909179e-09
-4.301010009972452881e-07 3.899820676465239127e-08
3.313790912529583212e-06 -5.542979116170626281e-07
-2.206547666630218299e-05 5.742527519346485661e-06
1.235777277513825799e-04 -4.680416535768310021e-05
-5.589405559470640586e-04 3.026454028579758605e-04
1.907065147816908559e-03 -1.516289276451308335e-03
-4.261246917321152849e-03 5.559320982506061291e-03
3.803656356378728488e-03 -1.321309241856481569e-02
4.497954780169586241e-03 1.454594745719184866e-02
9.390358619452943492e-03 3.588727591503889161e-03
-8.741137872299056810e-02 -1.621904313140587721e-13
9.390358619451135910e-03 -3.588727591419367362e-03
4.497954780197038240e-03 -1.454594745722497494e-02
3.803656356363671089e-03 1.321309241859905392e-02
-4.261246917316934869e-03 -5.559320982527973451e-03
1.907065147817937683e-03 1.516289276459784410e-03
-5.589405559467118013e-04 -3.026454028588297781e-04
1.235777277514585283e-04 4.680416535833411618e-05
-2.206547666658672846e-05 -5.742527519632454148e-06
3.313790912837676623e-06 5.542979115912771452e-07
-4.301010012300901984e-07 -3.899820664218419876e-08
4.919669022921204637e-08 1.249130996325037249e-09
-5.033181527620941473e-09 1.592940379989441990e-10
4.659411169212994911e-10 -3.841204845246160994e-11
-3.939762606699722929e-11 5.056425632504275001e-12
3.066332194136856555e-12 -5.226607177791063762e-13
-2.211794554590234448e-13 4.622066684303132493e-14
1.474145170021675634e-14 -3.643737937529907588e-15
-1.187383889615936233e-15 8.865359350564919045e-17
-1.236327648940242726e-16 -2.326160676828463116e-16
-2.340620832895661674e-16 2.155663965732497861e-16
-3.432030420576418397e-16 2.736752933473254591e-16
-2.892937059230515062e-16 2.132664819023261711e-16
-2.050183493522325403e-16 1.619678613241860746e-15
4.623727742543874775e-15 -2.886280743158382186e-14
-4.976398525106485607e-14 4.137437277507470123e-13
4.348568738732164683e-13 -5.504311685551660243e-12
-2.213054498578138241e-12 6.762904059183887969e-11
-1.404120600245572861e-11 -7.619343536954847202e-10
5.916417712304226430e-10 7.803871186711315571e-09
-1.016472272419031102e-08 -7.190528079855966465e-08
1.282363353224382406e-07 5.882310019280773230e-07
-1.303909270517007821e-06 -4.199951474072156584e-06
1.091901770490481143e-05 2.557294116884945104e-05
-7.495263522069620338e-05 -1.284200399593051726e-04
4.123436676076200845e-04 5.043727024169610777e-04
-1.740488216663591036e-03 -1.402493834807553696e-03
5.200303326417173543e-03 2.107058998770958060e-03
-9.269873551936249831e-03 7.318561946357710632e-04
5.969314777938100093e-03 -7.193527185585075860e-03
-5.101861455160411167e-03 2.703403076344177997e-03
5.076684918098735982e-02 9.636249933030773973e-14
-5.101861455158964408e-03 -2.703403076389676325e-03
5.969314777942651140e-03 7.193527185609342040e-03
-9.269873551955597202e-03 -7.318561946545093294e-04
5.200303326434140873e-03 -2.107058998763580281e-03
-1.740488216670736795e-03 1.402493834807219328e-03
4.123436676091802515e-04 -5.043727024171268522e-04
-7.495263522142463816e-05 1.284200399591716260e-04
1.091901770494734435e-05 -2.557294116905017752e-05
-1.303909270276334208e-06 4.199951474223765317e-06
1.282363349447456406e-07 -5.882310022771345183e-07
-1.016472270497515685e-08 7.190528147236344217e-08
5.916419523491841894e-10 -7.803870972138777048e-09
-1.404132239343340728e-11 7.619346346427495270e-10
-2.212949812028935655e-12 -6.762955583180986261e-11
4.348693898623021102e-13 5.504026542884800733e-12
-5.009283692924075278e-14 -4.133997587385255626e-13
4.589598472454978278e-15 2.877408969897052289e-14
-2.223186063840762648e-16 -1.827516231605828975e-15
3.193644653268956381e-16 -2.274497610753815185e-16
-1.670730082691056065e-16 -6.119476384430357282e-16
7.822716154016624770e-17 1.466322151051965481e-16
-7.299179479157753878e-17 -2.223573838479981746e-16
3.206107214233046211e-15 4.974772636487233248e-16
-5.185035598582762181e-14 -4.163631398903726230e-15
7.140910887095001811e-13 2.654283777094435961e-14
-9.133266340182843009e-12 8.081759427359765603e-14
1.074464488477544355e-10 -6.462566070990291411e-12
-1.154086341234851536e-09 1.357008232950897275e-10
1.121128348098657333e-08 -2.051406559478628919e-09
-9.735498826529098053e-08 2.522218492038630643e-08
7.444837590940247704e-07 -2.607233275081373081e-07
-4.915167985632350100e-06 2.279292318268521529e-06
2.725012125823658056e-05 -1.671469120843182640e-05
-1.216487853451117350e-04 1.008138240709013190e-04
4.066370501285103954e-04 -4.834788062749947077e-04
-8.644084887760996672e-04 1.741508025133564836e-03
5.082827413556075284e-04 -4.237617339172907588e-03
2.497861560703943436e-03 5.383007813713080840e-03
-4.986560433374868234e-03 -2.057458212335916447e-04
3.649268725347556974e-03 -3.154539511757364825e-03
-2.707332312938157473e-02 -5.296846689532178544e-14
3.649268725345768908e-03 3.154539511779140375e-03
-4.986560433383791652e-03 2.057458212276695698e-04
2.497861560719246733e-03 -5.383007813720031010e-03
5.082827413467581618e-04 4.237617339183120772e-03
-8.644084887740712334e-04 -1.741508025139889638e-03
4.066370501279008027e-04 4.834788062766868220e-04
-1.216487853447068939e-04 -1.008138240714264659e-04
2.725012125837741504e-05 1.671469120871412216e-05
-4.915167985605844745e-06 -2.279292318544548814e-06
7.444837593345787393e-07 2.607233274088649408e-07
-9.735498750452296559e-08 -2.522218421980180881e-08
1.121128322424286336e-08 2.051406607431878043e-09
-1.154086291119100001e-09 -1.357005121316554287e-10
1.074467324163145756e-10 6.462878212561383225e-12
-9.133215779104601988e-12 -8.048438665827517504e-14
7.144650444511124615e-13 -2.672402043122019649e-14
-5.167476900711398109e-14 4.069362728794300085e-15
3.629338139921034494e-15 -2.832604279631837863e-16
-8.781488631042848217e-17 1.083262320880528812e-16
3.179179334126162448e-16 -1.110223042738978181e-16
2.379961750337948212e-16 -2.458541344072920078e-16
2.902766808018460602e-16 1.173497606654894125e-16
3.022004817250588628e-17 -5.810070976554226360e-15
-3.984485803094692262e-17 8.772177582787431143e-14
-5.374277845966273501e-14 -1.164980031280245778e-12
1.385529265782590361e-12 1.428800531122293324e-11
-2.473725131912810554e-11 -1.606701152198740365e-10
3.591822861901098171e-10 1.642739716170465869e-09
-4.436754185157505050e-09 -1.511227194532595946e-08
4.725031206089426046e-08 1.234579656216922442e-07
-4.337142522849203927e-07 -8.804899560770331641e-07
3.400601170918528357e-06 5.356129577636382933e-06
-2.239168944389903504e-05 -2.686552023048452615e-05
1.205407823851764154e-04 1.051744797546259928e-04
-5.086588802537712894e-04 -2.883583408386090788e-04
1.568100499938867871e-03 3.935202202966772895e-04
-3.076011755102420718e-03 4.464308615326078341e-04
2.557761429696670582e-03 -2.574974126328441904e-03
1.377349581566698813e-03 2.001765372876685226e-03
-2.691140599519051008e-03 1.796162977855057579e-03
1.308366901438576431e-02 2.591938720092463789e-14
-2.691140599518200126e-03 -1.796162977865768413e-03
1.377349581571260702e-03 -2.001765372879688032e-03
2.557761429697638124e-03 2.574974126339010273e-03
-3.076011755109281549e-03 -4.464308615410914451e-04
1.568100499943268430e-03 -3.935202202938271388e-04
-5.086588802555442853e-04 2.883583408381349572e-04
1.205407823856087952e-04 -1.051744797545671342e-04
-2.239168944392247413e-05 2.686552023050494303e-05
3.400601170665295152e-06 -5.356129577410607995e-06
-4.337142519735014769e-07 8.804899560590572191e-07
4.725031199822106184e-08 -1.234579658933916146e-07
-4.436754141661784182e-09 1.511227178838181209e-08
3.591824339984117520e-10 -1.642739894586024748e-09
-2.473723256105300733e-11 1.606704356825945323e-10
1.385351846597258867e-12 -1.428788132954451641e-11
-5.359266619057394669e-14 1.164827467673991048e-12
-1.889444744701212942e-16 -8.758623759195210842e-14
1.951911200799993882e-16 6.281297090601338669e-15
-3.702871464391210514e-17 -1.324414425241690712e-17
1.877763685463589636e-16 3.209584272709406087e-16
-7.599252784625320522e-17 -1.449671665703661110e-16
5.835226474001070172e-16 -5.054193103365405362e-17
-9.697786258315666830e-15 2.730725751166900778e-16
1.396349419698695151e-13 -1.090036233901303784e-14
-1.786367208402840935e-12 2.288880905120369920e-13
2.104215392984549903e-11 -3.881867275467296401e-12
-2.264110293454383167e-10 5.623342448982787434e-11
2.204665091806736005e-09 -7.099799402374541934e-10
-1.920459540538577196e-08 7.855596768780540902e-09
1.474591353079434706e-07 -7.596717653763213819e-08
-9.786094315148929587e-07 6.365333988309286150e-07
5.460016776720679457e-06 -4.554820121147581549e-06
-2.454181954930249738e-05 2.723778164816269284e-05
8.232166600908739831e-05 -1.318151095097002420e-04
-1.706724355418538796e-04 4.910857736576414688e-04
4.285861905922762880e-05 -1.292425507829867174e-03
8.629352180804140829e-04 2.001464456871803084e-03
-1.957776619483353551e-03 -8.789608783041754020e-04
4.054940948445407540e-04 -1.091918200134218324e-03
1.718925493781259641e-03 -5.165073543738619944e-04
-5.663107752671757075e-03 -1.117684061231570778e-14
1.718925493782100982e-03 5.165073543797399965e-04
4.054940948431003914e-04 1.091918200135685683e-03
-1.957776619489462380e-03 8.789608783026390875e-04
8.629352180870263067e-04 -2.001464456873804521e-03
4.285861905620832226e-05 1.292425507833252487e-03
-1.706724355407496468e-04 -4.910857736590426917e-04
8.232166600845055150e-05 1.318151095100588419e-04
-2.454181954927585650e-05 -2.723778164860401056e-05
5.460016776776432860e-06 4.554820121067934194e-06
-9.786094319073667336e-07 -6.365333987268701939e-07
1.474591352284548283e-07 7.596717610812535491e-08
-1.920459507798507493e-08 -7.855597127460515276e-09
2.204665138520471524e-09 7.099798987244982819e-10
-2.264115256462445388e-10 -5.623353793880569807e-11
2.104221372210475799e-11 3.881540444331910749e-12
-1.786427056563465919e-12 -2.284645504197612626e-13
1.395768671610236631e-13 1.095390154439293415e-14
-1.014126901622101567e-14 -3.590547114109181352e-16
5.227162907096826593e-16 -2.778404175601533121e-17
-2.160468551948162800e-16 1.097450862635540535e-16
-1.451468899680789601e-16 3.044466243096491980e-16
-4.293493009430479531e-16 -9.569409525889108869e-16
1.759184198077232160e-15 1.575106669457562792e-14
-3.342756102799756317e-14 -2.132769301834145891e-13
5.571567770561158179e-13 2.623751297352627782e-12
-8.148653912837342929e-12 -2.962713316447551834e-11
1.056703439703514947e-10 3.044245620349059401e-10
-1.216378464732033991e-09 -2.817625738661748292e-09
1.238153841906987120e-08 2.319028365843564393e-08
-1.105462913031943974e-07 -1.669012841121427067e-07
8.549708026614034894e-07 1.026497669996863919e-06
-5.626627923786089154e-06 -5.215097145480894028e-06
3.072030229142925806e-05 2.068200009504336085e-05
-1.340634512751579422e-04 -5.684602503262762028e-05
4.409681797312500350e-04 6.901340819080678285e-05
-9.837502100773025913e-04 1.769830519579442094e-04
1.157474623296683063e-03 -9.185752964862077975e-04
-6.097624075293263190e-05 1.230899620933552331e-03
-5.658290308633261156e-04 1.360124846423435888e-04
-8.634352926318654246e-04 -1.261051796728897116e-04
2.181670697113224922e-03 4.534986914870845839e-15
-8.634352926324176088e-04 1.261051796717686194e-04
-5.658290308642731662e-04 -1.360124846425075744e-04
-6.097624075028978068e-05 -1.230899620936327021e-03
1.157474623297902140e-03 9.185752964913141728e-04
-9.837502100796004494e-04 -1.769830519607257843e-04
4.409681797324879770e-04 -6.901340819047799854e-05
-1.340634512751952387e-04 5.684602503227982856e-05
3.072030229144957330e-05 -2.068200009472743450e-05
-5.626627923578688901e-06 5.215097145332364259e-06
8.549708027276317250e-07 -1.026497669999122955e-06
-1.105462912356960491e-07 1.669012843171575818e-07
1.238153829336511783e-08 -2.319028363236210700e-08
-1.216378150602280049e-09 2.817625602110275222e-09
1.056703079994879804e-10 -3.044249386475371602e-10
-8.148427957367779579e-12 2.962709009876578431e-11
5.570092974011322721e-13 -2.623979339518289104e-12
-3.332502901454605912e-14 2.130760713422228742e-13
1.623179929739373070e-15 -1.609702924762278868e-14
-5.375610322185640003e-17 9.298045152581354215e-16
-1.645661153811017002e-16 -2.588982725071731041e-16
8.694599175293547930e-17 -3.596477418975428025e-18
-1.540066446343600363e-15 2.517967018270963935e-16
2.371857343854664068e-14 -4.230810826944380871e-15
-3.087344342608276420e-13 7.267680699137502387e-14
3.659565030019924354e-12 -1.087290874787175279e-12
-3.966697156897703084e-11 1.458166509191527685e-11
3.895841906949355926e-10 -1.752613745105504296e-10
-3.428165758763618820e-09 1.879942074660062541e-09
2.663997721451292521e-08 -1.786374451147527808e-08
-1.793195068696833776e-07 1.487613530288881392e-07
1.017172248514893009e-06 -1.069648620016210592e-06
-4.656177849688791099e-06 6.506701459331865175e-06
1.585670554597028582e-05 -3.253695821439430715e-05
-3.213598142397683263e-05 1.281794532145920970e-04
-8.270620594296946898e-06 -3.713438857641854674e-04
2.835961359666493435e-04 6.936274678152336455e-04
-7.828577889542262525e-04 -5.756869057650620784e-04
6.504877665739621255e-04 -2.302491209712126722e-04
2.257315485222548637e-04 2.095392619274335871e-04
2.966222640416504353e-04 2.570880933156326621e-04
-7.575823510159876775e-04 -1.744608275684768616e-15
2.966222640431407254e-04 -2.570880933160997906e-04
2.257315485227067049e-04 -2.095392619275219766e-04
6.504877665746536296e-04 2.302491209725157748e-04
-7.828577889578775201e-04 5.756869057641900546e-04
2.835961359689609168e-04 -6.936274678159304622e-04
-8.270620595627290069e-06 3.713438857649463062e-04
-3.213598142337214598e-05 -1.281794532145826102e-04
1.585670554617130707e-05 3.253695821480515879e-05
-4.656177849951058758e-06 -6.506701459423725899e-06
1.017172248906592596e-06 1.069648620093497266e-06
-1.793195068984476900e-07 -1.487613525215248271e-07
2.663997700867994856e-08 1.786374471503584401e-08
-3.428165641480016137e-09 -1.879941821132153693e-09
3.895844789443323162e-10 1.752615083206609481e-10
-3.966734258320871296e-11 -1.458143619113706179e-11
3.659721736170056622e-12 1.086830639623852350e-12
-3.087411342654703652e-13 -7.255757767119805684e-14
2.396862768775727827e-14 4.375350385121566148e-15
-1.511541016077629079e-15 -2.405312459744550353e-16
2.827835118350168223e-16 -1.956807342689283057e-16
3.200333068287124937e-17 -1.656426680569164261e-16
7.984253208041444874e-16 2.445164596430613883e-15
-9.139276087845930486e-15 -3.473184211484320716e-14
1.378777525915344457e-13 4.338548193905033250e-13
-1.910683213168647419e-12 -4.939019990397514009e-12
2.391692826730766435e-11 5.125478437850214452e-11
-2.694323469976996735e-10 -4.798913460763284253e-10
2.713045679043679580e-09 4.003445794110884496e-09
-2.419048700915759078e-08 -2.927340876614854143e-08
1.886005123010972494e-07 1.834019275732647948e-07
-1.264311934248603109e-06 -9.515301648442200142e-07
7.122956751064085406e-06 3.854528826446516239e-06
-3.265535515551175528e-05 -1.067207576256570432e-05
1.160512852303661991e-04 1.068588238169920196e-05
-2.946922959897384600e-04 5.923587485175976585e-05
4.517273914763292927e-04 -3.075592206806688892e-04
-2.216046978086320593e-04 5.806510937060787659e-04
-2.584344888952500616e-04 -2.771145751547806984e-04
2.668340402328647085e-05 -1.672267486647852509e-04
-2.702961782177508819e-05 -1.672588040681788639e-04
2.537240381464927314e-04 -3.684227261971784101e-18
-2.702961782240149616e-05 1.672588040681430039e-04
2.668340402291206873e-05 1.672267486658599392e-04
-2.584344888964767279e-04 2.771145751548794150e-04
-2.216046978083605209e-04 -5.806510937082306903e-04
4.517273914766032164e-04 3.075592206824603707e-04
-2.946922959905306323e-04 -5.923587485238997191e-05
1.160512852309262166e-04 -1.068588238125224300e-05
-3.265535515550682894e-05 1.067207576230124539e-05
7.122956750722637954e-06 -3.854528826464810457e-06
-1.264311934017888063e-06 9.515301651251603022e-07
1.886005125388809970e-07 -1.834019275333888924e-07
-2.419048697552741816e-08 2.927340841700029003e-08
2.713045589012574086e-09 -4.003445724853827825e-09
-2.694322279865472909e-10 4.798917985511698298e-10
2.391677519356468938e-11 -5.125461031442569992e-11
-1.910477150431239106e-12 4.939259655654843652e-12
1.379743886672380006e-13 -4.335523788978535821e-13
-9.102152527007930400e-15 3.507056595801177526e-14
6.006503960017423528e-16 -2.564043157555249029e-15
-1.341947152449134215e-18 3.469649062175984511e-16
-2.978482575586505918e-16 2.656122400919706189e-17
3.601523829033031951e-15 -1.029794992086679488e-15
-4.826967931331840491e-14 1.608398302986155505e-14
5.802484337742248213e-13 -2.333622282883442916e-13
-6.360528753582592182e-12 3.049174911477786547e-12
6.329799352699149689e-11 -3.612700102587498143e-11
-5.654680680049131518e-10 3.854126888060268813e-10
4.471368535878397388e-09 -3.671835849998836911e-09
-3.070711680787258473e-08 3.090479012117364527e-08
1.781940683060963419e-07 -2.266000450346697818e-07
-8.358831555514369786e-07 1.420805198902548572e-06
2.902986224647881093e-06 -7.428385820535293183e-06
-5.679323862204523242e-06 3.123945109030661142e-05
-6.058433156724193564e-06 -9.997022824942769308e-05
8.649038937646995751e-05 2.208238677822735394e-04
-2.807714013424455774e-04 -2.686399727427358488e-04
3.859069649837941940e-04 3.479976761310060913e-05
-7.758410402590963911e-05 1.905673705856714638e-04
-8.548509326330923797e-05 3.896820632513193708e-05
-4.630965016498637650e-05 5.683287141508766566e-05
-9.474401073798864993e-05 1.810021838822034145e-17
-4.630965016429185692e-05 -5.683287141567331779e-05
-8.548509326326039466e-05 -3.896820632512383267e-05
-7.758410402603590800e-05 -1.905673705864837210e-04
3.859069649845635981e-04 -3.479976761200935287e-05
-2.807714013440667849e-04 2.686399727425113106e-04
8.649038937776147270e-05 -2.208238677825898554e-04
-6.058433157037250165e-06 9.997022824942186549e-05
-5.679323861798590325e-06 -3.123945109022253832e-05
2.902986224661392539e-06 7.428385820886315495e-06
-8.358831557402696334e-07 -1.420805199230907882e-06
1.781940685966664152e-07 2.266000449210899163e-07
-3.070711654929322533e-08 -3.090479017395749600e-08
4.471368407097156659e-09 3.671835634632256699e-09
-5.654683923673001053e-10 -3.854128275919924077e-10
6.329817095598870647e-11 3.612682310893654946e-11
-6.361035011741915296e-12 -3.049123103301567832e-12
5.800451986577290047e-13 2.330163398309515037e-13
-4.845094157332533003e-14 -1.625464109517845768e-14
3.526430078003043168e-15 1.098711190403842196e-15
-4.193657134833295462e-16 1.108904247546928406e-16
4.191120308847115972e-17 3.992278450137957714e-16
-2.042504875295766700e-15 -5.006068842623333988e-15
2.764082236849461488e-14 6.577451186327038896e-14
-3.741595566459954914e-13 -7.600317897921083550e-13
4.640314775296417805e-12 7.992433163257123818e-12
-5.215662333760637376e-11 -7.599089333268079067e-11
5.276628616704990406e-10 6.452135873510154599e-10
-4.760271698681315974e-09 -4.814279805303842366e-09
3.784165501226956491e-08 3.086587745559220554e-08
-2.610383408562378400e-07 -1.642700667349566735e-07
1.531181399988547400e-06 6.820570861427490582e-07
-7.427915443056284357e-06 -1.896805094306195469e-06
2.862376160627774224e-05 1.287489051858998500e-06
-8.219509471226690053e-05 1.766480446823477673e-05
1.561083024488734989e-04 -9.515593561653680737e-05
-1.417632177108591243e-04 2.297144776644183305e-04
-4.495432021067374216e-05 -2.316567235195279872e-04
1.112441126258987406e-04 -7.844236892833364162e-06
4.383993086588471808e-05 2.817880277760869112e-05
3.533409120022127514e-05 2.287459084187848968e-06
4.236451794946730857e-05 9.223666344439230751e-17
3.533409120009536539e-05 -2.287459084331956800e-06
4.383993086625823928e-05 -2.817880277772193264e-05
1.112441126259559459e-04 7.844236893127647125e-06
-4.495432021089689807e-05 2.316567235200834240e-04
-1.417632177105017984e-04 -2.297144776657910389e-04
1.561083024490403034e-04 9.515593561702057838e-05
-8.219509471290896506e-05 -1.766480446872381967e-05
2.862376160631064100e-05 -1.287489051746831009e-06
-7.427915442820501725e-06 1.896805094216560749e-06
1.531181399964935721e-06 -6.820570863456482833e-07
-2.610383407404211193e-07 1.642700668482102725e-07
3.784165502019662863e-08 -3.086587737831937500e-08
-4.760271631630483173e-09 4.814279719446890421e-09
5.276627525551210664e-10 -6.452138399680587639e-10
-5.215642528413809953e-11 7.599108152055931060e-11
4.640065519679044670e-12 -7.992637440011348506e-12
-3.743934930552203179e-13 7.598803873955683577e-13
2.765324180731738949e-14 -6.603424126185390567e-14
-1.972484379835475225e-15 5.279970897289247843e-15
4.599228270305615421e-17 -4.492714773390667859e-16
5.834828810348802354e-16 -1.906133158309365763e-16
-6.868706671206164528e-15 3.011811146765320148e-15
8.498780637274849380e-14 -4.275542727663323192e-14
-9.478482096026870389e-13 5.558363510483235887e-13
9.588568755829079063e-12 -6.591115240956283280e-12
-8.727422593663916335e-11 7.082337766698925311e-11
7.048537415307230704e-10 -6.837956616627921169e-10
-4.957465378785319950e-09 5.871816262592313298e-09
2.953973258067709988e-08 -4.426979428767957918e-08
-1.424223863423308542e-07 2.882081930266037905e-07
5.044105634778979798e-07 -1.584840699847614849e-06
-9.269579435354253942e-07 7.139628668774391852e-06
-2.234759034902276460e-06 -2.518604842729958406e-05
2.443458733554286185e-05 6.458848689163542041e-05
-9.105389121290756004e-05 -1.036246947682993249e-04
1.729029476821517257e-04 6.139631347025537478e-05
-1.246458076306445413e-04 6.524970996049192398e-05
-3.163887312624786104e-05 -5.203450627623039458e-05
2.350860166638984386e-07 -2.902280352645654447e-05
-1.073989987384761585e-05 -1.544318734287278343e-05
-1.943761861579416318e-05 -4.299116109036248082e-16
-1.073989987432559316e-05 1.544318734276111399e-05
2.350860167034084492e-07 2.902280352601041560e-05
-3.163887312645215861e-05 5.203450627616733467e-05
-1.246458076306511550e-04 -6.524970996133718155e-05
1.729029476827258921e-04 -6.139631347032525161e-05
-9.105389121335781565e-05 1.036246947682675036e-04
2.443458733586906101e-05 -6.458848689155825232e-05
-2.234759035198265771e-06 2.518604842719789267e-05
-9.269579433794040429e-07 -7.139628669074659102e-06
5.044105634896851844e-07 1.584840700101074635e-06
-1.424223864644263125e-07 -2.882081928549897802e-07
2.953973253188561653e-08 4.426979411646739342e-08
-4.957465221096047451e-09 -5.871816143344764225e-09
7.048539307071354395e-10 6.837959901445046066e-10
-8.727434069972402004e-11 -7.082310881160771450e-11
9.588876792097204076e-12 6.591093426936632062e-12
-9.477006972681850260e-13 -5.555895127207627922e-13
8.523018071051492491e-14 4.279502049838222463e-14
-6.914548197023073080e-15 -2.951623632217187611e-15
4.549589927054671898e-16 1.230509291296537104e-16
-3.161560100817880854e-16 -7.751781648482806906e-16
4.888316776234387763e-15 9.062166279473287997e-15
-6.521285525828159674e-14 -1.094153603641842553e-13
8.083786353341989755e-13 1.169594917559694045e-12
-9.156213691795377191e-12 -1.132006262180460860e-11
9.386081886742585091e-11 9.808635862051107308e-11
-8.630842660525183182e-10 -7.488438498232620653e-10
7.041245050388241701e-09 4.925601983895816951e-09
-5.026284524811189007e-08 -2.694453173517943428e-08
3.083588872945740003e-07 1.146930923929573211e-07
-1.587315113777601348e-06 -3.174922176187589590e-07
6.628877458503123529e-06 5.792567740445337341e-08
-2.134156532893355604e-05 4.798802642681703722e-06
4.850945643839493933e-05 -2.719012834135594371e-05
-6.389079224268015003e-05 7.955972113186231558e-05
1.553267130414731051e-05 -1.212132431220553584e-04
5.812963881717742503e-05 5.828670684146822732e-05
-1.729257323253193386e-05 2.895369668163660413e-05
-1.375434759430010825e-05 8.544348200899989465e-06
-2.171881598266189279e-06 9.248239143440674856e-06
7.370717030465386742e-06 1.356055099556020144e-16
-2.171881597763517153e-06 -9.248239143285965982e-06
-1.375434759424003328e-05 -8.544348201115598313e-06
-1.729257323225616704e-05 -2.895369668143403790e-05
5.812963881712810061e-05 -5.828670684132576316e-05
1.553267130384644780e-05 1.212132431221658115e-04
-6.389079224239591287e-05 -7.955972113198378688e-05
4.850945643835548115e-05 2.719012834139765500e-05
-2.134156532904882706e-05 -4.798802642552185608e-06
6.628877458532241981e-06 -5.792567755013253846e-08
-1.587315113599288419e-06 3.174922177007884354e-07
3.083588871395961407e-07 -1.146930922368929564e-07
-5.026284524469083649e-08 2.694453150599857346e-08
7.041245236145066773e-09 -4.925601823703224603e-09
-8.630843258239935011e-10 7.488440328687227831e-10
9.386076136147678322e-11 -9.808640749550682403e-11
-9.156124918358551091e-12 1.132021969289212770e-11
8.083788417459981266e-13 -1.169457267607696881e-12
-6.517699247211206465e-14 1.095186888281435336e-13
4.799571018453613148e-15 -9.176154601858369907e-15
-2.201144439605377852e-16 7.140178494868058545e-16
-9.262136193110361562e-16 5.583694725238820101e-16
1.151044124112711727e-14 -6.971639834135863473e-15
-1.323269107515453015e-13 9.137861024149118257e-14
1.366021572059395308e-12 -1.095160446015038828e-12
-1.269994529801073517e-11 1.193927970086427027e-11
1.050344805683189887e-10 -1.175844701741723692e-10
-7.584582664420475469e-10 1.036098007354467741e-09
4.650305543139529508e-09 -8.072672978716540812e-09
-2.306806476931904652e-08 5.479443986739348698e-08
8.306364204803205567e-08 -3.178077302947743835e-07
-1.366495765584365599e-07 1.534523363177551052e-06
-6.553791801146327535e-07 -5.942802892565551186e-06
6.405655876324749000e-06 1.741750147767838261e-05
-2.691285865483749833e-05 -3.474062775411442694e-05
6.488711690958063965e-05 3.573280922858746935e-05
-7.952446761438405605e-05 7.103865250677258552e-06
2.152706807712636316e-05 -4.223638202349253175e-05
1.893607469144069477e-05 9.884392306112278039e-07
8.123438657060212984e-06 3.928902925865445861e-06
4.013713270398912141e-06 -1.981789669820267477e-06
-1.815202223745858375e-06 3.797647083111095166e-16
4.013713270173479405e-06 1.981789669685653190e-06
8.123438656953790071e-06 -3.928902925074641502e-06
1.893607469190894136e-05 -9.884392308884911219e-07
2.152706807690577884e-05 4.223638202394747654e-05
-7.952446761456113337e-05 -7.103865250579482998e-06
6.488711690991969677e-05 -3.573280922860146234e-05
-2.691285865498484141e-05 3.474062775412373075e-05
6.405655876469937224e-06 -1.741750147752786147e-05
-6.553791804045504261e-07 5.942802892464797464e-06
-1.366495766933406122e-07 -1.534523363443317168e-06
8.306364182145250252e-08 3.178077299740637810e-07
-2.306806493189571815e-08 -5.479443946039195884e-08
4.650305452862614888e-09 8.072672804312729941e-09
-7.584581819085514945e-10 -1.036098346684772665e-09
1.050345822639430907e-10 1.175843628790981323e-10
-1.270026324352137817e-11 -1.193915384025128457e-11
1.366082027331455741e-12 1.094799815487324243e-12
-1.326932640483071974e-13 -9.147571616431544153e-14
1.166530724348960661e-14 7.005171296277428455e-15
-8.480608695583933580e-16 -3.510345919211433026e-16
8.407806202071306299e-16 1.235123864724629105e-15
-1.045189624434231639e-14 -1.464891655617603032e-14
1.298617776587729112e-13 1.622445740198688645e-13
-1.489764473502010306e-12 -1.600808436072570231e-12
1.555152231943126470e-11 1.417625360947929147e-11
-1.463944045936365910e-10 -1.108992755582288992e-10
1.230237526942103363e-09 7.491701414314201393e-10
-9.114617110802124748e-09 -4.213268041058643765e-09
5.859791995488584136e-08 1.834526979664882314e-08
-3.201840268235256574e-07 -4.976304424576408289e-08
1.445305228255747057e-06 -2.939170748521495105e-08
-5.171094109473934462e-06 1.202730874826624871e-06
1.371368715915969133e-05 -7.199552705583425630e-06
-2.361658376112056755e-05 2.466390870292400103e-05
1.711020325546055187e-05 -5.000646586040543651e-05
1.559676736668621347e-05 4.880083731382661152e-05
-2.670970774087076254e-05 -3.770971872896570411e-06
-4.460908231826313498e-06 -9.817045065896631473e-06
-5.604552559951103704e-07 -4.994593359402087123e-06
-1.863110667886061310e-06 -9.801302804734567809e-07
7.406210479218486246e-08 3.134500824971453394e-16
-1.863110667730469404e-06 9.801302803851017154e-07
-5.604552557896341535e-07 4.994593359938607956e-06
-4.460908231782787863e-06 9.817045065548272233e-06
-2.670970774076085493e-05 3.770971873193647312e-06
1.559676736707371072e-05 -4.880083731395334798e-05
1.711020325508472335e-05 5.000646586026662475e-05
-2.361658376118820822e-05 -2.466390870297985099e-05
1.371368715948252438e-05 7.199552705298083947e-06
-5.171094109447767921e-06 -1.202730874899862092e-06
1.445305228371111674e-06 2.939170745034961248e-08
-3.201840266651591366e-07 4.976304430430372101e-08
5.859792017811271237e-08 -1.834526964241596205e-08
-9.114617133183435132e-09 4.213267694595157583e-09
1.230237572475108248e-09 -7.491704249909175982e-10
-1.463943867977106068e-10 1.108992465522380204e-10
1.555143532316336293e-11 -1.417643962399532807e-11
-1.489792666535325270e-12 1.600642783324581016e-12
1.298555340233645684e-13 -1.622141353941476910e-13
-1.026072735636077349e-14 1.468562526655130723e-14
7.120546480538125560e-16 -1.190245390104742787e-15
1.441965108957512753e-15 -1.145846128421319703e-15
-1.740275727079831550e-14 1.383967470612155378e-14
1.837834604719011964e-13 -1.681356057253775254e-13
-1.749555554906561072e-12 1.869962961101493993e-12
1.484482709932287372e-11 -1.886503953438178263e-11
-1.102379473391357756e-10 1.712195447391052122e-10
6.962678033669405977e-10 -1.383028457033462829e-09
-3.552940660163967856e-09 9.810862217936619196e-09
1.293994485896623271e-08 -6.009017151376636739e-08
-1.744972677618114866e-08 3.107278623284734515e-07
-1.673531860899906228e-07 -1.315036465320486288e-06
1.561925157861231462e-06 4.348290831364782182e-06
-7.299967198719182012e-06 -1.038431280530134935e-05
2.127814089167112774e-05 1.508404087002136995e-05
-3.662709643200042620e-05 -5.741616191190095559e-06
2.780678636407881427e-05 -1.645101814891486493e-05
3.150168941738843779e-06 1.490631492930948568e-05
-3.859166535847852541e-06 4.810138132796434327e-06
-2.190684176599572094e-06 1.730565860216862280e-06
1.124291332595590587e-07 9.777829171759136601e-07
1.047620145259648106e-07 -1.405639571836847114e-16
1.124291332956460504e-07 -9.777829171810219040e-07
-2.190684176654662693e-06 -1.730565860291581174e-06
-3.859166535717654260e-06 -4.810138132559538694e-06
3.150168942149321027e-06 -1.490631492939462096e-05
2.780678636430549045e-05 1.645101814848901742e-05
-3.662709643216264995e-05 5.741616191401707260e-06
2.127814089158896893e-05 -1.508404087003667922e-05
-7.299967198831433360e-06 1.038431280548670557e-05
1.561925157822718991e-06 -4.348290831348498820e-06
-1.673531860648414470e-07 1.315036465207851446e-06
-1.744972687021378338e-08 -3.107278622912275600e-07
1.293994478108265170e-08 6.009017138286369873e-08
-3.552940406815237081e-09 -9.810861929782556848e-09
6.962678289918886900e-10 1.383028862634832900e-09
-1.102380877234522925e-10 -1.712197501778943953e-10
1.484496210885057304e-11 1.886511954522943982e-11
-1.749648516820473261e-12 -1.869727501707704804e-12
1.839799240364435595e-13 1.681697204232643454e-13
-1.738882733977796906e-14 -1.376322668015848453e-14
1.530787877210327277e-15 1.004078476922209298e-15
-1.574811478625591877e-15 -2.003591199607594222e-15
1.963449505186346691e-14 2.130754717133409731e-14
-2.283596133642374627e-13 -2.166419352477588799e-13
2.432637504315068640e-12 1.962532414149736101e-12
-2.350187366487019072e-11 -1.573683828674131507e-11
2.038368077401074866e-10 1.091757171528329215e-10
-1.569398384038546799e-09 -6.304861171173790095e-10
1.057657167159806394e-08 2.795858662429664924e-09
-6.127237833099015703e-08 -7.248467496335947975e-09
2.978560598929995652e-07 -1.326936247303161841e-08
-1.174269926298713252e-06 2.808523070888976773e-07
3.562503895987881005e-06 -1.776073097733617094e-06
-7.568786484942335117e-06 6.949500401940978421e-06
8.882376470482510048e-06 -1.752590358854014453e-05
5.138951783888810258e-07 2.561416353611133505e-05
-1.388961117318267255e-05 -1.447048860553738464e-05
7.216005146446274405e-06 -4.664982434665413660e-06
3.444602536666919764e-06 7.618505889234075505e-07
1.447812835573463334e-06 5.373998474443333758e-07
3.655773312297764025e-07 -2.747656308202529365e-07
1.700110119022988887e-08 7.772595578981451129e-17
3.655773311322793104e-07 2.747656301694399890e-07
1.447812835913575226e-06 -5.373998476638257646e-07
3.444602536668783236e-06 -7.618505887213403235e-07
7.216005146136308627e-06 4.664982434568089575e-06
-1.388961117323420265e-05 1.447048860523955770e-05
5.138951785527791482e-07 -2.561416353601035517e-05
8.882376470727009496e-06 1.752590358856592143e-05
-7.568786485226763699e-06 -6.949500401946651001e-06
3.562503895698803907e-06 1.776073097642097514e-06
-1.174269926325635347e-06 -2.808523070460906967e-07
2.978560595702980117e-07 1.326936242084937614e-08
-6.127237833758711433e-08 7.248467493249531969e-09
1.057657159004720085e-08 -2.795858523650251598e-09
-1.569398479719017530e-09 6.304863622448065505e-10
2.038367587213308784e-10 -1.091757600894688758e-10
-2.350190047416705712e-11 1.573691904449593274e-11
2.432803587204980405e-12 -1.962308689732219176e-12
-2.282903557529838370e-13 2.166452919782861860e-13
1.943174267786369919e-14 -2.145225307521537963e-14
-1.555092622055599857e-15 1.930943712049208885e-15
-2.136285818628053950e-15 2.071220319061527779e-15
2.333112505111130093e-14 -2.404868143096942945e-14
-2.281333066810707051e-13 2.734450421430247307e-13
1.989482991076462224e-12 -2.835967182883976827e-12
-1.521229571147744650e-11 2.658119768535588540e-11
9.904009956623900518e-11 -2.230754644698102431e-10
-5.194731022934543272e-10 1.656235300520849587e-09
1.900564017732255834e-09 -1.071698689655407814e-08
-1.728827402148642084e-09 5.927443606150398074e-08
-3.843182856891365054e-08 -2.729642230634977156e-07
3.546130358610665577e-07 1.007801600802800455e-06
-1.825494134788144501e-06 -2.808607386583882252e-06
6.234024730178589776e-06 5.258396627404695471e-06
-1.379503088447525565e-05 -4.615341055485355857e-06
1.707763387018392052e-05 -3.400147144324614980e-06
-6.592825206920123383e-06 1.032976097843669322e-05
-3.973210989526742978e-06 -2.807741559855946180e-06
-4.670370623399477415e-07 -1.959825752257136428e-06
-1.521950939829237537e-07 -8.369502710795191525e-07
-2.042580321839850971e-07 -9.555782394449680087e-08
-5.621097701928465272e-08 1.627143505862199587e-16
-2.042580323842243212e-07 9.555782377507818090e-08
-1.521950940122519519e-07 8.369502712307123102e-07
-4.670370622687491166e-07 1.959825752594075123e-06
-3.973210989598272369e-06 2.807741559790805535e-06
-6.592825206769277826e-06 -1.032976097828689036e-05
1.707763387039509261e-05 3.400147144160087301e-06
-1.379503088476786318e-05 4.615341055340215915e-06
6.234024730502163138e-06 -5.258396627245793784e-06
-1.825494134763160417e-06 2.808607386549632898e-06
3.546130357902453388e-07 -1.007801600819885533e-06
-3.843182843231371255e-08 2.729642228603463394e-07
-1.728827486020728447e-09 -5.927443585746760067e-08
1.900563747910980857e-09 1.071698660495352641e-08
-5.194731753973223984e-10 -1.656235377975772363e-09
9.904025845456926837e-11 2.230754909592818615e-10
-1.521230662084858518e-11 -2.658132329386140701e-11
1.989625451560290507e-12 2.835812238087385365e-12
-2.283122716354386318e-13 -2.735229471203668057e-13
2.330169457739143278e-14 2.390523362740678767e-14
-2.212063594994561632e-15 -1.927559343447437555e-15
2.838687148264924602e-15 2.876930324058683768e-15
-3.348279420339432484e-14 -2.815199985306087807e-14
3.640137785018726463e-13 2.625170764257319712e-13
-3.612125843794382705e-12 -2.157284527458336008e-12
3.236032987432917837e-11 1.535437059935883171e-11
-2.589548353118890195e-10 -9.083994271328743102e-11
1.827947370470700044e-09 4.075656469648531431e-10
-1.120356701026792352e-08 -9.696322656037892684e-10
5.839902671660056787e-08 -3.820941341694818230e-09
-2.516291164753628906e-07 6.173349066272121663e-08
8.593583352151334867e-07 -4.114533568366746801e-07
-2.168398787897429087e-06 1.804112002596871013e-06
3.479578038625003864e-06 -5.421628417678098113e-06
-1.853389179990441913e-06 1.051337957476882028e-05
-4.292911142315648507e-06 -1.088331735403802300e-05
7.017265602412904928e-06 2.342243439184308780e-06
-6.174249699147331721e-07 2.710516295406276026e-06
-8.900341028604073729e-07 7.230500822569030670e-07
-3.553614127600283307e-07 3.019608544333689090e-07
7.621166266539587296e-09 1.122809836454234647e-07
2.776320362895014741e-08 -2.818941432609399129e-17
7.621166626634978540e-09 -1.122809833760522835e-07
-3.553614127078437425e-07 -3.019608544469665407e-07
-8.900341027486018826e-07 -7.230500824361210508e-07
-6.174249698844930371e-07 -2.710516295425872557e-06
7.017265602450429334e-06 -2.342243439192887106e-06
-4.292911142475345558e-06 1.088331735383972073e-05
-1.853389179967677056e-06 -1.051337957466848075e-05
3.479578038849211791e-06 5.421628417623276447e-06
-2.168398787889595302e-06 -1.804112002436959028e-06
8.593583351699961598e-07 4.114533568560095835e-07
-2.516291165125545191e-07 -6.173349064668828584e-08
5.839902672188734386e-08 3.820941328810577735e-09
-1.120356710151845206e-08 9.696321960544607358e-10
1.827947510433417983e-09 -4.075656572864368148e-10
-2.589547415901152355e-10 9.083992481214381441e-11
3.236038743210239744e-11 -1.535447335678609566e-11
-3.612320380517635085e-12 2.157177221285540528e-12
3.639747386641895860e-13 -2.624955294338351360e-13
-3.339083768720312450e-14 2.831300479403174649e-14
2.827193065548423531e-15 -2.847634132394353512e-15
2.746104132107758082e-15 -3.280768931936338823e-15
-2.793219621529827507e-14 3.718932735266149685e-14
2.514920276288692271e-13 -3.982548927924723454e-13
-1.981277848271904374e-12 3.863674621492615342e-12
1.330354829750922026e-11 -3.374411093832576195e-11
-7.165247488770766628e-11 2.625010790911544577e-10
2.611771731337176360e-10 -1.794847073232473394e-09
-7.228835604833230301e-11 1.060554339204954280e-08
-8.023626944821845014e-09 -5.295687720146811611e-08
7.474026499828429639e-08 2.165801403501717611e-07
-4.208445867240726827e-07 -6.918019809005709054e-07
1.648822105475189536e-06 1.586964279546687057e-06
-4.461497235680408652e-06 -2.132322511165416986e-06
7.655194080732810247e-06 2.230710403227694607e-07
-6.547313209433729079e-06 4.067759646396606856e-06
2.866309349980866287e-07 -4.385539847733439055e-06
1.581871667772528222e-06 -2.801747571178900963e-07
5.897557687373701418e-07 2.796113722436781980e-07
2.385251655966879555e-07 8.788728443850770872e-08
4.817548353939139281e-08 -2.856740408021327900e-08
-3.861432341857422334e-10 -3.083215361725370325e-16
4.817548300207861690e-08 2.856740439820777441e-08
2.385251654380174557e-07 -8.788728475753035985e-08
5.897557687708272021e-07 -2.796113727831971572e-07
1.581871667532364523e-06 2.801747569719001562e-07
2.866309349964104563e-07 4.385539847838249217e-06
-6.547313209528251180e-06 -4.067759646240798533e-06
7.655194080747392766e-06 -2.230710404403759620e-07
-4.461497235829743949e-06 2.132322511092903343e-06
1.648822105706621595e-06 -1.586964279243174611e-06
-4.208445869035197890e-07 6.918019809208570269e-07
7.474026479538512423e-08 -2.165801402783148592e-07
-8.023626806242998172e-09 5.295687710994511428e-08
-7.228824364379245121e-11 -1.060554336856696551e-08
2.611769627207638920e-10 1.794847108583260064e-09
-7.165242949613802577e-11 -2.625009186794127043e-10
1.330361720656716400e-11 3.374408636540581216e-11
-1.981501397378054339e-12 -3.863638777065454221e-12
2.514868744650652515e-13 3.982591489473291401e-13
-2.792713816605758241e-14 -3.725840347995672693e-14
2.768617961736798752e-15 3.142186488947996126e-15
-4.860825288421108114e-15 -3.736040341910293537e-15
5.288940656901662524e-14 3.420491108776255667e-14
-5.394567230999139628e-13 -2.893380302531682299e-13
4.991715833689864815e-12 2.109327343306325988e-12
-4.149692477884477909e-11 -1.274461301206205258e-11
3.064032945330810417e-10 5.735516035163516395e-11
-1.981603981742567432e-09 -1.166279229265743163e-10
1.102535067920137605e-08 -9.251055558412139105e-10
-5.151996259459337423e-08 1.295633536342368769e-08
1.953719479011136488e-07 -9.070551360640978504e-08
-5.695207681511714130e-07 4.388066173198541531e-07
1.151006400325669767e-06 -1.524068821283433767e-06
-1.189307428905500919e-06 3.666077776215763639e-06
-6.719573743485037055e-07 -5.481508828044330526e-06
3.421798750453161694e-06 3.739382658829702360e-06
-2.551621999747845945e-06 5.177906377550161195e-07
-5.040271142671926860e-07 -7.898857193204820322e-07
-1.511459268271581424e-09 -3.708922623523007038e-07
-2.066016719191546896e-08 -1.367229729507602616e-07
-2.453256764529088463e-08 -1.581345900550170212e-08
-6.246407335260912990e-09 3.175554987933281964e-17
-2.453256753750008234e-08 1.581345893661407093e-08
-2.066016728432870242e-08 1.367229731740895773e-07
-1.511459184295467172e-09 3.708922625363834626e-07
-5.040271141082465299e-07 7.898857195207051626e-07
-2.551621999903923200e-06 -5.177906378080349822e-07
3.421798750673473269e-06 -3.739382658927842138e-06
-6.719573745039402864e-07 5.481508828083571021e-06
-1.189307428915156248e-06 -3.666077776037924413e-06
1.151006400525635188e-06 1.524068821223914880e-06
-5.695207681013701109e-07 -4.388066172176280231e-07
1.953719480529009736e-07 9.070551353533262993e-08
-5.151996273095427026e-08 -1.295633540887680244e-08
1.102535068695100953e-08 9.251054777579257604e-10
-1.981604096242800411e-09 1.166278695447158750e-10
3.064034931446556556e-10 -5.735513402238922501e-11
-4.149694816868965131e-11 1.274478247524006490e-11
4.991731864709814260e-12 -2.109274445825554382e-12
-5.394005688727227542e-13 2.892758030636847382e-13
5.281846950357974691e-14 -3.438276534469117756e-14
-4.775386019586620719e-15 3.725002961589526959e-15
-3.122202398647888160e-15 4.784517638103198470e-15
2.935415428217883298e-14 -5.135823363683120654e-14
-2.395211244918260703e-13 5.177110204663441390e-13
1.658538353042682683e-12 -4.713177680144999380e-12
-9.164543043035012609e-12 3.845464092065493327e-11
3.295187326314262734e-11 -2.779290012863539808e-10
2.065188192247214024e-11 1.753180895464108806e-09
-1.513278337258217441e-09 -9.468234701239446950e-09
1.442983014366949459e-08 4.264743290277040523e-08
-8.847346443951654536e-08 -1.542019275444132412e-07
3.921491789864917971e-07 4.202437189272487644e-07
-1.258338684742126243e-06 -7.572516904609710238e-07
2.770562740554185852e-06 5.429737758170757012e-07
-3.668301681968343049e-06 9.967310011978766741e-07
1.930635960218045118e-06 -2.570865720630486834e-06
7.033360853069240126e-07 1.333549026698916942e-06
-3.140191959463163196e-07 4.544698834767688178e-07
-1.911385538393339686e-07 9.139137585432923414e-08
-5.998209094784147128e-08 4.493430391096826254e-08
-1.317072653033578500e-09 1.498312615722097795e-08
2.672843947257258578e-09 1.463105514779825069e-16
-1.317072373930632293e-09 -1.498312614802489345e-08
-5.998209059932640347e-08 -4.493430370368007005e-08
-1.911385539029281170e-07 -9.139137573084584618e-08
-3.140191959231868145e-07 -4.544698836168841080e-07
7.033360854423634162e-07 -1.333549026847086721e-06
1.930635960121000130e-06 2.570865720481735143e-06
-3.668301681943367012e-06 -9.967310012176896218e-07
2.770562740758355944e-06 -5.429737757848946961e-07
-1.258338684883598957e-06 7.572516903315652476e-07
3.921491790786257413e-07 -4.202437187995134960e-07
-8.847346433736794535e-08 1.542019275741249600e-07
1.442983014662607136e-08 -4.264743274054622504e-08
-1.513278375005321117e-09 9.468234549058364360e-09
2.065192661874015653e-11 -1.753180910196237288e-09
3.295174967914072664e-11 2.779290508598948281e-10
-9.164457774103020608e-12 -3.845458057936160608e-11
1.658716728378393183e-12 4.713100966482586602e-12
-2.394411690849928563e-13 -5.177654495500878849e-13
2.937531654408992595e-14 5.143926472206056101e-14
-3.159714555596838938e-15 -4.546356809539056508e-15
7.728029773158877052e-15 4.547473048722219630e-15
-7.988822076713529042e-14 -3.859927407536569996e-14
7.645144677590541815e-13 2.890618016182783095e-13
-6.599994192569157094e-12 -1.778530969574286944e-12
5.092212742669299290e-11 7.952094222810605098e-12
-3.467471199267201306e-10 -1.203348572542927868e-11
2.051292230298766123e-09 -2.055232058909501246e-10
-1.032724857738067196e-08 2.657906585640299381e-09
4.299933321778740116e-08 -1.949821826233856802e-08
-1.418134270714744015e-07 1.028171446167097663e-07
3.435137681031919529e-07 -4.034480034441885624e-07
-5.104543473060220065e-07 1.152237109733083294e-06
1.244769720737507231e-07 -2.236707147106337253e-06
1.133920708190972478e-06 2.519538704102658254e-06
-1.901691406581895431e-06 -9.187995618447611959e-07
6.439749341912966933e-07 -6.221380239447833149e-07
3.156691173904035669e-07 7.450853168379379170e-08
9.365164048059619901e-08 7.612983074159817656e-08
3.682428704481157817e-08 1.741644902428215764e-08
7.205401944026838383e-09 -2.706730711008936469e-09
4.941712138514965240e-10 -8.860988176695771717e-17
7.205401787965250534e-09 2.706730546019491075e-09
3.682428697218269179e-08 -1.741644920025890704e-08
9.365164016344440543e-08 -7.612983085230376810e-08
3.156691175957782458e-07 -7.450853171965401679e-08
6.439749342345035263e-07 6.221380240246684745e-07
-1.901691406856391492e-06 9.187995617651891209e-07
1.133920708381368967e-06 -2.519538704110710996e-06
1.244769719372836568e-07 2.236707146872113162e-06
-5.104543474344610004e-07 -1.152237109704908860e-06
3.435137679574830689e-07 4.034480034618780514e-07
-1.418134271290641451e-07 -1.028171446076639176e-07
4.299933319165770528e-08 1.949821847517472374e-08
-1.032724853093298172e-08 -2.657906519664047401e-09
2.051292293818203175e-09 2.055229947355026484e-10
-3.467472785541895655e-10 1.203354864604561238e-11
5.092219701444612651e-11 -7.952043638609444476e-12
-6.599894929096955374e-12 1.778247279183840626e-12
7.644120762730782767e-13 -2.889651860120436724e-13
-7.988251443515365949e-14 3.875452534748410159e-14
7.711987976796146824e-15 -4.542227150289051428e-15
3.022869937164466063e-15 -5.936655065167273827e-15
-2.554408558332899037e-14 6.100476670369596686e-14
1.831185279529089104e-13 -5.804565583966642126e-13
-1.036134374738473854e-12 4.973123169762953877e-12
3.627545053960772405e-12 -3.801509244490283303e-11
7.010091637486632841e-12 2.559406194959392631e-10
-2.480347953046282639e-10 -1.492677059773535104e-09
2.444716191589358474e-09 7.376443102788464694e-09
-1.627833811826611214e-08 -2.993877164386542851e-08
8.088492695340079928e-08 9.506379918472022605e-08
-3.019159615237343473e-07 -2.157314178586009740e-07
8.174485118812745745e-07 2.725597895041984024e-07
-1.478898272261822139e-06 8.182825900760497588e-08
1.474187655799257335e-06 -9.254490674670218549e-07
-3.149419734693555641e-07 1.200959099128480064e-06
-4.451322347555834258e-07 -2.274102860170048230e-07
-3.208382288106934576e-08 -1.900117415411806339e-07
1.684916953261572192e-08 -6.769277846835695337e-08
-5.878721647200720358e-10 -2.192347028876201340e-08
-2.933220121853335847e-09 -2.807195018447077721e-09
-9.679393037963483718e-10 1.049669602098535918e-16
-2.933220079974157507e-09 2.807194998230320330e-09
-5.878721110574431363e-10 2.192347021041003972e-08
1.684916943875016445e-08 6.769277847452418702e-08
-3.208382281226549473e-08 1.900117413024087430e-07
-4.451322352310353011e-07 2.274102857197371808e-07
-3.149419733320133540e-07 -1.200959099197982718e-06
1.474187655779635817e-06 9.254490674097507810e-07
-1.478898272477047917e-06 -8.182825905265697752e-08
8.174485118076184953e-07 -2.725597892328368923e-07
-3.019159616527105719e-07 2.157314178175667276e-07
8.088492707856144482e-08 -9.506379904501327194e-08
-1.627833816164085950e-08 2.993877156191517616e-08
2.444716155959905201e-09 -7.376443097601540154e-09
-2.480346678875978405e-10 1.492676911867314475e-09
7.010202963174124584e-12 -2.559405259044867506e-10
3.627664329099382702e-12 3.801516051077503201e-11
-1.036167320542477248e-12 -4.973094324116560039e-12
1.830236917325475303e-13 5.805308838957084672e-13
-2.562499137439440454e-14 -6.099097952979247850e-14
3.060618884114202118e-15 5.855128489331702702e-15
-1.219469378485708470e-14 -5.433691900562997998e-15
1.199129808850327023e-13 4.071303540668427112e-14
-1.077155334312160183e-12 -2.556077252817998034e-13
8.691922144814437874e-12 1.128452237981711722e-12
-6.232727864964293968e-11 -8.994843259083947569e-13
3.916351361532208243e-10 -4.444286148317756121e-11
-2.117981054843923846e-09 5.539173411939193324e-10
9.621644864504757804e-09 -4.267189242627549505e-09
-3.544314944579904477e-08 2.438296367119835925e-08
9.991385931160368336e-08 -1.066246997844953370e-07
-1.912094934863611469e-07 3.518928931685298265e-07
1.585865360223536232e-07 -8.365520671798972418e-07
2.700231377609007370e-07 1.300877058656354298e-06
-9.355732094048573963e-07 -1.044206032766159258e-06
8.847142632337359275e-07 4.574247246357940338e-08
-6.136237694566891941e-08 3.115807601771301987e-07
-9.913405234581567591e-08 5.508908945966616866e-08
-3.841704076253834557e-08 6.662810015554200500e-09
-1.055012619871297549e-08 5.576156357003461120e-09
-7.061484380145766564e-10 2.123453043482063980e-09
3.471747640963115196e-10 -5.437388197566456198e-17
-7.061484516647951870e-10 -2.123452886190425473e-09
-1.055012650011915285e-08 -5.576156363916207845e-09
-3.841704049691606603e-08 -6.662810006957745837e-09
-9.913405229392240092e-08 -5.508908959389139684e-08
-6.136237663176686037e-08 -3.115807600303344126e-07
8.847142632915161741e-07 -4.574247261054669378e-08
-9.355732094476267368e-07 1.044206032994913422e-06
2.700231378683734420e-07 -1.300877058401423427e-06
1.585865361690746851e-07 8.365520673065289850e-07
-1.912094935205994892e-07 -3.518928930876411446e-07
9.991385939951012582e-08 1.066246997771983599e-07
-3.544314927551516080e-08 -2.438296370804763757e-08
9.621644945103623689e-09 4.267189026203789871e-09
-2.117981296321955221e-09 -5.539171693606106797e-10
3.916352372185702900e-10 4.444298771705659320e-11
-6.232730281170105137e-11 8.993486352197841702e-13
8.691867929925685472e-12 -1.128212983097914623e-12
-1.077070453505621760e-12 2.556094256247281875e-13
1.199129823428960976e-13 -4.081109450320062983e-14
-1.229373302226079069e-14 5.443908340799931036e-15
-2.055852079189915668e-15 5.422679529088561230e-15
1.508011295260157558e-14 -5.344413190220914640e-14
-8.765563759147423611e-14 4.817457393556777256e-13
2.927342187798070450e-13 -3.898225699597549957e-12
1.144318556475971859e-12 2.801570362243083310e-11
-3.017662410031737144e-11 -1.762980525214276338e-10
3.094438859044544877e-10 9.534313339210871681e-10
-2.233841774861168858e-09 -4.319104779646194482e-09
1.236726275366514238e-08 1.577579548183754014e-08
-5.302992081764199589e-08 -4.352742593058421405e-08
1.721053668805992176e-07 7.833382560152262363e-08
-4.003707121570942970e-07 -4.363546335866028449e-08
5.974125225318770715e-07 -1.837467540168761175e-07
-4.242871437818794992e-07 4.889501508882804961e-07
-6.206371333590279710e-08 -3.904014568565743394e-07
1.480765432340984856e-07 -3.134879512432565883e-08
5.075270146274362016e-08 3.770443066574608818e-08
1.373919694609379562e-08 1.913406236596157191e-08
5.662829842356839074e-09 4.068957970334957931e-09
1.116629096348069790e-09 -2.869526887222446634e-10
-3.309922289595546935e-11 1.301565027509902398e-16
1.116629288464185586e-09 2.869527479520786725e-10
5.662830136234220329e-09 -4.068957789670274080e-09
1.373919692371156541e-08 -1.913406243405139401e-08
5.075270150360826809e-08 -3.770443041377734447e-08
1.480765432951199832e-07 3.134879516624120334e-08
-6.206371340657829978e-08 3.904014569835762890e-07
-4.242871438620775845e-07 -4.889501508040999266e-07
5.974125226392366977e-07 1.837467541598319856e-07
-4.003707121770509226e-07 4.363546342952881142e-08
1.721053667733870282e-07 -7.833382571474709264e-08
-5.302992087802501594e-08 4.352742574447506794e-08
1.236726289514625331e-08 -1.577579549289168076e-08
-2.233841730415345857e-09 4.319104838153515487e-09
3.094437698243286660e-10 -9.534312977027937959e-10
-3.017669945686732992e-11 1.762979387812932721e-10
1.144211440536194560e-12 -2.801580975399845558e-11
2.928305327279425220e-13 3.898287045098609797e-12
-8.764854852615002291e-14 -4.818940611961994755e-13
1.519958928565422588e-14 5.342280560274542611e-14
-2.096555944319250345e-15 -5.430274398554442939e-15
2.011289579699119129e-14 6.312482852448026938e-15
-1.877045253484339900e-13 -3.940233581108320895e-14
1.591773084293023347e-12 1.722401920583778748e-13
-1.207411444817563890e-11 1.617708548530615728e-14
8.093382597811132474e-11 -9.914269275533078633e-12
-4.719534907099040256e-10 1.235183680754542185e-10
2.345195503913852569e-09 -1.009339463493040650e-09
-9.645509534816768137e-09 6.277903623378033981e-09
3.138194739529492634e-08 -3.060000449600494180e-08
-7.424889477329444569e-08 1.159240776247529608e-07
1.013748452556199848e-07 -3.302261082141204295e-07
2.314492506212279830e-08 6.630404261811653624e-07
-4.069857968186303080e-07 -8.225237231858007417e-07
7.199525673778276016e-07 4.228848180189668075e-07
-4.097240714628155626e-07 1.593994738855100860e-07
-6.326737495320720381e-08 -1.267416872049030540e-07
1.536908894801300752e-08 -4.565599685089089187e-08
7.163111054420029691e-09 -1.197290540029132179e-08
1.406197843471919299e-10 -3.009953901502149585e-09
-3.149513989655006442e-10 -1.347055715913898080e-10
7.794912709074916405e-12 -1.834133598727935343e-16
-3.149516067607191239e-10 1.347053688088474024e-10
1.406197034934588769e-10 3.009953787123563855e-09
7.163111053892650765e-09 1.197290556021560735e-08
1.536908897491274237e-08 4.565599676815767005e-08
-6.326737505303407329e-08 1.267416869323918820e-07
-4.097240713362387706e-07 -1.593994737372168780e-07
7.199525672556439460e-07 -4.228848180842951765e-07
-4.069857970621896557e-07 8.225237230081709446e-07
2.314492506785586801e-08 -6.630404261526393044e-07
1.013748452973089745e-07 3.302261081902559115e-07
-7.424889514415733961e-08 -1.159240777303932821e-07
3.138194702925105432e-08 3.060000450906041943e-08
-9.645509666913180844e-09 -6.277903672540950378e-09
2.345195542828260912e-09 1.009339270015852302e-09
-4.719537010907500820e-10 -1.235185475082494161e-10
8.093403999168135915e-11 9.914208659464441482e-12
-1.207415274659832290e-11 -1.624383315912753852e-14
1.591692426802609159e-12 -1.723955287595380743e-13
-1.877186196905783879e-13 3.937024736647165710e-14
2.030014612564516579e-14 -6.352264300728804546e-15
