3.395893582698528037e-18 -1.911336466428171294e-16
-4.881112763331980283e-16 3.045365101766908914e-16
3.032468175472012243e-16 -1.972078692009659558e-17
-8.406694755766627521e-16 6.293666410552088915e-17
-7.465464430219530935e-16 1.384316063421453828e-16
7.857951740819852392e-15 -5.628179653265747617e-15
-1.326645809385911686e-13 6.573055866541364153e-14
2.001166652517191918e-12 -8.334758636163935634e-13
-2.813815107426152707e-11 9.647105846674806744e-12
3.665577641624802964e-10 -9.771575716997113974e-11
-4.396790951456515303e-09 8.201458215984884806e-10
4.819133964166912436e-08 -4.870321821223501488e-09
-4.782466466188470827e-07 3.715027265087921708e-09
4.247155731015438235e-06 4.123821971884195340e-07
-3.324552611771410318e-05 -7.301657291397069653e-06
2.248691759130525621e-04 8.341373081193742393e-05
-1.278587050945780663e-03 -7.344663291279479025e-04
5.834510754584654527e-03 5.181983396483862483e-03
-1.890590749382337066e-02 -3.021737052751302319e-02
3.167311600082416828e-02 1.584136268587147123e-01
9.539413547123002379e-01 0.000000000000000000e+00
3.167311600083669992e-02 -1.584136268587185703e-01
-1.890590749382627458e-02 3.021737052750890495e-02
5.834510754586299044e-03 -5.181983396484005598e-03
-1.278587050944217027e-03 7.344663291267031300e-04
2.248691759141632730e-04 -8.341373081200270645e-05
-3.324552611850626195e-05 7.301657290326856230e-06
4.247155730329734571e-06 -4.123821971841314297e-07
-4.782466466313793587e-07 -3.715027468887470864e-09
4.819133938801254177e-08 4.870321932444667269e-09
-4.396790706428991535e-09 -8.201461942108166659e-10
3.665577412661816353e-10 9.771514216236653274e-11
-2.813853098868288102e-11 -9.647149739651470919e-12
2.001566732394520148e-12 8.337928560162403516e-13
-1.326300998240166365e-13 -6.467123764223233921e-14
8.652623466642220597e-15 4.334435124643129160e-15
-5.185221175205291249e-16 -3.902461730394464863e-16
-1.208321244132596167e-17 4.879772169165076929e-16
-4.317626673595578376e-17 -1.787628730785780948e-16
3.150946196224173136e-16 4.347933051393295078e-16
4.466390923184736017e-16 -1.685931483844199107e-16
-5.836036393906548880e-17 1.173293940022318420e-17
1.966660589302945479e-16 3.281535824587803546e-16
-3.823764101710137104e-17 -1.563526154626392013e-17
2.542367395589574989e-17 4.446854935509402633e-17
1.147218181885292431e-15 1.998624438267037574e-15
-2.028701926108135297e-14 -3.160090693218490957e-14
2.768896805459170926e-13 4.941883863761089502e-13
-3.498335428207380708e-12 -7.167418335196772955e-12
4.000273589029225691e-11 9.641334898174127476e-11
-4.061411318504447243e-10 -1.195365354012965562e-09
3.548603313863783377e-09 1.356036827032054482e-08
-2.502155847638771305e-08 -1.395182663963234646e-07
1.169954658019288290e-07 1.287930428447798827e-06
6.946016667119329601e-08 -1.052354200293263984e-05
-8.776835821971195063e-06 7.478156483127136893e-05
1.123570035194327194e-04 -4.512866450919612014e-04
-9.293209638207597205e-04 2.235209100607985205e-03
5.597818748935932433e-03 -8.613867981916047481e-03
-2.447283764430677883e-02 2.343976477330019306e-02
7.247290353373574134e-02 -3.540058025163732303e-02
-1.209547867362750634e-01 -2.306455662100319287e-15
7.247290353373163352e-02 3.540058025164295741e-02
-2.447283764430427735e-02 -2.343976477330300331e-02
5.597818748934965324e-03 8.613867981917724959e-03
-9.293209638204255694e-04 -2.235209100607993878e-03
1.123570035193701338e-04 4.512866450918326150e-04
-8.776835821774788452e-06 -7.478156483115806980e-05
6.946016645341810771e-08 1.052354200320504902e-05
1.169954658628595088e-07 -1.287930428157005005e-06
-2.502155871646128522e-08 1.395182665394454306e-07
3.548603422601805899e-09 -1.356036818159214953e-08
-4.061411981166453776e-10 1.195365294123779787e-09
4.000282506476064855e-11 -9.641344338042379856e-11
-3.498611811522988231e-12 7.167394323282908242e-12
2.766531724818612290e-13 -4.940342350108214726e-13
-2.021495423969651661e-14 3.170706774694520628e-14
1.357372693511542844e-15 -1.868269185387092502e-15
-3.678068136047097549e-16 1.997019986490518916e-16
1.974124225810996784e-16 1.738813601303998702e-16
-3.153159824309282736e-16 -1.862415018767243472e-16
-2.458658705106458725e-17 2.520224984635848640e-16
-1.967941181753164693e-16 2.435492946915915624e-17
3.024989356332333700e-16 -3.151569229674366593e-16
-4.717951071494571587e-17 1.650263606233889301e-16
1.219287730796211120e-17 4.909356421910217628e-16
5.778114818648246065e-15 -4.240584872742918161e-15
-9.009083326207230845e-14 6.477130187340067724e-14
1.348275041352040717e-12 -8.580925609170166230e-13
-1.868851365813448969e-11 1.052421905892572998e-11
2.393665839394723144e-10 -1.171848788721337828e-10
-2.813757877162819382e-09 1.166924534987409667e-09
3.010915613973370041e-08 -1.016982870157040014e-08
-2.903948216804763191e-07 7.479773049534996873e-08
2.493471011031778891e-06 -4.304351020830811758e-07
-1.876358321827217214e-05 1.515328816134836260e-06
1.212088934120962791e-04 2.580359556497992411e-06
-6.533106217951142490e-04 -9.069451430090786032e-05
2.818800252778254703e-03 7.928767735599264854e-04
-9.111466127224132627e-03 -4.259921427936234038e-03
1.956070459261282854e-02 1.454481846306100203e-02
-2.170997203932360439e-02 -2.577194127926468389e-02
2.044929768781901763e-04 7.606899845524552902e-16
-2.170997203932691771e-02 2.577194127926164119e-02
1.956070459261394223e-02 -1.454481846305839994e-02
-9.111466127224663453e-03 4.259921427935018864e-03
2.818800252777712602e-03 -7.928767735592632789e-04
-6.533106217959020303e-04 9.069451430075673609e-05
1.212088934123057199e-04 -2.580359555413346817e-06
-1.876358321789348743e-05 -1.515328816222510100e-06
2.493471010719288531e-06 4.304351023830335418e-07
-2.903948214138972100e-07 -7.479773034009151618e-08
3.010915584072293057e-08 1.016982902108333612e-08
-2.813757827319813697e-09 -1.166924157060412545e-09
2.393666099477509985e-10 1.171849317319872324e-10
-1.868834285538532095e-11 -1.052430938876472328e-11
1.348262508669382310e-12 8.578150538356760259e-13
-9.069246765771455351e-14 -6.409851807289500244e-14
5.611236144580608358e-15 4.391828566220968613e-15
-4.999755018485859908e-16 -4.923408050738521543e-16
-2.444413517907740959e-19 1.782617798139132705e-16
-1.260292045814328629e-16 -2.599159521501298152e-16
-7.898090181135237387e-17 1.286204730672309479e-16
3.397381361797321309e-16 -5.758374920420442185e-17
-9.717934237073095692e-17 -4.141385626358120418e-16
1.286961931168395504e-16 -1.344976738913369456e-16
5.893206992663989506e-16 4.439278305203912690e-16
-1.176276743157954142e-14 -1.378219768758700960e-14
1.660958485824707438e-13 2.095435133830017399e-13
-2.153720024302489894e-12 -3.005478137559035541e-12
2.564244221199568519e-11 3.993992110648445254e-11
-2.772366527772015037e-10 -4.885197684432035841e-10
2.687446711451208443e-09 5.458481052241888049e-09
-2.295853257627131551e-08 -5.521679627067437301e-08
1.684940188617037289e-07 5.001467560684902107e-07
-1.017827569798779358e-06 -4.000929131924286585e-06
4.626102027344446266e-06 2.776825251188934728e-05
-1.159039066192155144e-05 -1.632926651703422224e-04
-2.861892253796828194e-05 7.870653371721022910e-04
4.794556418262972924e-04 -2.959118847180538560e-03
-2.546671664419788636e-03 7.998633934638928536e-03
7.065213126639525131e-03 -1.328182584260920521e-02
-7.732642435884605828e-03 8.916135043360119694e-03
-2.108311228662351072e-03 9.939052782928037057e-16
-7.732642435883538105e-03 -8.916135043360131837e-03
7.065213126637181519e-03 1.328182584261023737e-02
-2.546671664418327131e-03 -7.998633934639417728e-03
4.794556418258592205e-04 2.959118847180517309e-03
-2.861892253783465063e-05 -7.870653371724978080e-04
-1.159039066201536373e-05 1.632926651702962251e-04
4.626102027358876319e-06 -2.776825251206605530e-05
-1.017827570000647215e-06 4.000929131923788529e-06
1.684940190705069854e-07 -5.001467559740978120e-07
-2.295853273827112131e-08 5.521679599222225086e-08
2.687446525492133988e-09 -5.458480832149263106e-09
-2.772365807043000185e-10 4.885199085237384088e-10
2.564275309900218848e-11 -3.994010581882285950e-11
-2.153463918217717389e-12 3.005395150000327686e-12
1.657881817094091183e-13 -2.095126986557419925e-13
-1.158803510593301631e-14 1.372432130377538445e-14
9.797510927708402019e-16 -9.686407167548078382e-16
-1.844119381518329992e-16 1.833291740093913091e-16
2.550422581211518245e-16 4.693760047673072595e-17
8.116207883132034703e-17 -1.937835578696057303e-16
1.058610173779980611e-16 2.895981486481664390e-17
-3.992553200593719474e-16 1.971498061604348471e-16
-1.292167294825986783e-17 4.061095232529059622e-17
1.645988633370756697e-15 -1.983186746137403300e-15
-2.878245138354547093e-14 2.740057499158019976e-14
4.276847127100975600e-13 -3.764939287553510975e-13
-5.894516274838690572e-12 4.726221961855704610e-12
7.500127128055668663e-11 -5.439265039154588850e-11
-8.752140149551399459e-10 5.682221003427728674e-10
9.291003519818831973e-09 -5.325688925545283776e-09
-8.884772066295886330e-08 4.410879397561772180e-08
7.561375686213001083e-07 -3.161724693250894066e-07
-5.639989610656374727e-06 1.901910637637856358e-06
3.614381122998030875e-05 -9.118332819036615699e-06
-1.937301244563490929e-04 3.125525124903075414e-05
8.359788363917140504e-04 -5.130754887261929954e-05
-2.739931157395700777e-03 -1.439669601609964837e-04
6.176999373637855756e-03 1.170789011072849873e-03
-7.813279287616157684e-03 -2.893837314868016874e-03
2.831115732981451076e-03 1.906411450124468297e-03
8.930817513960675417e-04 -1.066536794515439582e-16
2.831115732981385590e-03 -1.906411450123690707e-03
-7.813279287617016372e-03 2.893837314867173799e-03
6.176999373638133312e-03 -1.170789011072022410e-03
-2.739931157395430594e-03 1.439669601605547526e-04
8.359788363920886423e-04 5.130754887286083268e-05
-1.937301244564675149e-04 -3.125525124963491225e-05
3.614381122964081794e-05 9.118332819426864106e-06
-5.639989610423157757e-06 -1.901910637810606398e-06
7.561375685202169963e-07 3.161724692061992268e-07
-8.884772046685375564e-08 -4.410879410744414607e-08
9.291003382043774730e-09 5.325688995133992724e-09
-8.752138675211349117e-10 -5.682219442875615475e-10
7.500127851808749076e-11 5.439264320901253322e-11
-5.894351512383615007e-12 -4.726052005807308717e-12
4.279329741614035740e-13 3.762296390438570302e-13
-2.876127941402359168e-14 -2.764995967465718255e-14
1.958240061467412269e-15 2.154715130747123975e-15
4.840685206922319427e-17 -2.459917963670614379e-16
-9.405092343974259718e-17 3.038625181085460985e-16
1.984479122305322701e-16 -1.543629932238781788e-16
-1.640070557881792696e-16 -9.427271600890571016e-17
1.393003924167273930e-16 -1.872000287545160101e-17
2.487310554959498580e-16 1.934020366451047317e-16
-4.091252018269146877e-15 -3.463835147874704179e-15
5.768131033696318928e-14 5.464178698605410171e-14
-7.622761698372020602e-13 -7.820223526160083437e-13
9.270800599582875578e-12 1.037404809262072612e-11
-1.031443728417377205e-10 -1.266581522264134715e-10
1.040153939699635981e-09 1.412885018007946646e-09
-9.401229755286397696e-09 -1.427462837197672998e-08
7.507861489332293671e-08 1.292383411456338175e-07
-5.199392078734566871e-07 -1.034808067020349082e-06
3.042603595379244932e-06 7.205916417784668089e-06
-1.447643779149776101e-05 -4.269045160138912342e-05
5.249437694798704789e-05 2.088071016649411225e-04
-1.265164459442044080e-04 -8.074785200551473120e-04
1.174442212484901326e-04 2.307699479139618034e-03
3.196405118579004616e-04 -4.327587644103840503e-03
-9.810702582895836337e-04 4.091169779178946593e-03
4.334359643892037213e-04 -5.836747697315547087e-04
5.278422336905984265e-05 -1.910264083752139102e-16
4.334359643891454996e-04 5.836747697319322279e-04
-9.810702582887503159e-04 -4.091169779179089708e-03
3.196405118570069706e-04 4.327587644103584631e-03
1.174442212490344156e-04 -2.307699479139445429e-03
-1.265164459445218895e-04 8.074785200552582259e-04
5.249437694818373572e-05 -2.088071016648526245e-04
-1.447643779154526939e-05 4.269045160153624288e-05
3.042603595523932136e-06 -7.205916417582611768e-06
-5.199392078225294664e-07 1.034808066830664100e-06
7.507861486196147566e-08 -1.292383408814182479e-07
-9.401229493185043867e-09 1.427462838216084534e-08
1.040154127116403060e-09 -1.412885288635589336e-09
-1.031444624666986064e-10 1.266584031788199510e-10
9.270543997862970490e-12 -1.037410148741299421e-11
-7.621414009014298894e-13 7.820706676086036449e-13
5.778488595689417736e-14 -5.466151554775275381e-14
-4.256772469104630540e-15 3.561659038786486347e-15
4.635456731446182792e-16 -1.837871173295824289e-16
-2.507586212995738021e-16 3.583420256440401822e-17
2.287468097263317540e-17 2.235253045245760275e-16
-4.484853615997350122e-17 8.782521625351343882e-17
2.114537937053855492e-16 5.196904367319373780e-17
5.308063010106051862e-16 -2.199634992521082798e-16
-6.302468149255318829e-15 8.160829835666544623e-15
9.568238937776787511e-14 -1.113713121874183060e-13
-1.322348466827359262e-12 1.425272213771063894e-12
1.687083402943793528e-11 -1.674617898291193313e-11
-1.975024432364409036e-10 1.797181371826921745e-10
2.105177901061844014e-09 -1.745289415745067073e-09
-2.024046351884207431e-08 1.516634636799308283e-08
1.735386878427970207e-07 -1.162938199051050373e-07
-1.308021207109471987e-06 7.728153218455187982e-07
8.510198095816715768e-06 -4.345086081742604721e-06
-4.665320473605835656e-05 1.998291983987078905e-05
2.084384845584387556e-04 -7.142606520613961792e-05
-7.229334356770363706e-04 1.817967769043940811e-04
1.801493388874934572e-03 -2.720940899302986280e-04
-2.800414659681736956e-03 9.285782934547265007e-05
1.932425892517910474e-03 2.599989701382639392e-04
3.049529849061187488e-05 -1.078846477684431186e-04
6.805404859743388005e-05 -8.945575497304483871e-18
3.049529849048896363e-05 1.078846477679804217e-04
1.932425892517850626e-03 -2.599989701380032428e-04
-2.800414659681758640e-03 -9.285782934570537407e-05
1.801493388874777363e-03 2.720940899305542829e-04
-7.229334356771085785e-04 -1.817967769043184038e-04
2.084384845584598162e-04 7.142606520660269422e-05
-4.665320473591344616e-05 -1.998291983984071599e-05
8.510198095675390015e-06 4.345086081842987443e-06
-1.308021207131474515e-06 -7.728153217921259704e-07
1.735386876282934442e-07 1.162938202461920099e-07
-2.024046345724604021e-08 -1.516634653213428387e-08
2.105177830515374482e-09 1.745289359255786762e-09
-1.975025769387431117e-10 -1.797184805079549694e-10
1.687078341839302864e-11 1.674615256913005168e-11
-1.322557560629161183e-12 -1.424855485879962600e-12
9.570901152260457068e-14 1.115043837254560565e-13
-6.468033684951370309e-15 -8.193460386574230659e-15
2.253343523541265634e-16 5.318357244856489445e-16
2.354407506679752981e-17 -1.027208972139561706e-16
-6.968725235793657237e-17 1.732560104836498396e-16
1.062788030702892588e-16 7.278118432356474557e-17
-1.341406483186389038e-16 -8.924286276071104626e-17
-9.464317016069411865e-16 -7.159729791900539592e-16
1.490475469129782036e-14 1.066316844450948191e-14
-1.993720211998145506e-13 -1.552305193659697140e-13
2.468688979918796665e-12 2.071843503033251299e-12
-2.805703277258768126e-11 -2.547333632018473576e-11
2.906090293108630242e-10 2.864858171005291402e-10
-2.717636061934373403e-09 -2.922820955789468062e-09
2.268641316528091175e-08 2.678255414540628059e-08
-1.666946975731568718e-07 -2.177405483625640280e-07
1.058951060916962793e-06 1.546694716526296983e-06
-5.680588377282603182e-06 -9.411870886384280315e-06
2.491368857043473696e-05 4.779022802811014212e-05
-8.523289383582394608e-05 -1.952087995287722275e-04
2.111227015294423414e-04 6.075924349577250085e-04
-3.300053796018240638e-04 -1.319618496198161168e-03
2.274700570963396893e-04 1.692630384162990571e-03
4.558689265982524924e-05 -8.225332097163756337e-04
-4.962630499090644049e-05 -9.335444791606319537e-05
-2.912892108856852190e-05 -1.640145351556373742e-16
-4.962630499119647135e-05 9.335444791583671909e-05
4.558689265997582459e-05 8.225332097162469389e-04
2.274700570969788536e-04 -1.692630384162891691e-03
-3.300053796021908494e-04 1.319618496198070312e-03
2.111227015297055044e-04 -6.075924349577947227e-04
-8.523289383601372212e-05 1.952087995286315794e-04
2.491368857045954825e-05 -4.779022802824622982e-05
-5.680588377432002853e-06 9.411870886322773865e-06
1.058951060857636182e-06 -1.546694716542482935e-06
-1.666946977835747054e-07 2.177405480540908281e-07
2.268641272488133440e-08 -2.678255423925985056e-08
-2.717635879997106094e-09 2.922820997672580887e-09
2.906090110656346325e-10 -2.864859497027456795e-10
-2.805694981896510413e-11 2.547352436191363758e-11
2.468634248991990944e-12 -2.071962503730034271e-12
-1.993337780478539521e-13 1.552061018833481815e-13
1.512003881373193102e-14 -1.075816925148217456e-14
-1.251709644706097884e-15 5.483944856274563194e-16
2.354402438481056425e-16 -8.257690289672661063e-17
-2.568811738940839216e-17 -2.058773042804827508e-16
1.083296551631457562e-16 -1.446842823855383872e-16
-2.133530994413553702e-16 -4.528215837864076966e-17
-1.171052857389470180e-15 1.713689732375279212e-15
1.695268077769810057e-14 -2.615600269006876119e-14
-2.384624767367808982e-13 3.375044569692419471e-13
3.070706466922075977e-12 -4.043742638010266032e-12
-3.635333392135684495e-11 4.437901966346295321e-11
3.925162488256253686e-10 -4.429738391440352759e-10
-3.831618160000452180e-09 3.983057248386734811e-09
3.345982024351876821e-08 -3.188935373681278357e-08
-2.579987971819941718e-07 2.240841606761131679e-07
1.727951101478641571e-06 -1.356981059846219474e-06
-9.840839078575161164e-06 6.914302137031971726e-06
4.631713288955193950e-05 -2.869504591646583575e-05
-1.730896530053412292e-04 9.257023688192289363e-05
4.836544971819083018e-04 -2.158921849441566409e-04
-9.147434832336081645e-04 3.200530609596418958e-04
9.621952562636069050e-04 -2.227444361900961754e-04
-3.110121026647365717e-04 -5.190217194356541780e-06
-5.606076693045398046e-05 2.393907619918372124e-05
-1.400026621851261723e-05 -1.766131996847615028e-17
-5.606076693035888915e-05 -2.393907619933262286e-05
-3.110121026644864463e-04 5.190217194206009626e-06
9.621952562638364306e-04 2.227444361903201716e-04
-9.147434832336069719e-04 -3.200530609596586467e-04
4.836544971819442431e-04 2.158921849442015540e-04
-1.730896530052877509e-04 -9.257023688224101210e-05
4.631713288943042754e-05 2.869504591669930514e-05
-9.840839078458807636e-06 -6.914302137091513060e-06
1.727951101489554956e-06 1.356981060053662077e-06
-2.579987970504081329e-07 -2.240841608065569035e-07
3.345982026238754546e-08 3.188935404206123638e-08
-3.831618024573314846e-09 -3.983057277683725103e-09
3.925162237544645118e-10 4.429738915562914474e-10
-3.635330808667319867e-11 -4.437897292874946789e-11
3.070821869915513744e-12 4.043656112430438408e-12
-2.381019662655204602e-13 -3.378840312395529318e-13
1.707504024781029866e-14 2.600781600392872904e-14
-1.084310249955680233e-15 -1.847586982269106983e-15
-5.451592536544634385e-17 2.391107165406259456e-16
1.749588009148726156e-16 -2.188276358647683357e-16
-3.911207814165013984e-17 -3.783090894596344527e-17
-2.724930121921692653e-17 -7.388597711117191483e-17
3.168613689163579613e-15 1.831522732467857597e-15
-4.277939001248596847e-14 -2.525503116049133362e-14
5.390364706856875269e-13 3.437712220667618189e-13
-6.253399594220380576e-12 -4.286387352857174691e-12
6.635464004615966265e-11 4.896828521361661952e-11
-6.388482027911576776e-10 -5.085975442602146428e-10
5.525874409979944660e-09 4.758443459649552595e-09
-4.243026361196636673e-08 -3.965800530885454513e-08
2.849526675867381414e-07 2.903819634538351815e-07
-1.642505991944072613e-06 -1.835650658303447231e-06
7.928146334375929421e-06 9.792974048695627471e-06
-3.098830936280488641e-05 -4.275728713350466007e-05
9.346691341953068904e-05 1.462751501416152775e-04
-2.018248491659699871e-04 -3.669877866829606241e-04
2.729441463434250162e-04 6.036230131449426715e-04
-1.679164368349820831e-04 -5.164859070221364474e-04
-7.078784372269623663e-06 9.994927201424431463e-05
9.132922959954287864e-06 2.231393413743044138e-05
2.410292986062167346e-06 1.062381776236886538e-16
9.132922959893008418e-06 -2.231393413725046043e-05
-7.078784372007300947e-06 -9.994927201436173373e-05
-1.679164368351257941e-04 5.164859070220974161e-04
2.729441463435749071e-04 -6.036230131450303835e-04
-2.018248491660826899e-04 3.669877866827828150e-04
9.346691341941415086e-05 -1.462751501415959516e-04
-3.098830936280801027e-05 4.275728713332910063e-05
7.928146334515242624e-06 -9.792974048920423239e-06
-1.642505991720363165e-06 1.835650657926378233e-06
2.849526678500864021e-07 -2.903819634253999678e-07
-4.243026350275118259e-08 3.965800509482522108e-08
5.525874383003243964e-09 -4.758443589840560551e-09
-6.388483328552790231e-10 5.085976938106793542e-10
6.635457204566467212e-11 -4.896826843417414831e-11
-6.253179367629160230e-12 4.286362306849902079e-12
5.389754126211503234e-13 -3.437918733181981932e-13
-4.299943876212367653e-14 2.537934328529241391e-14
3.341738986800206154e-15 -1.734564150567921052e-15
-2.030944784565128494e-16 1.683396908986065408e-16
6.145594059142484280e-17 7.759292475877632959e-17
-4.307761891812496273e-17 1.171324654814523290e-16
-8.415321444192318479e-18 2.282918604108425739e-16
2.564659830457824673e-15 -5.087860026117853572e-15
-3.620810334366041735e-14 6.785763842149520680e-14
4.759136667117785395e-13 -8.269632125185800385e-13
-5.734370788744569952e-12 9.280725259587820856e-12
6.315109070176837892e-11 -9.506922396345844884e-11
-6.304370322984575592e-10 8.816861425268698384e-10
5.650492372059815803e-09 -7.327716713907713740e-09
-4.493615805824423894e-08 5.390233045067292679e-08
3.124775191976815049e-07 -3.455674688353394625e-07
-1.865033182729013114e-06 1.893331226159768123e-06
9.324959844238938782e-06 -8.640076624107224620e-06
-3.778896175784314282e-05 3.170661104297956549e-05
1.183968314519777252e-04 -8.893712388874825151e-05
-2.666874952288509184e-04 1.760584849248028551e-04
3.807761031929008809e-04 -2.127125941499780429e-04
-2.622264420548087258e-04 1.086751915177889990e-04
2.370217454522484927e-05 1.109509694202207199e-05
6.733635982491204226e-06 -1.725044531904890875e-06
9.157713122748649395e-07 -8.065197524320173131e-18
6.733635982258145652e-06 1.725044531896055686e-06
2.370217454515645983e-05 -1.109509694195267119e-05
-2.622264420548217363e-04 -1.086751915180061105e-04
3.807761031927290891e-04 2.127125941499797776e-04
-2.666874952290700356e-04 -1.760584849247262833e-04
1.183968314519245180e-04 8.893712388888576901e-05
-3.778896175788626019e-05 -3.170661104305078402e-05
9.324959843932931189e-06 8.640076624268055848e-06
-1.865033182781845947e-06 -1.893331226110590449e-06
3.124775190037088424e-07 3.455674689293395261e-07
-4.493615800434391276e-08 -5.390233038406997838e-08
5.650492346158700539e-09 7.327716657993420321e-09
-6.304371461464605895e-10 -8.816862780515658882e-10
6.315104383838689117e-11 9.506911408465474319e-11
-5.734788088350908084e-12 -9.280803968310319440e-12
4.758104236415448798e-13 8.271625096831507448e-13
-3.639851258655880513e-14 -6.787163313669588275e-14
2.576542806640613492e-15 5.239074625857081702e-15
-2.330334319532252080e-16 -4.626774511610088200e-16
-1.854967384407676367e-16 5.285094456308761356e-17
-2.957303627332833733e-17 -3.087424707330385070e-17
4.605411545023268580e-16 2.352840499128529676e-16
-7.879162871665644598e-15 -3.625751136557825940e-15
1.019942183121177275e-13 4.892827852212030687e-14
-1.208811540302852690e-12 -6.234416266239419874e-13
1.314262467212095251e-11 7.282248179153572084e-12
-1.301747391386621248e-10 -7.750396185426701273e-11
1.164379303929349911e-09 7.453693906703004881e-10
-9.306442108590877210e-09 -6.412223148916173969e-09
6.561369773759874601e-08 4.873747713083512253e-08
-4.015716097293012723e-07 -3.222887651367171820e-07
2.090297429689761390e-06 1.818128353357298664e-06
-9.008160574065407800e-06 -8.526859597650996830e-06
3.097303077598511636e-05 3.209278785701406150e-05
-8.050714015469409113e-05 -9.211963267729883281e-05
1.451490575746412781e-04 1.862407512141457991e-04
-1.545073555626674062e-04 -2.302881129909753423e-04
6.248055120883133011e-05 1.258781512427791275e-04
1.077338882287433912e-05 -1.068087231454755834e-06
1.156507945239683200e-06 -1.279794734394155315e-06
8.170936872252284434e-07 -7.126783432755008346e-17
1.156507945106306216e-06 1.279794734298828533e-06
1.077338882269376186e-05 1.068087231365575123e-06
6.248055120893087342e-05 -1.258781512430491481e-04
-1.545073555628534011e-04 2.302881129908003249e-04
1.451490575746108120e-04 -1.862407512138807659e-04
-8.050714015470271053e-05 9.211963267738300756e-05
3.097303077599909579e-05 -3.209278785709150742e-05
-9.008160574275521099e-06 8.526859597617937134e-06
2.090297429693239730e-06 -1.818128353230812081e-06
-4.015716098572592574e-07 3.222887652892214937e-07
6.561369763953500208e-08 -4.873747724849188334e-08
-9.306442034741570204e-09 6.412223052392201111e-09
1.164379249780411293e-09 -7.453693443865088425e-10
-1.301748547165246540e-10 7.750403099223764450e-11
1.314241206156914910e-11 -7.282337189815369249e-12
-1.208893382354822538e-12 6.235253323445050510e-13
1.020527701360235994e-13 -4.904668973148705752e-14
-8.050133664355042953e-15 3.603718589018471228e-15
6.061763904862442776e-16 -4.397144667781313659e-16
-3.865394853560485088e-17 -1.444345885192015097e-16
1.070278453630772663e-16 6.160553080660514346e-17
1.722614260375933363e-16 -8.613077876364038041e-16
-4.844445227421159399e-15 1.206832427501547001e-14
6.397848409708391639e-14 -1.497186989265084361e-13
-7.913001815462451382e-13 1.716635280808854589e-12
8.940183930251128950e-12 -1.805163816535144360e-11
-9.182277716091085621e-11 1.725842295924171826e-10
8.497554212967711890e-10 -1.486710020131544686e-09
-7.011081089657748484e-09 1.141358914840656333e-08
5.090870211684022809e-08 -7.704868063100628097e-08
-3.200925675023478685e-07 4.497703918936171378e-07
1.706949521111815845e-06 -2.222293151934594262e-06
-7.511366704318687797e-06 9.034345806442590368e-06
2.626547711633568416e-05 -2.905840151218161814e-05
-6.908269379333426626e-05 6.980659512787172215e-05
1.252944330993804119e-04 -1.140676591192595827e-04
-1.337830196444171453e-04 1.057965233918990771e-04
5.698731900923099995e-05 -3.209988824841694991e-05
3.225674803603695268e-06 -7.940421343736537766e-06
5.611506470639527973e-08 -1.380996189952030765e-06
1.957241611866038907e-09 -1.445694849048662782e-16
5.611506489719082753e-08 1.380996189829686173e-06
3.225674803601031773e-06 7.940421343781156073e-06
5.698731900900113554e-05 3.209988824836395275e-05
-1.337830196442985607e-04 -1.057965233916646996e-04
1.252944330993416787e-04 1.140676591193392038e-04
-6.908269379357002602e-05 -6.980659512792391293e-05
2.626547711623935619e-05 2.905840151241379665e-05
-7.511366704288358935e-06 -9.034345806212695462e-06
1.706949521072613678e-06 2.222293151865185841e-06
-3.200925672570699440e-07 -4.497703920068854011e-07
5.090870213349953313e-08 7.704868063151906677e-08
-7.011081131083343990e-09 -1.141358927723288954e-08
8.497553376066261996e-10 1.486710059724907425e-09
-9.182295169673911872e-11 -1.725841114715481263e-10
8.940162957019962610e-12 1.805143710866512487e-11
-7.913052671151042602e-13 -1.716850725958586123e-12
6.422002541431983706e-14 1.496922517601181422e-13
-4.663818087022744745e-15 -1.219256850133636776e-14
2.259062592734601807e-16 1.136134981862815624e-15
1.987631594127346351e-17 -4.776021931507038097e-17
8.370384452818907900e-17 4.281955151214448548e-18
-1.225266417036473953e-15 -3.566678542469440882e-16
1.715903391942249068e-14 6.024797641811082675e-15
-2.094034256247606505e-13 -7.916041253042549298e-14
2.334257272705284491e-12 9.507483144191412123e-13
-2.379563233367622251e-11 -1.043594842198610249e-11
2.200586076606834154e-10 1.037903801061783614e-10
-1.828833694049753938e-09 -9.269844617939643452e-10
1.350383663243194083e-08 7.353478939055661205e-09
-8.736444129931338454e-08 -5.111345921832429054e-08
4.866731287319714300e-07 3.060711367627355189e-07
-2.282665875245009108e-06 -1.544792803021957484e-06
8.750300115347183126e-06 6.383973285612442687e-06
-2.630125930012984446e-05 -2.075167820711637398e-05
5.827840524134141943e-05 5.002056976092429815e-05
-8.596501161239306185e-05 -8.133312879700580465e-05
6.875566352655481479e-05 7.473683903459802204e-05
-1.447751700215842431e-05 -2.420649307818503087e-05
-4.860476269326361460e-06 -2.640143009203537767e-06
-9.975341759837510168e-07 -2.039626368390619845e-07
-3.055228861879923838e-07 -1.065391003827318707e-16
-9.975341759138733397e-07 2.039626369303867476e-07
-4.860476269325603365e-06 2.640143009046156928e-06
-1.447751700198602939e-05 2.420649307804372883e-05
6.875566352670053156e-05 -7.473683903499301045e-05
-8.596501161228128061e-05 8.133312879699696840e-05
5.827840524146650925e-05 -5.002056976084111274e-05
-2.630125929993025639e-05 2.075167820705851147e-05
8.750300115469508236e-06 -6.383973285526224050e-06
-2.282665875248385381e-06 1.544792802952469866e-06
4.866731286388567805e-07 -3.060711365369012356e-07
-8.736444126192284886e-08 5.111345906095288121e-08
1.350383668733935113e-08 -7.353479012055255198e-09
-1.828833570200481037e-09 9.269847124881979845e-10
2.200585386549845988e-10 -1.037904652809881501e-10
-2.379539285171335851e-11 1.043587410033870419e-11
2.334395799354592557e-12 -9.508619914883221929e-13
-2.094440377760234126e-13 7.907264057412882901e-14
1.735605535250666854e-14 -5.965965408517833136e-15
-1.416243428963821229e-15 7.785956079184213618e-16
1.501043271481301940e-16 2.839433258098951446e-17
7.680273057416914311e-18 -2.076700372693517129e-16
-4.513692418599432234e-16 1.904158423961800722e-15
7.579528248527882055e-15 -2.451095180102281192e-14
-9.544270489452835709e-14 2.884536180268155558e-13
1.114934149568766017e-12 -3.114436995570163164e-12
-1.185333336875083856e-11 3.070160773292076931e-11
1.139125255524489875e-10 -2.740108660334706629e-10
-9.801952187214941281e-10 2.192711613187100747e-09
7.466132212966550365e-09 -1.554794164172271141e-08
-4.963466460026763235e-08 9.628243128715292060e-08
2.829138155505542156e-07 -5.113331553689267585e-07
-1.351218168883876469e-06 2.274852467116142690e-06
5.244316504769627334e-06 -8.216243675417931491e-06
-1.584883147865165192e-05 2.305437495739126017e-05
3.500818912652853271e-05 -4.703584218952878824e-05
-5.098904021300852381e-05 6.240337640245506774e-05
4.016798181204851497e-05 -4.257362058149309527e-05
-9.565068002972689317e-06 5.372135824277555042e-06
-1.468852112430617534e-06 2.546254030349748779e-06
-1.230215758849898915e-07 5.276742904281090438e-07
-4.449280390302073998e-09 -3.715438394117709688e-17
-1.230215758856605033e-07 -5.276742903134696989e-07
-1.468852112555178387e-06 -2.546254030305201622e-06
-9.565068003111189368e-06 -5.372135824477573402e-06
4.016798181190918822e-05 4.257362058136299779e-05
-5.098904021288652396e-05 -6.240337640234133493e-05
3.500818912654220721e-05 4.703584218966535028e-05
-1.584883147872426636e-05 -2.305437495754613845e-05
5.244316504788042677e-06 8.216243675602044266e-06
-1.351218168846892893e-06 -2.274852467126490468e-06
2.829138155043727088e-07 5.113331555342276734e-07
-4.963466471837052145e-08 -9.628243153959547336e-08
7.466132064491040050e-09 1.554794158162606129e-08
-9.801950601466912827e-10 -2.192711622642035297e-09
1.139123643064340002e-10 2.740108802519878135e-10
-1.185325291660633284e-11 -3.070149702477493123e-11
1.114796449645472556e-12 3.114663761375967499e-12
-9.554677498987539368e-14 -2.884938821858260549e-13
7.480000718015038145e-15 2.459237125626338821e-14
-5.226176266751870877e-16 -1.991330571609347099e-15
2.946357939704178904e-17 1.404903836991359459e-16
-1.336668086369217624e-16 -1.850334616538038458e-18
2.533764379166152702e-15 6.356133999837134413e-16
-3.303112258242284007e-14 -8.549652547491879794e-15
3.792921949112218788e-13 1.077175573081875955e-13
-3.982454615457477749e-12 -1.229164914599298156e-12
3.808795917495359058e-11 1.273437728081415574e-11
-3.290305928852369876e-10 -1.188474488119499772e-10
2.541593083813449219e-09 9.895160335998517763e-10
-1.734111406758241580e-08 -7.263323685923488708e-09
1.029453263690985683e-07 4.631784644416386335e-08
-5.217502510345318200e-07 -2.518829097482388033e-07
2.202859744339939936e-06 1.140337596051361663e-06
-7.496468343874637086e-06 -4.161424477216526441e-06
1.962543453807328857e-05 1.169981457079790790e-05
-3.681362848491228729e-05 -2.368491644162002880e-05
4.377455058941546833e-05 3.087495362788173549e-05
-2.515714262241086678e-05 -2.076908627020056838e-05
1.245485336089084930e-06 3.467612826819201344e-06
1.136099060272995960e-06 6.830035773172558927e-07
2.348800752434410313e-07 5.557224704242792557e-08
4.507492592694356830e-08 -5.990584259620553850e-18
2.348800752524207982e-07 -5.557224703097623203e-08
1.136099060288428688e-06 -6.830035773483706951e-07
1.245485335748106523e-06 -3.467612826760383376e-06
-2.515714262234124067e-05 2.076908627019902678e-05
4.377455058934421592e-05 -3.087495362775674054e-05
-3.681362848482166831e-05 2.368491644156729253e-05
1.962543453801625953e-05 -1.169981457065925877e-05
-7.496468343892002956e-06 4.161424477212074436e-06
2.202859744467596695e-06 -1.140337595969770579e-06
-5.217502509710102782e-07 2.518829096636677516e-07
1.029453262604305145e-07 -4.631784640798906478e-08
-1.734111391648570082e-08 7.263323756269406232e-09
2.541593225436324851e-09 -9.895161584288074091e-10
-3.290304852483615369e-10 1.188473600577226113e-10
3.808775861776879565e-11 -1.273465609075649773e-11
-3.982367826707409514e-12 1.229102701337811187e-12
3.795305551737714482e-13 -1.076562536089061494e-13
-3.312439092345798131e-14 8.589083812200491636e-15
2.780362880989147123e-15 -7.975642464956928111e-16
-2.421359749895631839e-16 1.147047736036253261e-17
-7.869403832127546166e-17 3.365971220856953428e-16
6.908888118396690776e-16 -3.743182074644317445e-15
-9.880433156744702881e-15 4.479555191390603846e-14
1.196574857565220098e-13 -4.970046223473361291e-13
-1.330795280561156304e-12 5.051575880877102713e-12
1.338598751449228730e-11 -4.669743537346492842e-11
-1.209362216555047379e-10 3.891782952372715874e-10
9.716333743384585047e-10 -2.893671260218777924e-09
-6.857768299842163045e-09 1.895337652741597525e-08
4.187782710542751812e-08 -1.076625941401187963e-07
-2.170215998642676827e-07 5.199967707896402516e-07
9.306563310752737288e-07 -2.081278433234126570e-06
-3.192179383536146418e-06 6.667503129724283397e-06
8.347888917215504317e-06 -1.627000251629258582e-05
-1.548360716188669305e-05 2.801582565081098408e-05
1.804872711823680669e-05 -2.974583875748477958e-05
-1.032964745165388872e-05 1.417972598353213984e-05
1.128278833651565104e-06 2.962806894842264630e-07
2.862885004483154969e-07 -4.065553797403800394e-07
2.518121867445924103e-08 -8.223966919019656739e-08
4.229178147808743859e-09 1.413122711293439296e-16
2.518121861244984494e-08 8.223966913222818681e-08
2.862885002707521919e-07 4.065553798045139860e-07
1.128278833550669292e-06 -2.962806892856372062e-07
-1.032964745136267371e-05 -1.417972598378411012e-05
1.804872711834546746e-05 2.974583875733355370e-05
-1.548360716186587976e-05 -2.801582565081523279e-05
8.347888917317121166e-06 1.627000251632280457e-05
-3.192179383595920262e-06 -6.667503129714354477e-06
9.306563310113704928e-07 2.081278433328229389e-06
-2.170216001265909278e-07 -5.199967707655078594e-07
4.187782721067911084e-08 1.076625940813012785e-07
-6.857768421127855368e-09 -1.895337659894812271e-08
9.716334125249030334e-10 2.893671443221610613e-09
-1.209361908226871694e-10 -3.891784020541481627e-10
1.338579413885958687e-11 4.669735462760748471e-11
-1.330650534737911353e-12 -5.051522535118619837e-12
1.197461723536179975e-13 4.970368977672587812e-13
-9.798811124844622960e-15 -4.480579487118017556e-14
7.290513349224487017e-16 3.716766434065761986e-15
4.883079274522612877e-17 -3.266805475432892503e-16
2.839787699495939637e-16 3.082514680712294278e-17
-4.792023445931392575e-15 -8.577219864374374921e-16
5.707701266238968022e-14 1.002112844913354189e-14
-6.179466395728781482e-13 -1.211746307694291681e-13
6.114272678488627657e-12 1.326068250089790721e-12
-5.489931459010140515e-11 -1.307742939603536291e-11
4.433146237262551477e-10 1.153410575016649779e-10
-3.184744525599489327e-09 -9.006627559233327480e-10
2.008826508334561611e-08 6.149341504464788262e-09
-1.094597359905821689e-07 -3.613731774950333013e-08
5.047420898650698913e-07 1.791513352828722228e-07
-1.917417596609411765e-06 -7.297905740047193398e-07
5.785427605710812042e-06 2.357342321396898847e-06
-1.315609040441466291e-05 -5.740406058568339497e-06
2.076884821774121142e-05 9.759002883809094817e-06
-1.961207800633337170e-05 -1.016894643811746257e-05
7.600160598925780007e-06 4.941595497372402604e-06
6.625833063589732210e-07 -3.175014753082939808e-07
-8.708322458312291000e-08 -1.156254647229380482e-07
-1.764576315331824273e-08 -1.229716134909795807e-08
6.690035366917590899e-10 9.920976490932313268e-18
-1.764576314618245337e-08 1.229716133718020615e-08
-8.708322439262003855e-08 1.156254648781838350e-07
6.625833061985116171e-07 3.175014753250776210e-07
7.600160598675579180e-06 -4.941595497371646203e-06
-1.961207800645459228e-05 1.016894643805116869e-05
2.076884821772140779e-05 -9.759002883918375620e-06
-1.315609040447780074e-05 5.740406058422455012e-06
5.785427605882751260e-06 -2.357342321192287874e-06
-1.917417596454578377e-06 7.297905740123651886e-07
5.047420900929630470e-07 -1.791513351438816865e-07
-1.094597360108426676e-07 3.613731768420117286e-08
2.008826500111888690e-08 -6.149341517870699309e-09
-3.184744647929672123e-09 9.006627874496345538e-10
4.433145978933699794e-10 -1.153409794031095165e-10
-5.489920386912486487e-11 1.307754218535655540e-11
6.114321906994955136e-12 -1.326033911187740352e-12
-6.180774894623574544e-13 1.212296136475314805e-13
5.714165431826695655e-14 -1.003983996031462718e-14
-4.922855327526265262e-15 7.934202282469440327e-16
4.060438164921877332e-16 -2.207453486728086163e-17
6.447051145646234953e-17 -5.550713419176547148e-16
-7.218114999364634808e-16 6.506125544524728550e-15
1.022139242883019163e-14 -7.424285987694937116e-14
-1.216328530692807361e-13 7.786806864566948881e-13
1.304957819323804930e-12 -7.452043125289847649e-12
-1.255706373382767507e-11 6.462175449032770636e-11
1.076205985394081433e-10 -5.030314771855087068e-10
-8.133315388515012413e-10 3.475964457478385888e-09
5.351902293083743553e-09 -2.103383790916366686e-08
-3.017305470712365048e-08 1.095987100558050794e-07
1.427512485248338219e-07 -4.813162856952719020e-07
-5.514360516183982557e-07 1.732151485207862940e-06
1.675550614192472881e-06 -4.915566261211888156e-06
-3.796901105459298219e-06 1.040334537706030510e-05
5.914655598810472852e-06 -1.502897161353324182e-05
-5.510261606857353467e-06 1.256331208396223404e-05
2.278224710956012326e-06 -3.849064074065205482e-06
-7.297239513056785580e-08 -5.869795843574411330e-07
-4.932607240691039689e-08 -2.356855027296145240e-08
-8.037362780468448534e-09 -2.914009182092348001e-09
-2.912061588990702571e-09 -8.294382784346599415e-17
-8.037363015032021748e-09 2.914008991191888887e-09
-4.932607267099078530e-08 2.356855017523773595e-08
-7.297239525925569212e-08 5.869795847119372328e-07
2.278224710973893191e-06 3.849064073898475517e-06
-5.510261606984580357e-06 -1.256331208435272809e-05
5.914655598717456776e-06 1.502897161356886464e-05
-3.796901105482486170e-06 -1.040334537721733484e-05
1.675550614221859206e-06 4.915566261084499483e-06
-5.514360514168529068e-07 -1.732151485268326481e-06
1.427512485436267566e-07 4.813162854807143272e-07
-3.017305464237551231e-08 -1.095987101129522880e-07
5.351902321684101358e-09 2.103383803829069638e-08
-8.133316833664070903e-10 -3.475964491141610578e-09
1.076205297759790510e-10 5.030313951650239581e-10
-1.255709259702712101e-11 -6.462177436429838931e-11
1.304887935890407227e-12 7.452054554592808208e-12
-1.218022720258709177e-13 -7.785763107275489402e-13
1.024334833131472406e-14 7.441340346854574712e-14
-7.558082664602719249e-16 -6.565093991806689893e-15
-1.420898322500306072e-17 5.975283123931033093e-16
-6.165241671973080029e-16 4.903723234809847563e-17
8.047760303923431648e-15 6.642768512315117563e-16
-8.956937583028100879e-14 -8.492180322356435415e-15
9.170208792704889072e-13 1.031042549943906512e-13
-8.557987453919355126e-12 -1.112183457973716148e-12
7.220452496227172503e-11 1.066517390546307691e-11
-5.454741141869052475e-10 -9.038489937913879573e-11
3.647329663198760981e-09 6.707704973752006183e-10
-2.128361345693914262e-08 -4.305456412315518491e-09
1.065070297161221670e-07 2.351685479976676298e-08
-4.469713576937446377e-07 -1.070069616936752407e-07
1.527523933911123360e-06 3.942860522177604093e-07
-4.082772744679222510e-06 -1.131625013649723707e-06
8.044594743373488285e-06 2.392676753421617673e-06
-1.062243108058135791e-05 -3.421503065142469016e-06
7.820808602133621368e-06 2.857867998354197783e-06
-1.817202756800638820e-06 -1.016788326518184003e-06
-4.049701046964893177e-07 1.275652412677428482e-08
-4.475693605682751435e-08 2.411750782327934388e-08
-6.953966136259489163e-09 5.074862354721732136e-09
-2.158962471645643774e-09 6.485908226266382608e-17
-6.953966243715747349e-09 -5.074862280123576867e-09
-4.475693585272044674e-08 -2.411750759478899359e-08
-4.049701046177736459e-07 -1.275652406099268705e-08
-1.817202756873761269e-06 1.016788326542656691e-06
7.820808601877456582e-06 -2.857867998344102421e-06
-1.062243108078451876e-05 3.421503065277508938e-06
8.044594743287810903e-06 -2.392676753264458333e-06
-4.082772744645188726e-06 1.131625013804465827e-06
1.527523933938654684e-06 -3.942860523433733836e-07
-4.469713579286905073e-07 1.070069617193077282e-07
1.065070298056204623e-07 -2.351685456401302906e-08
-2.128361331940388173e-08 4.305456394358826155e-09
3.647329610499269444e-09 -6.707706852800932836e-10
-5.454741294966831095e-10 9.038490966693742558e-11
7.220455891289944062e-11 -1.066517439224183103e-11
-8.557917533660478964e-12 1.112269316304599327e-12
9.170845607326615485e-13 -1.031230153073740477e-13
-8.955526129945969048e-14 8.451181208560186830e-15
8.035542480321649316e-15 -5.347712474468193193e-16
-6.156265063689389694e-16 -2.473540594177778375e-17
1.982671927930100848e-17 8.310646208372589963e-16
3.487310187187073795e-16 -1.043968822530742951e-14
-6.769312395696317963e-15 1.136303359287465303e-13
8.498036592211137513e-14 -1.125454513302016829e-12
-9.262534214773838848e-13 1.014411407677076025e-11
8.841204059419448792e-12 -8.252947576024595770e-11
-7.382218754930982229e-11 6.001048310213895250e-10
5.354097650584289390e-10 -3.853981524030735848e-09
-3.335040837466641617e-09 2.154521460497937345e-08
1.756130658614223262e-08 -1.029647803746798810e-07
-7.651526982252022765e-08 4.110172949384973796e-07
2.679575774719014544e-07 -1.329058020511873956e-06
-7.245142309811530563e-07 3.336480744886579408e-06
1.427333590860819424e-06 -6.106789298725625657e-06
-1.874731974860838492e-06 7.351237253165458095e-06
1.412575299413659453e-06 -4.735934206834443961e-06
-4.460461932448108997e-07 7.800287793029938979e-07
2.615676056212528607e-09 2.419298720446717322e-07
1.332930893340308902e-08 3.620971425217543246e-08
3.356239857169649932e-09 5.296368764802898330e-09
1.082245122694329124e-09 1.144882962417491546e-16
3.356239949868414970e-09 -5.296368800010880747e-09
1.332930895148833929e-08 -3.620971439334697270e-08
2.615675832011494844e-09 -2.419298719535826031e-07
-4.460461932641250508e-07 -7.800287793428449981e-07
1.412575299433408449e-06 4.735934206857483257e-06
-1.874731974882447785e-06 -7.351237253076393428e-06
1.427333590702972928e-06 6.106789298844334783e-06
-7.245142308124954557e-07 -3.336480745126662427e-06
2.679575774429514565e-07 1.329058020738424565e-06
-7.651526981281101985e-08 -4.110172947804839127e-07
1.756130654596938892e-08 1.029647805333427840e-07
-3.335040797426329206e-09 -2.154521448081193359e-08
5.354096538717742708e-10 3.853981557785345385e-09
-7.382207865595039446e-11 -6.001047764484621132e-10
8.841116713073753067e-12 8.252932326548881504e-11
-9.262672711834279249e-13 -1.014410430785690479e-11
8.516196812575670850e-14 1.125557842122638537e-12
-6.843638420993199151e-15 -1.137292960643994858e-13
3.983465563945987296e-16 1.057390193763062526e-14
5.087029432361905243e-17 -8.703033416457143745e-16
1.023063584507327224e-15 -1.028993114888219508e-16
-1.210889766802326566e-14 -6.987424614331102304e-18
1.287932713087358968e-13 2.089342927585724737e-15
-1.249529555276290253e-12 -3.926445031069403667e-14
1.101168445499862895e-11 5.078575644115006233e-13
-8.739811119930991020e-11 -5.315718692259265990e-12
6.183799528692944062e-10 4.666845281811078097e-11
-3.852655215246903172e-09 -3.466977033286480349e-10
2.081930216589501551e-08 2.171422223010559717e-09
-9.576171314722631569e-08 -1.132850344034018623e-08
3.659665528841688041e-07 4.827079989265622765e-08
-1.125316656259371984e-06 -1.632541898461911665e-07
2.662451267334511798e-06 4.207712187119071572e-07
-4.534193685015944970e-06 -7.791735319576237978e-07
4.972366300797536756e-06 9.483085540943677240e-07
-2.783118240442026020e-06 -6.568005776365556165e-07
2.842642999358665959e-07 1.968982884314128123e-07
1.297411130991301549e-07 -1.407711299199917713e-09
2.262434848634549624e-08 -7.660607263042732054e-09
3.196171897941562620e-09 -1.899479583184895095e-09
6.206643334333302406e-10 1.045274460882987230e-16
3.196171750281182550e-09 1.899479781544106313e-09
2.262434857390025128e-08 7.660607392361171170e-09
1.297411132876935856e-07 1.407711247443201143e-09
2.842642997410669645e-07 -1.968982882911326949e-07
-2.783118240540152246e-06 6.568005776485710965e-07
4.972366301020719773e-06 -9.483085538538148139e-07
-4.534193685043681911e-06 7.791735320286514280e-07
2.662451267134938978e-06 -4.207712187797864189e-07
-1.125316656060998774e-06 1.632541898559596534e-07
3.659665529597183196e-07 -4.827079996972037045e-08
-9.576171314869968980e-08 1.132850353790337339e-08
2.081930211659169596e-08 -2.171422219131097947e-09
-3.852655149438197866e-09 3.466977758962196047e-10
6.183800923707892570e-10 -4.666839896687149924e-11
-8.739812844844870074e-11 5.315733718060202793e-12
1.101169523847346647e-11 -5.080836817146179155e-13
-1.249669862237361055e-12 3.938827495528568959e-14
1.288473830488289745e-13 -2.214086739556797676e-15
-1.225029556109685459e-14 1.203253121738097007e-17
9.751224234398105384e-16 5.808457715120060328e-17
-4.451221354399134442e-17 -1.377564240052721221e-15
5.292604581269885822e-16 1.579139272775714056e-14
-2.539947128796416684e-15 -1.627344500728729240e-13
3.468477972548544408e-15 1.522117088993779857e-12
1.390445673566475728e-13 -1.291890419168770223e-11
-2.329924958958461214e-12 9.859518149804683391e-11
2.429156057115440287e-11 -6.695706490927758029e-10
-1.942553881941954443e-10 3.995450482052390154e-09
1.248978424162960715e-09 -2.062737304509265240e-08
-6.502834426949493617e-09 9.036648979571786857e-08
2.711426417984141191e-08 -3.276430745537150940e-07
-8.835143729404746629e-08 9.508684590255296911e-07
2.164776867607540261e-07 -2.107665787357960613e-06
-3.768491780594843965e-07 3.324200986094405479e-06
4.294473650299717790e-07 -3.306248418545771579e-06
-2.854814323545210269e-07 1.591984588505680958e-06
9.218823532968662075e-08 -7.099838483486324261e-08
-7.019437914243557832e-10 -6.224643010967791402e-08
-4.148735565182673200e-09 -1.216296027202768987e-08
-1.002239457297551637e-09 -1.588547730320042259e-09
-2.379708205662668463e-10 4.411202944459475277e-17
-1.002239324355340343e-09 1.588547629804275056e-09
-4.148735503329337134e-09 1.216296003097167033e-08
-7.019440920841783114e-10 6.224643005673413289e-08
9.218823545897264762e-08 7.099838491151409951e-08
-2.854814323999134167e-07 -1.591984588426783439e-06
4.294473648674189566e-07 3.306248418517646274e-06
-3.768491782458618733e-07 -3.324200985841381491e-06
2.164776865131692073e-07 2.107665787274458835e-06
-8.835143732147014472e-08 -9.508684590015077309e-07
2.711426422374919115e-08 3.276430745249771719e-07
-6.502834386701231722e-09 -9.036648969018816449e-08
1.248978351374323834e-09 2.062737309607220714e-08
-1.942554763651250533e-10 -3.995450417700065356e-09
2.429161992010532493e-11 6.695704162932262493e-10
-2.329922264740759503e-12 -9.859512028250783596e-11
1.390295073456319799e-13 1.291895833609307803e-11
3.414447755728220877e-15 -1.522268003855838399e-12
-2.576164922557767039e-15 1.627190750554026566e-13
5.547036372183585689e-16 -1.594310914922597579e-14
-1.534852653837202556e-16 1.350553328868275116e-15
-1.547301399666384276e-15 2.033776585196977690e-16
1.680255835079610278e-14 -1.255419544895349593e-15
-1.701991454609063530e-13 1.043832743283484643e-14
1.566796044999974602e-12 -7.600151151784737885e-14
-1.305684981999612552e-11 4.738461473099719382e-13
9.763220070818282962e-11 -2.370493785671886917e-12
-6.479700817486734961e-10 8.140095912502504647e-12
3.767302159232897633e-09 -4.698004847353203740e-12
-1.888094137497186052e-08 -1.802312577437577444e-10
7.993676443808874963e-08 1.573225952420582459e-09
-2.785129551560802162e-07 -8.085705503909896641e-09
7.710756156118847113e-07 2.895523358268195005e-08
-1.614402544988138122e-06 -7.346252046631250223e-08
2.370362199892465664e-06 1.286075042442729828e-07
-2.140239558033682256e-06 -1.491714324248592705e-07
8.765955893946242737e-07 1.112315501434082715e-07
1.005347218111120736e-08 -4.714989712544479095e-08
-2.662696935282416679e-08 -5.162407467252345538e-10
-5.680327211662843288e-09 1.992513596338629039e-09
-7.016277883073717086e-10 4.448248685869812316e-10
-9.905436062257624041e-11 2.767306793844634349e-17
-7.016278224731075874e-10 -4.448250479229134761e-10
-5.680327347396577598e-09 -1.992513824037770735e-09
-2.662696938750622860e-08 5.162407900721062350e-10
1.005347216193596631e-08 4.714989702205391786e-08
8.765955894424848116e-07 -1.112315502603867773e-07
-2.140239557998635421e-06 1.491714324376841170e-07
2.370362199883964418e-06 -1.286075042670963120e-07
-1.614402545017331112e-06 7.346252042972778605e-08
7.710756155839418355e-07 -2.895523342956293729e-08
-2.785129550746721444e-07 8.085705385651983972e-09
7.993676430186135393e-08 -1.573226069491200816e-09
-1.888094136585047373e-08 1.802313816540972020e-10
3.767302233831540111e-09 4.697914152446955444e-12
-6.479701678716054707e-10 -8.140046277547786267e-12
9.763225263125038393e-11 2.370475151073451668e-12
-1.305690862977460076e-11 -4.739646265806806331e-13
1.566798953824993768e-12 7.599962371926137641e-14
-1.702454572273115551e-13 -1.039156980857267787e-14
1.702775983699203910e-14 1.213028232659562534e-15
-1.532865488354666520e-15 -1.375909746691307382e-16
2.093465509555686072e-16 2.167877736044574161e-15
-2.315770697071988559e-15 -2.279492672120994185e-14
1.973385778571857375e-14 2.216059281562245272e-13
-1.530549907148672789e-13 -1.957927666065974593e-12
1.056621725747997033e-12 1.564416576803606533e-11
-6.414407423786925149e-12 -1.119584163269947426e-10
3.373030647046874285e-11 7.097319911033917930e-10
-1.508528356576755785e-10 -3.932343526306896539e-09
5.608583539366246613e-10 1.873161485150964670e-08
-1.684264374031102547e-09 -7.513750041197678162e-08
3.932763536048776202e-09 2.470637387465816661e-07
-6.729437525964947868e-09 -6.421976531479047934e-07
7.211008262161794348e-09 1.253101296589822877e-06
-1.489076448219186740e-10 -1.694499254163030847e-06
-1.886482675596295053e-08 1.376801615244183640e-06
3.888586909876489152e-08 -4.725487071915411495e-07
-2.727118498965750526e-08 -2.916494655995993495e-08
-1.349491788946458075e-09 9.135273591255094480e-09
7.549766564179790636e-10 2.317045378725131944e-09
1.548385645350076022e-10 2.619050981818924455e-10
1.590164979177087495e-11 2.087480481766964427e-16
1.548383311616768754e-10 -2.619050339649006000e-10
7.549765587741515146e-10 -2.317045484363979198e-09
-1.349491933975197767e-09 -9.135273701966585481e-09
-2.727118505210887719e-08 2.916494674263828991e-08
3.888586903694827483e-08 4.725487071873942351e-07
-1.886482682673158712e-08 -1.376801615064917587e-06
-1.489077547442551246e-10 1.694499254190662332e-06
7.211008198933468210e-09 -1.253101296553844093e-06
-6.729437529145154576e-09 6.421976531297228076e-07
3.932763499234770513e-09 -2.470637387244733121e-07
-1.684264404932938825e-09 7.513750070651618365e-08
5.608584733001601725e-10 -1.873161480539178645e-08
-1.508528327458539025e-10 3.932343560365767920e-09
3.373036955317787073e-11 -7.097320367682964169e-10
-6.414423465867805305e-12 1.119582776349625411e-10
1.056621168050260196e-12 -1.564402906470121748e-11
-1.530604117762513881e-13 1.957860659965348844e-12
1.980157934507972575e-14 -2.214386466596991491e-13
-2.355883704772679137e-15 2.285566658384276621e-14
2.894664862598264850e-16 -2.163636970407052960e-15
2.073962186237035151e-15 -3.745935422499400091e-16
-2.123782750240561819e-14 3.157980698101998260e-15
2.046971917986106790e-13 -2.854119777426563717e-14
-1.791132825912869817e-12 2.311107056439927769e-13
1.414382985050660434e-11 -1.683877763375919252e-12
-9.984937742927948485e-11 1.093444357221787499e-11
6.229913658565478168e-10 -6.260248345755600370e-11
-3.387959109283470427e-09 3.120650161400140253e-10
1.578544232577953289e-08 -1.334276005200857812e-09
-6.166153478566165503e-08 4.803274955930558282e-09
1.963088164853874480e-07 -1.420787455313761960e-08
-4.902341419307588218e-07 3.333706494892274882e-08
9.089942804444386141e-07 -5.855144013693214759e-08
-1.148419253942298054e-06 6.859596150584175487e-08
8.446787510193240371e-07 -3.827121702656941721e-08
-2.370430837077813631e-07 -1.042246242074903896e-08
-2.900285567534501201e-08 1.677193832398745170e-08
2.056933148183083330e-09 1.697997351540382470e-09
7.533031644811349444e-10 -1.381836853458635842e-10
7.124481906131577181e-11 -2.612600866787594424e-11
5.723513091472199536e-12 3.384113561792301547e-17
7.124482433136715473e-11 2.612606202187988625e-11
7.533029823412662880e-10 1.381836853030061417e-10
2.056933006764928695e-09 -1.697997374481497053e-09
-2.900285568226536714e-08 -1.677193821033067494e-08
-2.370430837837630772e-07 1.042246239720156108e-08
8.446787512374858430e-07 3.827121696485586061e-08
-1.148419254136867663e-06 -6.859596164684797811e-08
9.089942804600433963e-07 5.855144013930700298e-08
-4.902341419410848946e-07 -3.333706484606002062e-08
1.963088163241656850e-07 1.420787460616577646e-08
-6.166153484712251127e-08 -4.803274842343213408e-09
1.578544245873350690e-08 1.334275913175354928e-09
-3.387959158798361687e-09 -3.120650859931542096e-10
6.229915066841644602e-10 6.260257456714230733e-11
-9.984925132276326124e-11 -1.093429813806807891e-11
1.414393840819207155e-11 1.683797343255647337e-12
-1.791170977615595673e-12 -2.310493545229644068e-13
2.047593793827979424e-13 2.853033256012850487e-14
-2.136925576872096108e-14 -3.194568358096706676e-15
2.096735773237750804e-15 3.644154331921358565e-16
-5.990874913605263117e-16 -3.237884529103540875e-15
5.506492247754857348e-15 3.195771102825970401e-14
-4.757379277163198578e-14 -2.936717772292037522e-13
3.757242643074668083e-13 2.452159576061181123e-12
-2.669576424618086487e-12 -1.844686619785710336e-11
1.693203179461426896e-11 1.237715742576782575e-10
-9.488026878249245060e-11 -7.320800840783695117e-10
4.639472881794739683e-10 3.763259964210826929e-09
-1.949745646622718827e-09 -1.652021411477423863e-08
6.906253436411438864e-09 6.057154799286972582e-08
-2.008284508491576976e-08 -1.801917910610145751e-07
4.614816726731231640e-08 4.181030887491181588e-07
-7.887022049719056043e-08 -7.147723840519399607e-07
8.973037191282044045e-08 8.225165399462110039e-07
-5.158207267917831544e-08 -5.375080092524548654e-07
-2.369898283338733023e-09 1.216100051935759136e-07
1.062088608573195305e-08 1.989057191298495892e-08
1.603448255602537241e-09 5.536261379865795750e-10
1.156710372119839381e-10 -1.173756736664359896e-10
1.992826921085824340e-11 -1.084468607229527416e-11
1.182535509522854597e-11 -6.175319375184515034e-18
1.992816704236838583e-11 1.084465703372090447e-11
1.156708992106789552e-10 1.173756645269413898e-10
1.603448324237593795e-09 -5.536261340367827409e-10
1.062088608237120755e-08 -1.989057179895935556e-08
-2.369898332913481967e-09 -1.216100051314770165e-07
-5.158207271656208148e-08 5.375080093381445300e-07
8.973037182244386462e-08 -8.225165399342073824e-07
-7.887022044054314097e-08 7.147723839525541968e-07
4.614816719382264602e-08 -4.181030886964607145e-07
-2.008284497514555735e-08 1.801917911900057551e-07
6.906253329071663425e-09 -6.057154802626766583e-08
-1.949745653042949394e-09 1.652021397994202861e-08
4.639473556117288489e-10 -3.763259927050651945e-09
-9.488035788364034761e-11 7.320801882805321515e-10
1.693211163228026210e-11 -1.237715214096065740e-10
-2.669581509883190792e-12 1.844681732259080296e-11
3.757877026989089308e-13 -2.452169041573297335e-12
-4.758622922462280962e-14 2.935350756582859357e-13
5.457674661986161785e-15 -3.189595186860010006e-14
-5.609854699882861034e-16 3.242007783666977323e-15
-2.409376356759271818e-15 5.988688078079510083e-16
2.342171653138560709e-14 -5.326666624098653102e-15
-2.154095793064906313e-13 4.743858793103829042e-14
1.796190145093317006e-12 -3.806280886099727032e-13
-1.347712967012141452e-11 2.751935618089071967e-12
9.009676771080177306e-11 -1.775880422965288351e-11
-5.302048931073514893e-10 1.011435765001913815e-10
2.706604538042766284e-09 -5.015414702641294611e-10
-1.176891139700968178e-08 2.128989124183056820e-09
4.258996940153684174e-08 -7.569937083244580632e-09
-1.244242650779157663e-07 2.189686083943334036e-08
2.814291583764163222e-07 -4.943185514523132843e-08
-4.636177171026637766e-07 8.167120779480125650e-08
5.039458043192937103e-07 -8.808150636813797790e-08
-2.978250065629515999e-07 4.701311078003010747e-08
4.939840858795730038e-08 1.381289210264308494e-09
1.353011167953624839e-08 -6.642146800274529329e-09
1.093036543312659907e-09 -1.311895407470400844e-09
4.550689372072211501e-11 -1.611829080053223688e-10
8.451724698459452996e-12 -2.871327813972385523e-11
3.505307225259973161e-12 7.505297084687616634e-17
8.451451660265033565e-12 2.871322888962054070e-11
4.550690041862677022e-11 1.611828031829992885e-10
1.093036305607452038e-09 1.311895342706206276e-09
1.353011155219971582e-08 6.642146862487612861e-09
4.939840868701829987e-08 -1.381289184970851275e-09
-2.978250064008442640e-07 -4.701311080528053682e-08
5.039458041988733655e-07 8.808150620091653493e-08
-4.636177171159180422e-07 -8.167120787075241124e-08
2.814291582862101192e-07 4.943185510202015439e-08
-1.244242651657763764e-07 -2.189686086633924929e-08
4.258996926753846618e-08 7.569937097768899424e-09
-1.176891145674601203e-08 -2.128989273691731436e-09
2.706604598177712796e-09 5.015414578183774092e-10
-5.302049106250200934e-10 -1.011436748666751397e-10
9.009663881985960101e-11 1.775867647680441817e-11
-1.347716189257878090e-11 -2.751856191023869149e-12
1.796146710696718493e-12 3.806054558522919585e-13
-2.155104750607757668e-13 -4.734528954483392577e-14
2.347478689476246486e-14 5.372812000157744834e-15
-2.418640605485934060e-15 -6.154010240400546038e-16
1.276308048281110132e-15 4.777106191192649546e-15
-1.101183201485107818e-14 -4.495312879234629978e-14
9.284416106013099247e-14 3.925727359915061764e-13
-7.126596577289217083e-13 -3.103728573881640633e-12
4.911416438573150171e-12 2.202021381860560157e-11
-3.013964471580244276e-11 -1.387483626321495803e-10
1.628180925665547651e-10 7.668209708738943183e-10
-7.635360543281570158e-10 -3.661346437875816565e-09
3.054531186718191034e-09 1.482203142270581042e-08
-1.019269282617294289e-08 -4.967250973144058754e-08
2.752708449217155381e-08 1.335464116120808098e-07
-5.764437489378930820e-08 -2.758916110585610371e-07
8.762274933191362496e-08 4.111785080793862513e-07
-8.602183823910728517e-08 -3.990015901879542916e-07
4.122561629702041253e-08 2.055651022634861427e-07
9.130140415278184518e-10 -2.669523248736794105e-08
-3.984353580567013307e-09 -7.445545630647057455e-09
-8.729250242985778995e-10 -8.002021971868308728e-10
-1.509098304401219348e-10 -9.102013928577521971e-11
-2.643233863452561286e-11 -1.223071371716949980e-11
-5.339890639913751543e-12 2.996534041183679935e-16
-2.643228752767317717e-11 1.223074339949078833e-11
-1.509099761734276546e-10 9.102023636231630757e-11
-8.729248039374770134e-10 8.002021899870975569e-10
-3.984353382204411476e-09 7.445545582809681446e-09
9.130141030687099961e-10 2.669523249619109614e-08
4.122561620271251857e-08 -2.055651022620053967e-07
-8.602183838685942439e-08 3.990015901582256057e-07
8.762274953037748114e-08 -4.111785080402558173e-07
-5.764437486769064153e-08 2.758916112121745385e-07
2.752708443167512399e-08 -1.335464115435052606e-07
-1.019269288383799799e-08 4.967250951606528843e-08
3.054531220890379955e-09 -1.482203150841973291e-08
-7.635361244101878984e-10 3.661346379017487256e-09
1.628181227872920260e-10 -7.668209165201405074e-10
-3.013961361480048613e-11 1.387483793465167511e-10
4.911395721116116626e-12 -2.202028421016828363e-11
-7.127215044311287650e-13 3.103755331107985070e-12
9.294658547881159716e-14 -3.925477089720317439e-13
-1.095300816587501122e-14 4.494590994619890203e-14
1.129843967422881461e-15 -4.760601377886638319e-15
2.049567726245201465e-15 -6.784581292973900160e-16
-1.925528090404863198e-14 5.985955767180797215e-15
1.696203546700633881e-13 -5.181325815842558123e-14
-1.352484223387488060e-12 4.050916120344311720e-13
9.678433087603125909e-12 -2.848541923924331381e-12
-6.152436305634957523e-11 1.783837785146593423e-11
3.430751555972980156e-10 -9.830889955172334096e-11
-1.652521732859142188e-09 4.698674451127530348e-10
6.744984204448365682e-09 -1.912147827420695660e-09
-2.276160358423757213e-08 6.469790404236472067e-09
6.146437335499853935e-08 -1.762476420961989705e-08
-1.269019119829550820e-07 3.692084073992533873e-08
1.871190656991037720e-07 -5.536381972489725871e-08
-1.755941922366599324e-07 5.216843426744252064e-08
8.163710294494949718e-08 -2.201774762280827915e-08
-4.190379174487706682e-09 -2.593365414035615825e-09
-3.787217598850028839e-09 1.965481026506913836e-09
-6.676915341528796925e-10 6.435437950825627402e-10
-7.698658440656625323e-11 1.167074409139648341e-10
-5.310467889395479205e-12 1.353112007324702359e-11
1.852911994733686242e-14 1.297690573102347599e-16
-5.310394715461923997e-12 -1.353119556742022114e-11
-7.698659095687248347e-11 -1.167075856928091273e-10
-6.676914682388106014e-10 -6.435438751900618346e-10
-3.787217417260921023e-09 -1.965481029571978657e-09
-4.190379122507341981e-09 2.593365454294608734e-09
8.163710303238921125e-08 2.201774739420423123e-08
-1.755941921920197873e-07 -5.216843425029779955e-08
1.871190655421913685e-07 5.536381970212194565e-08
-1.269019121416199702e-07 -3.692084069421169849e-08
6.146437354281693839e-08 1.762476435721654616e-08
-2.276160376253927146e-08 -6.469790616858751970e-09
6.744984125643906008e-09 1.912147885153594046e-09
-1.652521736031340546e-09 -4.698673242733486398e-10
3.430750533127766093e-10 9.830885916912723650e-11
-6.152438688830302673e-11 -1.783836623294679795e-11
9.678289784654827697e-12 2.848604520740580844e-12
-1.352335541080250262e-12 -4.051517101718331942e-13
1.697030703034394381e-13 5.174405511178465523e-14
-1.925065376721285409e-14 -6.037623500536493101e-15
2.056820111109977132e-15 6.635828491429802372e-16
-2.562538939836634220e-15 -7.352223707829646737e-15
2.159871273369521753e-14 6.666065126346399825e-14
-1.765163118528092802e-13 -5.561395670529032081e-13
1.307960720162235628e-12 4.186751589030855864e-12
-8.682334593868542745e-12 -2.819384139661554786e-11
5.114535725158255737e-11 1.679920725222201753e-10
-2.640481287066934721e-10 -8.741167831731163258e-10
1.176622904188804272e-09 3.908590185058821579e-09
-4.439625709456850068e-09 -1.472105311881544923e-08
1.383707357755684502e-08 4.551754414961382292e-08
-3.445388813886235907e-08 -1.116758271772710998e-07
6.536022976130494895e-08 2.073610802873116687e-07
-8.777628786872919341e-08 -2.715296211458053913e-07
7.315042173649683683e-08 2.227098888188851733e-07
-2.712480722086161527e-08 -8.870546534522871750e-08
-2.216407639905143098e-09 3.923531295324565484e-09
1.575102837106441262e-09 2.696469701025780270e-09
3.772063737253191383e-10 3.425213003503430146e-10
4.546794134989000578e-11 2.387136917031308178e-11
2.666623986123292450e-12 4.762299316882712695e-13
-6.295808068565564512e-16 7.438432034764863330e-17
2.667012623118191433e-12 -4.758009335122663593e-13
4.546785257666080847e-11 -2.387143126909123939e-11
3.772062828053965474e-10 -3.425214086826860749e-10
1.575102904191834083e-09 -2.696469592115444446e-09
-2.216407706466277531e-09 -3.923531112072571519e-09
-2.712480725373066592e-08 8.870546530414608431e-08
7.315042166643733887e-08 -2.227098888376700083e-07
-8.777628759208332269e-08 2.715296213652195354e-07
6.536022980835270580e-08 -2.073610802792830934e-07
-3.445388823661876900e-08 1.116758271248851428e-07
1.383707344198281116e-08 -4.551754414592068648e-08
-4.439625858414854835e-09 1.472105321741864892e-08
1.176622632159345008e-09 -3.908590014150879464e-09
-2.640482083036644990e-10 8.741166741071938261e-10
5.114523309404083288e-11 -1.679921616009267398e-10
-8.682223785071813635e-12 2.819388860647021719e-11
1.307851765078877260e-12 -4.186817006303177671e-12
-1.767264366064201280e-13 5.561695098297373532e-13
2.158634556782073331e-14 -6.675068582429667838e-14
-2.366349144655887080e-15 7.338208491067271272e-15
