-1.079466317162598485e-16 5.013145613021953981e-16
-9.786632051547011218e-17 -1.780579436975674514e-16
-2.834172527679465462e-16 -2.330107051370455855e-16
-2.787717239017376190e-16 -5.790234067228022972e-17
-1.629144081368376356e-16 -1.726680071833152332e-16
-1.281725917693568489e-15 4.514376308871671419e-15
2.751796192884922077e-14 -6.448569467205254547e-14
-4.729616002587184584e-13 9.028140249260624209e-13
7.546832945549485325e-12 -1.183756883009252385e-11
-1.101829524621209402e-10 1.419814298421745033e-10
1.466956205214701778e-09 -1.541920906911680555e-09
-1.771767257068318890e-08 1.492719093649290731e-08
1.927518466043442452e-07 -1.258104668868528488e-07
-1.870670169419918316e-06 8.849313634768556650e-07
1.598416423786267084e-05 -4.721570837843553142e-06
-1.182190641589663080e-04 1.293148049043340637e-05
7.405794855802487519e-04 7.441089130173089445e-05
-3.778039502945475595e-03 -1.391562772110319958e-03
1.514056022635065259e-02 1.276490729189495160e-02
-6.318922976660314161e-02 -7.902045298427823328e-02
9.829242338133440393e-01 0.000000000000000000e+00
-6.318922976660101831e-02 7.902045298427860798e-02
1.514056022634759080e-02 -1.276490729188891303e-02
-3.778039502944592620e-03 1.391562772108548155e-03
7.405794855802788927e-04 -7.441089130239618801e-05
-1.182190641585885584e-04 -1.293148049078587202e-05
1.598416423890874636e-05 4.721570837977966260e-06
-1.870670168851794896e-06 -8.849313638369729931e-07
1.927518468344207342e-07 1.258104667999151341e-07
-1.771767272028687596e-08 -1.492719065309061211e-08
1.466956208934277394e-09 1.541920882241584991e-09
-1.101827144864978542e-10 -1.419810907367332783e-10
7.546587998075976798e-12 1.183752767678526884e-11
-4.726452036831450338e-13 -9.037935294100811688e-13
2.694698161431729415e-14 6.379850342038640123e-14
-1.291898277798239183e-15 -4.169427008655355166e-15
-1.092135530707160208e-16 3.205207519277101499e-16
-1.802559997772614994e-16 3.269892677241958698e-17
4.471929416937673303e-16 3.519939144949565304e-17
5.565643648628155291e-16 2.502168773860260878e-16
-6.424237219548787879e-16 5.809888114506037613e-18
1.875290952905057715e-16 2.691173624165046919e-17
-1.120877106667009438e-16 -1.653491967373815500e-16
-1.224108821399103784e-16 -2.806013342582068434e-19
2.542232959173574381e-16 3.844751143731479319e-17
-1.024747146525513475e-15 -3.653735259843710730e-16
1.683842097666494005e-14 4.987711601612164713e-15
-2.485926633266687502e-13 -9.344190751708314686e-14
3.396444423959579804e-12 1.581046153592641100e-12
-4.269944797466678255e-11 -2.440299251698674825e-11
4.893886354375194231e-10 3.416687679154629500e-10
-5.055436875064723889e-09 -4.325198956766868038e-09
4.634357564371507757e-08 4.920937765887699750e-08
-3.685743028759889927e-07 -4.988486554011641095e-07
2.450899025480422549e-06 4.452622783053247562e-06
-1.266000314360616980e-05 -3.443300008596403262e-05
4.071080059689425500e-05 2.255730670060098343e-04
3.143383653535474897e-05 -1.211491494767625394e-03
-1.420441791043296990e-03 5.064596139800492565e-03
9.915740358656294912e-03 -1.498376939855519847e-02
-3.821038430248101248e-02 2.468978217345222173e-02
7.823348955125197790e-02 -1.569160012686849239e-15
-3.821038430247428175e-02 -2.468978217345613180e-02
9.915740358652468112e-03 1.498376939855479081e-02
-1.420441791042087887e-03 -5.064596139799803880e-03
3.143383653485397631e-05 1.211491494767182606e-03
4.071080059663768533e-05 -2.255730670059225831e-04
-1.266000314365968703e-05 3.443300008637710687e-05
2.450899025240304379e-06 -4.452622782647844888e-06
-3.685743027717830290e-07 4.988486555020336633e-07
4.634357578886520436e-08 -4.920937756407566053e-08
-5.055437049151431763e-09 4.325198939974259533e-09
4.893885588165457685e-10 -3.416689014538815761e-10
-4.269940008929804512e-11 2.440315864020746798e-11
3.396776719878731078e-12 -1.581266792684866983e-12
-2.485385325423588168e-13 9.301646722845453736e-14
1.679161407459783632e-14 -4.944873879256713478e-15
-1.033379291506866886e-15 2.532395611510580372e-16
1.025552732145451393e-16 -1.923294639315445875e-16
1.045032953382009974e-16 -3.512350806575079715e-17
-1.351376487416894660e-16 4.167589059047928324e-16
-2.356991378888418997e-17 -1.896479614070340364e-16
2.966188665030729711e-17 -3.382898780051423406e-16
-1.213650354915762025e-16 1.213475994284445404e-16
2.268316374028688198e-16 1.595034687216236823e-16
1.572729099170187435e-16 -2.734855944722276363e-16
-5.308087921270927904e-16 3.285586058865525059e-15
1.232883969696384658e-14 -5.040818582622955089e-14
-2.322443696074194313e-13 7.106596010138269651e-13
3.838024876793978877e-12 -9.293760952800031330e-12
-5.709624776357818500e-11 1.115311215880864565e-10
7.647026654666795207e-10 -1.216269188261993123e-09
-9.190271201266402266e-09 1.191171679133112413e-08
9.846082708508058682e-08 -1.031329650191148534e-07
-9.310685745288164339e-07 7.720509062113167067e-07
7.662901710637293610e-06 -4.827649254077845188e-06
-5.382583924044553062e-05 2.368620840523433019e-05
3.137801682196333670e-04 -7.812081110363522916e-05
-1.455233727167334163e-03 6.163279114155425478e-05
5.001717102653073684e-03 1.036328933385006644e-03
-1.111923065445056570e-02 -6.372027472234090099e-03
1.071205400590021645e-02 1.416175031932912290e-02
1.473082406861860733e-02 1.723310000185951517e-16
1.071205400590324527e-02 -1.416175031932891473e-02
-1.111923065444908772e-02 6.372027472232383132e-03
5.001717102652385866e-03 -1.036328933383714058e-03
-1.455233727166807892e-03 -6.163279114149801180e-05
3.137801682193714779e-04 7.812081110359363645e-05
-5.382583924087589789e-05 -2.368620840527657003e-05
7.662901710313117161e-06 4.827649254169666100e-06
-9.310685745145718808e-07 -7.720509063712340919e-07
9.846082699149027536e-08 1.031329649407947857e-07
-9.190271360754955551e-09 -1.191171685367763107e-08
7.647025217859241082e-10 1.216269115894637053e-09
-5.709587146617886596e-11 -1.115309953070617356e-10
3.837586112109602443e-12 9.294118461393556977e-12
-2.319009215808326612e-13 -7.105159307778070569e-13
1.255537531666902237e-14 5.011854873008916623e-14
-4.450688401986643283e-16 -3.319877354123918198e-15
1.120270115549772634e-16 1.473858788353960343e-16
-1.825764758304239839e-16 6.417083554947570222e-17
-2.810842617965513286e-16 -1.885277932584305039e-16
4.537730047910848097e-16 7.254091278247692741e-17
-1.666071022120531365e-16 1.272133992659889246e-17
1.024230509532827413e-16 1.092875490757040963e-16
1.607755083935011268e-16 -9.402690352733856077e-17
-6.096364833620640658e-16 -1.375050938851107077e-16
8.231343591807230935e-15 1.253430653417059892e-15
-1.220100017242288075e-13 -2.518897709067878391e-14
1.662597858935352172e-12 4.661206772736360925e-13
-2.088645071868783053e-11 -7.564212841860048167e-12
2.398759913975457123e-10 1.092304688169132259e-10
-2.494056662691874407e-09 -1.406764776088916153e-09
2.319015907014360132e-08 1.611793792980602155e-08
-1.897526819210891166e-07 -1.631774446884095391e-07
1.336242231741419585e-06 1.443859317309690251e-06
-7.832779123895941019e-06 -1.099052256566400233e-05
3.611011536813558872e-05 7.035804279642979069e-05
-1.157507328226512432e-04 -3.664519831119275378e-04
1.558725531849850031e-04 1.474803605820425734e-03
6.089674707664487988e-04 -4.194688128431195602e-03
-3.611282395706270215e-03 6.982546017635341169e-03
5.591636397533590770e-03 -3.607522206939966190e-03
3.385692720067885134e-03 6.341980312384529403e-17
5.591636397533124130e-03 3.607522206939088854e-03
-3.611282395704468705e-03 -6.982546017634533655e-03
6.089674707654757274e-04 4.194688128430620541e-03
1.558725531851932241e-04 -1.474803605820024796e-03
-1.157507328225362093e-04 3.664519831121546781e-04
3.611011536810876149e-05 -7.035804279681693218e-05
-7.832779123929429314e-06 1.099052256557936679e-05
1.336242231773569567e-06 -1.443859317178822602e-06
-1.897526821269633067e-07 1.631774447368744879e-07
2.319015906691867226e-08 -1.611793797164831094e-08
-2.494056572006248191e-09 1.406764748030857544e-09
2.398758429101311829e-10 -1.092304679342971272e-10
-2.088671148657154350e-11 7.564332470705502983e-12
1.662524035387735717e-12 -4.657534953974077451e-13
-1.219103066549903417e-13 2.514970432897843146e-14
8.246707223553352119e-15 -1.111260351365308560e-15
-6.294267072100275063e-16 1.103755183795286574e-16
6.217756339626668573e-17 -3.914973796686086597e-17
1.100500886796869587e-16 -2.652924264608241859e-16
1.162892105799947460e-17 1.594740994231622828e-16
8.728969647119565725e-18 2.486111010523672293e-16
1.352459941026320020e-16 -7.311869053644413336e-17
-2.210988537826729599e-16 -1.902197173967248095e-16
-1.175296618023449448e-16 1.235745961541149382e-15
1.810228547778107092e-15 -1.844879396238983107e-14
-4.312523203671498921e-14 2.616607016435578121e-13
8.103640022098070279e-13 -3.427716282313309914e-12
-1.298990014201531026e-11 4.128790140548975599e-11
1.825699001652549601e-10 -4.533012443122606767e-10
-2.265323388186014625e-09 4.490244826304226304e-09
2.478668749429793982e-08 -3.962146080030792547e-08
-2.375717595342596298e-07 3.062948062776455302e-07
1.971309640549816186e-06 -2.027800110973081682e-06
-1.391386251254933502e-05 1.112125632829059976e-05
8.142060614711868006e-05 -4.786421073237907126e-05
-3.801993303305768127e-04 1.451670467319163521e-04
1.333142515303885767e-03 -2.201669923392179245e-04
-3.148259171324488057e-03 -2.913800856325578399e-04
3.922601859485026071e-03 1.916248245040983551e-03
-7.824451004825026292e-04 -1.923409766496656350e-03
1.741853323962590499e-05 5.466433993302456759e-16
-7.824451004829521394e-04 1.923409766495253392e-03
3.922601859485017398e-03 -1.916248245040149800e-03
-3.148259171324171903e-03 2.913800856319783339e-04
1.333142515303526680e-03 2.201669923393854880e-04
-3.801993303303133516e-04 -1.451670467316940906e-04
8.142060614746422884e-05 4.786421073267510589e-05
-1.391386251241782638e-05 -1.112125632801677095e-05
1.971309640617461084e-06 2.027800110883535053e-06
-2.375717595811008694e-07 -3.062948060890096517e-07
2.478668748179768566e-08 3.962146089505734197e-08
-2.265323379700244172e-09 -4.490244721657230643e-09
1.825697397357140635e-10 4.533010842746389625e-10
-1.298953558343327868e-11 -4.128818676517234282e-11
8.101286305097365816e-13 3.427668356195100062e-12
-4.331256699195841406e-14 -2.614878614421850926e-13
1.754067878456459444e-15 1.848753883642592058e-14
-9.214069631832388615e-17 -1.181265879694584529e-15
1.689333030703118851e-16 2.537738738219851144e-17
1.397337591244932192e-16 1.775708054734164052e-16
-3.040362899337975441e-16 -8.771081037639180593e-17
1.531680985399790508e-16 -2.540558897020318038e-17
-7.975503836000322345e-17 -1.491259561334422591e-16
-2.913729000301874980e-16 5.022428916105515139e-17
2.554917072403269328e-15 1.110995098004790666e-16
-3.672675129538886152e-14 -2.337938299745761759e-15
5.035720332586501992e-13 6.292144742006061585e-14
-6.358562300733380466e-12 -1.229798188182990101e-12
7.358173163606421910e-11 1.975309888636958709e-11
-7.735572564981599933e-10 -2.725912963110185250e-10
7.310022818405676476e-09 3.277559280805406840e-09
-6.127337136458695348e-08 -3.439309421391670094e-08
4.477720848512424707e-07 3.131252023850886646e-07
-2.786927931084486184e-06 -2.443489890995083662e-06
1.428440635502170464e-05 1.603501382189397197e-05
-5.716121942001500491e-05 -8.601135488575598206e-05
1.615658712930877704e-04 3.611781348310419784e-04
-2.449232621080923099e-04 -1.106914162782335212e-03
-1.045820824265251823e-04 2.174935606918665734e-03
9.781356042770775801e-04 -1.999932917090280725e-03
-6.360497758637652377e-04 1.351920559159244506e-05
-2.221247817836282615e-04 6.408357448923743786e-16
-6.360497758641707293e-04 -1.351920559188170343e-05
9.781356042769075772e-04 1.999932917090403023e-03
-1.045820824260953368e-04 -2.174935606918395985e-03
-2.449232621084527529e-04 1.106914162781991954e-03
1.615658712930049103e-04 -3.611781348311784794e-04
-5.716121942010010123e-05 8.601135488590762128e-05
1.428440635505863189e-05 -1.603501382177117591e-05
-2.786927931122987219e-06 2.443489890958052228e-06
4.477720847447009725e-07 -3.131252023970088534e-07
-6.127337133205116066e-08 3.439309419664718146e-08
7.310022874806947665e-09 -3.277559316210616412e-09
-7.735571065806180652e-10 2.725913443497466837e-10
7.358187958533380871e-11 -1.975313251383752167e-11
-6.358508427209145400e-12 1.229609744686327964e-12
5.034542831106652277e-13 -6.283413485277573726e-14
-3.679670568221214733e-14 2.226841093678803442e-15
2.571862926180504126e-15 8.125607081640745594e-18
-2.749773365060783208e-16 1.024212541606052239e-16
-1.114472033932165064e-16 1.600932616034962715e-16
-1.350837548451512276e-17 -1.962699609353210571e-16
-2.137177459191705878e-17 -1.939493987430414440e-16
-1.671101172513605793e-16 5.698006326899079773e-18
1.844156825015873216e-16 4.497915489563352228e-16
-7.865114507589560215e-17 -4.757781941565688743e-15
-1.638087151255258428e-15 6.806774051929163156e-14
7.729648023118132913e-14 -8.988264166437805314e-13
-1.664449981308199942e-12 1.092177387416640877e-11
2.725413210158290735e-11 -1.213158133901279041e-10
-3.721139109012358343e-10 1.220576762703270681e-09
4.354499805007277604e-09 -1.100071414590029377e-08
-4.395528922891770323e-08 8.758900283050472552e-08
3.810964413430435774e-07 -6.051169891543786810e-07
-2.803574164453253280e-06 3.540486539390439631e-06
1.714767876893096143e-05 -1.694732232771953048e-05
-8.452883397936622576e-05 6.288907578543321370e-05
3.200504570568559587e-04 -1.641202503122207875e-04
-8.594507461464408497e-04 2.358044090238626525e-04
1.405533015832484238e-03 1.661684891014313719e-05
-9.352084029843097486e-04 -4.898302382363161093e-04
-1.367810485168458046e-04 1.798604443215584439e-04
-8.969387435410964605e-05 4.184606487262504858e-16
-1.367810485172482062e-04 -1.798604443217194750e-04
-9.352084029841889684e-04 4.898302382363090620e-04
1.405533015832361723e-03 -1.661684890982527622e-05
-8.594507461462837488e-04 -2.358044090241395306e-04
3.200504570566282221e-04 1.641202503120614098e-04
-8.452883397930168862e-05 -6.288907578565754869e-05
1.714767876869485947e-05 1.694732232769279812e-05
-2.803574164508179979e-06 -3.540486539403960395e-06
3.810964413776640904e-07 6.051169891454861056e-07
-4.395528928775838877e-08 -8.758900292648298168e-08
4.354499933350900912e-09 1.100071406686489520e-08
-3.721138315474427760e-10 -1.220576783231480185e-09
2.725395444770739416e-11 1.213161108883289483e-10
-1.664329953843018935e-12 -1.092167492542917534e-11
7.748039197677754463e-14 8.987325588313215187e-13
-1.596900004587038982e-15 -6.809169194928972534e-14
-9.425661349437198587e-17 4.806329285628168632e-15
-8.813985059199350823e-17 -2.622015648518590365e-16
-7.083977337148002103e-17 -1.478256841354036318e-16
2.972972684278931709e-16 4.530390340283175481e-17
-1.142781156286307069e-16 2.962688261484193372e-17
3.815210616697659692e-17 1.653795008708668702e-16
6.841686103835537233e-16 -9.652167360107202989e-17
-8.496202984481427830e-15 4.768020924344280031e-16
1.168703203740321290e-13 -1.480725187034139357e-15
-1.491802896539369165e-12 -7.056556432852493541e-14
1.747919648174815848e-11 1.954393923809128468e-12
-1.866698696123762916e-10 -3.392958028803198202e-11
1.799918786212957581e-09 4.660116472136855701e-10
-1.548944308436316090e-08 -5.355038741597564439e-09
1.172536902884863716e-07 5.229080564606649474e-08
-7.662779569615250675e-07 -4.334523150191579665e-07
4.215750583294268918e-06 3.015353599765371233e-06
-1.883906785806410160e-05 -1.723517982400644109e-05
6.471347964781133904e-05 7.827246439292144162e-05
-1.549632804510002460e-04 -2.678619787630197313e-04
2.049200667989920204e-04 6.314740464075503613e-04
-1.356272975392763365e-05 -8.584536114475890822e-04
-2.447760520755290991e-04 3.979112593080797616e-04
3.511765006155711735e-05 9.353290080087597414e-05
2.689974481958618257e-06 1.606830290623419337e-16
3.511765006127748806e-05 -9.353290080106776950e-05
-2.447760520756791527e-04 -3.979112593080557465e-04
-1.356272975425546250e-05 8.584536114474323066e-04
2.049200667989220352e-04 -6.314740464071952851e-04
-1.549632804510195176e-04 2.678619787631431677e-04
6.471347964780163543e-05 -7.827246439314034204e-05
-1.883906785801994069e-05 1.723517982406815591e-05
4.215750583275092093e-06 -3.015353599741415447e-06
-7.662779569255513665e-07 4.334523150180458122e-07
1.172536902953361550e-07 -5.229080568087973416e-08
-1.548944317319421261e-08 5.355038581407308877e-09
1.799918557353949434e-09 -4.660116250570394051e-10
-1.866699874304455708e-10 3.392952061094374869e-11
1.747910051097938637e-11 -1.954219977818315129e-12
-1.491734593697257918e-12 7.053391365579187128e-14
1.169245915548928218e-13 1.489594489259139696e-15
-8.536989862603423935e-15 -5.892420183671472816e-16
6.980086763026576665e-16 2.253608438111356526e-18
2.205976336435789918e-17 -1.172854578156487463e-16
-2.188445653721777785e-17 1.783845976144959000e-16
4.288284833365995114e-17 1.433175255007224896e-16
1.495351192194723268e-16 5.469346225420446969e-17
-2.730430516739513910e-16 -1.085758991425488321e-15
1.415497829613636066e-15 1.427203770274309449e-14
-9.399685560625384779e-15 -1.907668041956725666e-13
-2.336313244623946556e-14 2.349587839465147129e-12
1.932362014523736959e-12 -2.651573759775149781e-11
-3.828754162227484335e-11 2.720594906924300392e-10
5.405860098005491782e-10 -2.512921587378740216e-09
-6.157858844812430381e-09 2.064465982657941874e-08
5.847495060526440901e-08 -1.485841399459833132e-07
-4.650956320556699563e-07 9.186901209076567246e-07
3.068401686024307412e-06 -4.753072748792066544e-06
-1.643187891527060672e-05 1.982477268871449383e-05
6.891450560728802285e-05 -6.295890556510218283e-05
-2.136211576253841196e-04 1.377265691364740218e-04
4.427269148744901873e-04 -1.645032019036173402e-04
-4.988039704539513853e-04 1.668944683648311699e-05
1.506739106970981222e-04 1.222613617404740016e-04
4.810136958244012417e-05 1.275555273481555145e-06
1.603094483305094015e-05 6.328941734183010516e-17
4.810136958257748581e-05 -1.275555273592740713e-06
1.506739106971688663e-04 -1.222613617405453150e-04
-4.988039704540920063e-04 -1.668944683650732519e-05
4.427269148745028725e-04 1.645032019039360685e-04
-2.136211576251161319e-04 -1.377265691363509378e-04
6.891450560716823207e-05 6.295890556514988773e-05
-1.643187891519202578e-05 -1.982477268874753828e-05
3.068401685935329142e-06 4.753072748873467257e-06
-4.650956320275097636e-07 -9.186901209743975210e-07
5.847495062465851873e-08 1.485841400529735006e-07
-6.157858949679560310e-09 -2.064465975532963765e-08
5.405859845621744327e-10 2.512921660061113753e-09
-3.828734656354954080e-11 -2.720597637965070890e-10
1.932296169396139701e-12 2.651562238743062126e-11
-2.348843383588410624e-14 -2.349418995694303705e-12
-9.385483756733166583e-15 1.907851575355680388e-13
1.478075945455402981e-15 -1.431894792818281874e-14
-8.734690248837516818e-17 1.006415799611917964e-15
8.888824472155334668e-17 1.294240440410650491e-16
-1.803989072154161183e-16 -9.445121783859079945e-17
8.888043734997281515e-17 -2.356370501315871095e-17
7.743737335122686725e-17 -1.512796843790228431e-16
-1.714326008208622826e-15 2.840840679158712785e-16
2.275260487287755365e-14 -3.116383554782057569e-15
-2.939883584308426036e-13 2.524718931556520787e-14
3.502780309004335462e-12 -9.718693587537611688e-14
-3.814633823548696409e-11 -1.294508006601051902e-12
3.766367640929913058e-10 3.771983832547296273e-11
-3.337085874527706371e-09 -5.750707987824792743e-10
2.620164932229614487e-08 6.615632677399728153e-09
-1.794526608564801933e-07 -6.166946611133875282e-08
1.050415960314245214e-06 4.733115153838200472e-07
-5.112602964246090315e-06 -2.972760373811138525e-06
1.990229148074878520e-05 1.495914162365465097e-05
-5.837967527907222742e-05 -5.807945034958915414e-05
1.162713312259436847e-04 1.634055021764850048e-04
-1.237245535656164921e-04 -2.979953421362788982e-04
1.082996647699110691e-05 2.768378782116141541e-04
6.101984570281593644e-05 -4.741787282293901599e-05
8.149195381520909931e-06 -1.900796521499763898e-05
4.253670768625418084e-06 1.265700663287829387e-16
8.149195381594308724e-06 1.900796521507173403e-05
6.101984570300830101e-05 4.741787282290745216e-05
1.082996647714459606e-05 -2.768378782114462654e-04
-1.237245535657083241e-04 2.979953421361543776e-04
1.162713312258659745e-04 -1.634055021764856011e-04
-5.837967527910211074e-05 5.807945034962611188e-05
1.990229148078454015e-05 -1.495914162374899350e-05
-5.112602964106863509e-06 2.972760373787977256e-06
1.050415960264025054e-06 -4.733115152879476172e-07
-1.794526607830142994e-07 6.166946614372362819e-08
2.620164942306012726e-08 -6.615632519272126030e-09
-3.337085686225821502e-09 5.750707474497811731e-10
3.766369221746353772e-10 -3.771980792131221377e-11
-3.814624630365719817e-11 1.294428572197460541e-12
3.502661022745044386e-12 9.721024270094542809e-14
-2.940774593389375128e-13 -2.524591606239196801e-14
2.270932751482146561e-14 3.205609284221868164e-15
-1.738328978653770580e-15 -2.850746306863997758e-16
3.127539775593352971e-17 1.272815320208589414e-16
4.939204994524314986e-17 -1.793750389012252507e-16
-3.478300197558717656e-17 -1.202923215503842594e-16
-1.655040800378186646e-16 -1.606880231668711245e-16
6.535969671165170279e-16 2.657802704385967063e-15
-6.079808282595879333e-15 -3.486049799299826735e-14
5.302408498241131809e-14 4.367560596468841761e-13
-3.218399245273930803e-13 -5.025437418685403137e-12
1.860599846541597575e-13 5.274964220050099261e-11
3.061741324347818287e-11 -5.007547215159733790e-10
-5.584625532263222735e-10 4.253606983362203343e-09
6.662065672683622347e-09 -3.191030275322240343e-08
-6.163004069398951513e-08 2.079655438869530351e-07
4.591286201739205663e-07 -1.152575941784050815e-06
-2.756063637365894816e-06 5.278247618196692347e-06
1.307096509238356096e-05 -1.917574632485575565e-05
-4.709583286455214137e-05 5.191501893514656880e-05
1.204937772593541687e-04 -9.387021568034132431e-05
-1.934503199860366498e-04 8.798034144512231975e-05
1.470626863377666991e-04 -4.337417471474366960e-06
-9.366314305824020880e-06 -3.000424285758408570e-05
-5.981109678457264765e-06 -5.909240736742956807e-06
-1.075416779180850527e-06 1.076530054813998754e-16
-5.981109678411092999e-06 5.909240736911167386e-06
-9.366314305752881971e-06 3.000424285768233475e-05
1.470626863378094709e-04 4.337417471635553095e-06
-1.934503199861433082e-04 -8.798034144504283418e-05
1.204937772591461103e-04 9.387021568031084467e-05
-4.709583286466767667e-05 -5.191501893511673969e-05
1.307096509240657146e-05 1.917574632490811584e-05
-2.756063637301347941e-06 -5.278247618197466535e-06
4.591286200955305787e-07 1.152575941863804684e-06
-6.163004067054314022e-08 -2.079655440125736328e-07
6.662065751377650927e-09 3.191030270143350540e-08
-5.584625427774790359e-10 -4.253607010587389096e-09
3.061721381262839266e-11 5.007548888686242550e-10
1.860589770261644770e-13 -5.274958460611299853e-11
-3.217054326482204242e-13 5.025316435613178203e-12
5.304000431843346704e-14 -4.367675318856031335e-13
-6.085964854623077435e-15 3.493222346276073829e-14
5.118918853568428843e-16 -2.569964358325751254e-15
-1.086014181342567484e-16 6.071345506178969839e-17
1.739113644463377031e-16 7.630137484861850567e-17
-4.905591156296019451e-17 2.485889484904744486e-17
-2.566938190307272353e-16 1.973319692911256799e-16
3.935910711089885063e-15 -1.000092672060912682e-15
-5.095217658571717414e-14 1.073246636918899863e-14
6.187005181545239414e-13 -9.776539270282579674e-14
-6.892511113956180299e-12 6.975483659649616968e-13
6.987632321482566707e-11 -2.897240019554607723e-12
-6.389162849241269584e-10 -1.412530772729632974e-11
5.210895531545297057e-09 4.727496883371657680e-10
-3.739599432042090820e-08 -6.211337768257547317e-09
2.321321176870461364e-07 5.821132647838427252e-08
-1.218930150383838259e-06 -4.250794510363825126e-07
5.254368204271877568e-06 2.452523320451509344e-06
-1.781603593024448407e-05 -1.100312930343677576e-05
4.448963480645816638e-05 3.689108607960649242e-05
-7.284804372936541596e-05 -8.599160312533641389e-05
5.950282852699738308e-05 1.215487981343014296e-04
3.795840495060303852e-08 -7.478470975456034823e-05
-1.433007019052126905e-05 -1.969858729107941306e-06
-3.546377076723794210e-06 1.176528435969580617e-06
-1.188288669289411886e-06 -2.825239526550673317e-17
-3.546377076755455031e-06 -1.176528435971231484e-06
-1.433007019056307351e-05 1.969858729093616285e-06
3.795840502302719440e-08 7.478470975457044486e-05
5.950282852713591702e-05 -1.215487981340494339e-04
-7.284804372945066135e-05 8.599160312525675213e-05
4.448963480652489224e-05 -3.689108607958239603e-05
-1.781603593024907837e-05 1.100312930347295423e-05
5.254368204215211910e-06 -2.452523320498798770e-06
-1.218930150331952832e-06 4.250794509692952268e-07
2.321321176571211770e-07 -5.821132654976527423e-08
-3.739599439197633253e-08 6.211337688595379104e-09
5.210895342505587348e-09 -4.727496633152074235e-10
-6.389163655346908316e-10 1.412525441778482537e-11
6.987632973635049687e-11 2.897344735468476081e-12
-6.892396963341253445e-12 -6.975578531587948325e-13
6.187839949752326037e-13 9.778164875198244755e-14
-5.097433473385444703e-14 -1.081465879757228127e-14
3.983384351096024073e-15 9.903496500647111216e-16
-2.248837298833571399e-16 -1.596401970121957854e-16
-5.364249630127557220e-17 1.783993948739980434e-16
2.279476581642652017e-17 8.637216549269132785e-17
2.415525375623241404e-16 4.074256772390393252e-16
-1.739388005991076734e-15 -5.755645566332394318e-15
1.787360451688001247e-14 7.257862213227040362e-14
-1.648631992117890109e-13 -8.537747594127500383e-13
1.257508762946335282e-12 9.190393396129909816e-12
-6.999561607743307012e-12 -8.985052242561279110e-11
1.220335344228064639e-11 7.903640261174273183e-10
3.197388314290510127e-10 -6.183982037849546684e-09
-5.309819306254159125e-09 4.243262642399627817e-08
5.197615015473980023e-08 -2.508212897466043627e-07
-3.764736646397711704e-07 1.247872836505875056e-06
2.100696221024992779e-06 -5.063700044339342635e-06
-8.951144920609353008e-06 1.602374023376116428e-05
2.800556401034230602e-05 -3.688483870788496346e-05
-5.958471793692772598e-05 5.455945203651894497e-05
7.412341268188282913e-05 -3.841417275657594643e-05
-3.633072677965428041e-05 -2.149401105268374979e-06
-3.790521503944847184e-06 6.496875970600009631e-06
-2.643209149014674739e-07 1.718483521261884992e-06
-2.238117260868437781e-07 3.079437801061207272e-17
-2.643209149806322849e-07 -1.718483521347455649e-06
-3.790521503949773104e-06 -6.496875970541188275e-06
-3.633072677968835824e-05 2.149401105236764133e-06
7.412341268205933724e-05 3.841417275649374358e-05
-5.958471793693736183e-05 -5.455945203644120767e-05
2.800556401032437942e-05 3.688483870796976840e-05
-8.951144920627786139e-06 -1.602374023379495412e-05
2.100696220933711003e-06 5.063700044346721139e-06
-3.764736646237513422e-07 -1.247872836566237588e-06
5.197615017166488833e-08 2.508212898268455938e-07
-5.309819387788105543e-09 -4.243262646761938816e-08
3.197388811878659966e-10 6.183982029581242841e-09
1.220348719475816669e-11 -7.903641230913455876e-10
-6.999565760048847567e-12 8.985056897885225273e-11
1.257334587065355037e-12 -9.190299951443736827e-12
-1.648477203366468895e-13 8.537953390552447439e-13
1.791046172519732333e-14 -7.264573838798534123e-14
-1.661057073451461655e-15 5.687245802200162485e-15
1.817182105633275686e-16 -3.391004416618334612e-16
-1.888808848395752130e-16 -3.821633705695847930e-17
5.819509216321887289e-18 -8.471807646986144490e-18
5.664176691545884839e-16 -3.200563680870298382e-16
-8.024876712190172269e-15 2.620406332693525117e-15
9.887312368161189381e-14 -2.804951595123326235e-14
-1.128794350664673718e-12 2.597412774204802583e-13
1.177575103532005635e-11 -2.048839136244481890e-12
-1.113025628559081544e-10 1.284637266042660782e-11
9.439449364576242893e-10 -5.057712651334016165e-11
-7.098187457595723581e-09 -8.943870826526698104e-11
4.663716989527417377e-08 3.947073812518170133e-09
-2.628074995355166118e-07 -4.329808285072622398e-08
1.239803293967606345e-06 3.179622787560451193e-07
-4.738213368836456057e-06 -1.732879339932851653e-06
1.399452187071836053e-05 7.051022914414727474e-06
-2.967729563015908639e-05 -2.065589955697045535e-05
3.955752689674171927e-05 4.019215071900645268e-05
-2.371416509557003116e-05 -4.396720005051797480e-05
-2.697926240362086612e-06 1.677319908414602281e-05
2.711526143777853086e-06 2.937789394479911420e-06
7.669566038763209569e-07 4.220413794564583381e-07
1.918573880894733078e-07 -4.087869603100721942e-17
7.669566038188152548e-07 -4.220413796627162606e-07
2.711526143836665972e-06 -2.937789394482294124e-06
-2.697926240168235498e-06 -1.677319908413974121e-05
-2.371416509552225850e-05 4.396720005035555453e-05
3.955752689669042973e-05 -4.019215071886310083e-05
-2.967729563026305799e-05 2.065589955701635098e-05
1.399452187074179793e-05 -7.051022914403024867e-06
-4.738213368901774155e-06 1.732879339999987908e-06
1.239803293882791031e-06 -3.179622787330656978e-07
-2.628074995766990890e-07 4.329808290089987650e-08
4.663716990992867756e-08 -3.947073745590645145e-09
-7.098187329606910298e-09 8.943875785906735560e-11
9.439450357213806364e-10 5.057716425043171494e-11
-1.113025713522369217e-10 -1.284650583257158599e-11
1.177566858747188680e-11 2.048851859170190466e-12
-1.128858961802961500e-12 -2.597617237459047101e-13
9.890441333006957039e-14 2.808901962187309962e-14
-8.063764355620428758e-15 -2.656264022041622078e-15
5.691347279400429595e-16 2.684564489705953638e-16
3.032117017840033068e-17 -1.368031883442448496e-16
-9.193876196799975221e-18 -1.449251728737710808e-17
-4.091095682412460347e-16 -8.735384650701198453e-16
4.111349793990389858e-15 1.105090402581762892e-14
-4.229201477851974572e-14 -1.327614527937749890e-13
3.889088843630136743e-13 1.467811687011739829e-12
-3.096005219192760256e-12 -1.479985067100355298e-11
2.039757594169128750e-11 1.349395141095506293e-10
-9.921927764483629507e-11 -1.101384764204203866e-09
1.982419820783676847e-10 7.948979236640278465e-09
2.284191676695759821e-09 -4.996230535960879291e-08
-3.326718388847132582e-08 2.682543750655109822e-07
2.558778755424547819e-07 -1.199664540820832354e-06
-1.378436976933381699e-06 4.317656285234689008e-06
5.388583814040709574e-06 -1.190071771408724263e-05
-1.483481801401741770e-05 2.323383093895767875e-05
2.645214648288110254e-05 -2.783201205984799380e-05
-2.541120688269485171e-05 1.399725420343131151e-05
7.281782823105142567e-06 2.426982149146331881e-06
1.789484087353838441e-06 -9.796628774438802371e-07
3.201740962512397888e-07 -2.899962394835746482e-07
1.000695141073661833e-07 -4.075110743349714036e-17
3.201740961976524612e-07 2.899962394302657827e-07
1.789484087311006950e-06 9.796628773900540461e-07
7.281782823353551920e-06 -2.426982149182408709e-06
-2.541120688274907199e-05 -1.399725420348182856e-05
2.645214648300080185e-05 2.783201205991802309e-05
-1.483481801403656912e-05 -2.323383093901794345e-05
5.388583814067183589e-06 1.190071771413841697e-05
-1.378436976925599583e-06 -4.317656285219762594e-06
2.558778755338512565e-07 1.199664540880417098e-06
-3.326718393032206569e-08 -2.682543751229374338e-07
2.284191699095147410e-09 4.996230538805378055e-08
1.982418563786280609e-10 -7.948979230322224970e-09
-9.921931871636976720e-11 1.101384840142379939e-09
2.039759902910798055e-11 -1.349395080487234989e-10
-3.095858170648030994e-12 1.479977373300873137e-11
3.888712898587035720e-13 -1.467851914279754762e-12
-4.229851407578314991e-14 1.328051826130556548e-13
4.078556649388519563e-15 -1.103201520563005593e-14
-3.732823024270775528e-16 7.810192254158771744e-16
1.532050922975363339e-16 6.574855024212274321e-18
3.738082907387980702e-17 -7.934262039255144886e-18
-1.142938044112599863e-15 5.749257121884235481e-16
1.456657826682901311e-14 -5.896416914948571236e-15
-1.701907774407400310e-13 6.078980233181025418e-14
1.829373778911155977e-12 -5.541857278143077935e-13
-1.789646706550999705e-11 4.419458042997410353e-12
1.579338986950926438e-10 -2.982808837423102682e-11
-1.244219445898454195e-09 1.592169615588867950e-10
8.639732446876215137e-09 -5.466050496908894411e-10
-5.205133986432827434e-08 -3.440945616814192787e-10
2.666779665490017941e-07 2.232260751083967226e-08
-1.131763726546554184e-06 -1.938013089160472943e-07
3.838301127695722069e-06 1.054480041256275052e-06
-9.874260233540124650e-06 -3.997087224675802327e-06
1.773575969226553168e-05 1.039071609917146695e-05
-1.903776986701243289e-05 -1.701824768067118141e-05
7.881332228231534604e-06 1.432901085922768082e-05
1.859504104979438179e-06 -2.908208961156558962e-06
-2.528320728949419978e-07 -9.522897125154536681e-07
-8.699051637672761021e-08 -1.779808213656459616e-07
-1.072998075884540173e-08 2.267408344311193344e-17
-8.699051625094917324e-08 1.779808214882534778e-07
-2.528320729871444458e-07 9.522897125367029719e-07
1.859504104973387187e-06 2.908208960985761544e-06
7.881332228215727275e-06 -1.432901085929075089e-05
-1.903776986695092813e-05 1.701824768062365947e-05
1.773575969229786124e-05 -1.039071609919451641e-05
-9.874260233499438269e-06 3.997087224596810576e-06
3.838301127740567382e-06 -1.054480041304096627e-06
-1.131763726572719032e-06 1.938013089839834130e-07
2.666779665623408160e-07 -2.232260752289351689e-08
-5.205133989473045734e-08 3.440945362188578042e-10
8.639732397364891093e-09 5.466049468463794780e-10
-1.244219488256544468e-09 -1.592169149661105687e-10
1.579339139608227246e-10 2.982822204729392535e-11
-1.789642904809593622e-11 -4.419492740411116913e-12
1.829430461083171357e-12 5.542511334826194754e-13
-1.701931418443019371e-13 -6.084687690900731929e-14
1.454360088351115574e-14 5.902168920073983730e-15
-1.111426567606901523e-15 -5.229128777961027131e-16
4.808562737612427281e-17 1.354736758912051695e-16
-2.642064576342766970e-17 -6.351859285733684636e-17
7.872879046190394480e-16 1.622987346904014654e-15
-8.562090265240422923e-15 -1.917076965238091215e-14
8.538054871689486714e-14 2.178503865271929605e-13
-7.655452672613174370e-13 -2.267156811059191104e-12
6.041288470007593345e-12 2.143508135751530902e-11
-4.088847776037496027e-11 -1.824694822573428833e-10
2.264651944119542454e-10 1.383570292026900480e-09
-9.193055649230450047e-10 -9.222472073388656447e-09
1.634573912180975544e-09 5.316607750273349871e-08
1.171080193505702063e-08 -2.596128771478289948e-07
-1.368838866997967108e-07 1.044802339037724994e-06
7.755799524565810914e-07 -3.337576908645792014e-06
-2.881612912410198477e-06 8.010759722162995216e-06
7.110471463244188875e-06 -1.322571450859721071e-05
-1.072273330365156575e-05 1.267809166100158642e-05
7.891497755933056944e-06 -4.210468215634733634e-06
-1.015240490841079955e-06 -1.282868159693483282e-06
-4.576987584295576417e-07 -9.413885249072707147e-09
-9.040476933501127519e-08 1.279235199328394297e-08
-2.222000825269979172e-08 1.021933662770947224e-16
-9.040476927255946982e-08 -1.279235187102295094e-08
-4.576987584913214314e-07 9.413885081622509033e-09
-1.015240491006116278e-06 1.282868159767818470e-06
7.891497755713785525e-06 4.210468215611388559e-06
-1.072273330364449133e-05 -1.267809166112096386e-05
7.110471463260384992e-06 1.322571450858194040e-05
-2.881612912454592321e-06 -8.010759722113116834e-06
7.755799524166291943e-07 3.337576908690536953e-06
-1.368838866473113994e-07 -1.044802339088627439e-06
1.171080201058239077e-08 2.596128771021338437e-07
1.634573870529639760e-09 -5.316607745529197081e-08
-9.193054769470325196e-10 9.222472123488382185e-09
2.264652125787716536e-10 -1.383570378466657209e-09
-4.088850210936298509e-11 1.824694390058382507e-10
6.041188913150164171e-12 -2.143501589085422034e-11
-7.655338065011635647e-13 2.267224339738579531e-12
8.539070228931297246e-14 -2.178979427540800809e-13
-8.509987386056522730e-15 1.916876899252319158e-14
7.790909228526491606e-16 -1.500428520212721547e-15
-1.472197950600478618e-16 4.800447165951118010e-17
-1.208057387541332494e-16 4.592682180531617570e-17
1.987645105577659528e-15 -1.072203126588088013e-15
-2.389298544252654023e-14 1.156328722704754439e-14
2.644219259698359454e-13 -1.143701809818828390e-13
-2.679325375735959121e-12 1.011269175543838052e-12
2.461472069526664065e-11 -7.899923265164097117e-12
-2.031038169732501179e-10 5.335582436513399836e-11
1.488545037529508700e-09 -3.007049885878843084e-10
-9.559169471113017528e-09 1.318671022404716354e-09
5.288674165007442994e-08 -3.660179740623138058e-09
-2.466993633148861104e-07 -1.515145992083735180e-09
9.430184933704010185e-07 8.597848455024645892e-08
-2.840226299148943263e-06 -5.431369780352063169e-07
6.361991555628621475e-06 2.015697463589462337e-06
-9.647409724947774248e-06 -4.757436085569369514e-06
8.227037010023376801e-06 6.626024085793266451e-06
-2.111192478997245594e-06 -4.247094300880243875e-06
-8.168182409135872370e-07 2.623099611571378881e-07
-7.641663558438247098e-08 1.993090196031030402e-07
-9.948004966207449258e-09 3.971769747458535202e-08
-5.410031199857523258e-09 3.801257266750091851e-17
-9.948004956878067904e-09 -3.971769736258804846e-08
-7.641663567622680931e-08 -1.993090193578164864e-07
-8.168182410996912810e-07 -2.623099611111335170e-07
-2.111192479123976123e-06 4.247094300949493053e-06
8.227037010094774902e-06 -6.626024085879037007e-06
-9.647409724930708228e-06 4.757436085546691901e-06
6.361991555598124054e-06 -2.015697463534426795e-06
-2.840226299193034717e-06 5.431369780567931633e-07
9.430184933596286653e-07 -8.597848459262837447e-08
-2.466993633420416691e-07 1.515145968403116580e-09
5.288674166711691151e-08 3.660179776223009284e-09
-9.559169439569783542e-09 -1.318670993292052716e-09
1.488545080569882771e-09 3.007049827964261921e-10
-2.031037948332948808e-10 -5.335595420912337671e-11
2.461469390336254880e-11 7.899977405310121225e-12
-2.679405790624350618e-12 -1.011312566016778897e-12
2.643857259485127747e-13 1.144146804227817902e-13
-2.383677391195356462e-14 -1.150153576860861611e-14
1.932508257479865349e-15 1.043789966102888438e-15
-1.511911990703992868e-16 -1.593762948262373026e-16
9.536679753880671239e-17 1.555204719777293617e-16
-1.503453856978615500e-15 -2.656582631768033901e-15
1.586656995804636249e-14 3.034502830779080320e-14
-1.523627982754688727e-13 -3.262377710377575688e-13
1.317066241532822757e-12 3.198118928185825437e-12
-1.008542009445963000e-11 -2.837769053957125210e-11
6.712417942984143130e-11 2.257492906131830294e-10
-3.771856217292322343e-10 -1.591742993731360673e-09
1.700529827191531762e-09 9.809251641226237852e-09
-5.464208431850069604e-09 -5.191950026777629472e-08
7.086769888766033933e-09 2.308050533675705180e-07
4.459969986449501686e-08 -8.365988072887853754e-07
-3.610543260671927841e-07 2.373060083914448226e-06
1.370313741344681858e-06 -4.956550648843104221e-06
-3.118483552479879664e-06 6.894261054169403804e-06
4.023372333715053991e-06 -5.205720282001586143e-06
-2.234777159067064279e-06 9.723514456326316987e-07
1.453377065257756360e-09 4.855850753818144187e-07
7.687624417618527964e-08 7.270801402288787857e-08
1.599940849565300976e-08 1.151396049837641027e-08
3.147339735505980352e-09 -2.704980639226313362e-17
1.599940870764653313e-08 -1.151396041676185593e-08
7.687624428441090431e-08 -7.270801406579818387e-08
1.453377122206946404e-09 -4.855850753794238800e-07
-2.234777158936890985e-06 -9.723514455572059558e-07
4.023372333623449072e-06 5.205720281962892831e-06
-3.118483552552885010e-06 -6.894261054074490374e-06
1.370313741358278642e-06 4.956550648833102456e-06
-3.610543260135227119e-07 -2.373060083946975561e-06
4.459969980257713341e-08 8.365988073089330070e-07
7.086769814463543621e-09 -2.308050533013839723e-07
-5.464208421270476719e-09 5.191950018774055519e-08
1.700529749008644553e-09 -9.809251642635844605e-09
-3.771856050427914307e-10 1.591743067991058657e-09
6.712426017778638161e-11 -2.257492695460974095e-10
-1.008539316395942803e-11 2.837763878675746883e-11
1.317081225061865252e-12 -3.198152651337460955e-12
-1.523980610411114938e-13 3.262558590691558230e-13
1.581511405785702621e-14 -3.038199355756605471e-14
-1.490404956227947803e-15 2.551937169707841741e-15
2.082658077164185862e-16 -1.345710605908838040e-16
2.254945914461704821e-16 -1.322069242108139550e-16
-3.119923552490226972e-15 1.921288831699963223e-15
3.577365377680506632e-14 -2.023502149559526667e-14
-3.752509984449408514e-13 1.917927400031045477e-13
3.589701614932880014e-12 -1.631608656247248033e-12
-3.101495128549967570e-11 1.231114453051979700e-11
2.396424573385963306e-10 -8.097358102786627874e-11
-1.636432777264909397e-09 4.528077235807907748e-10
9.733827322159765823e-09 -2.068191491179705023e-09
-4.952958554985521383e-08 7.129182413075407646e-09
2.106523585862304449e-07 -1.457727370004823786e-08
-7.261217715646657380e-07 -1.073101061680629703e-08
1.943393964415981712e-06 2.203367935606097750e-07
-3.787808252619434182e-06 -8.995642642449085643e-07
4.828992888407686578e-06 2.001512222387897356e-06
-3.211316129276527060e-06 -2.402651642113415182e-06
3.910356683214033647e-07 1.148856547152010809e-06
2.708042532024345071e-07 6.493786328055846302e-08
5.131114380202125043e-08 -2.426563780226887111e-08
8.777120572116155314e-09 -5.404318345761221000e-09
2.492514985666546155e-09 -2.790200847064750067e-17
8.777120534075798120e-09 5.404318203841118694e-09
5.131114387375782731e-08 2.426563784529921686e-08
2.708042531540678671e-07 -6.493786331949695142e-08
3.910356683965389988e-07 -1.148856547330629729e-06
-3.211316129209218011e-06 2.402651642219412462e-06
4.828992888458070639e-06 -2.001512222377724067e-06
-3.787808252686064758e-06 8.995642642279935281e-07
1.943393964351198514e-06 -2.203367935177514431e-07
-7.261217715568490004e-07 1.073101066109197373e-08
2.106523586299292717e-07 1.457727369343096501e-08
-4.952958562602890001e-08 -7.129182420071281886e-09
9.733827274268092851e-09 2.068191462109249723e-09
-1.636432800877909911e-09 -4.528077091167691067e-10
2.396424458497753565e-10 8.097361992938776745e-11
-3.101493747777005265e-11 -1.231116117251907985e-11
3.589764779762728831e-12 1.631655084938963933e-12
-3.752442324697262238e-13 -1.918305009525956250e-13
3.573600302484708753e-14 2.017430023681577521e-14
-3.060394115332181109e-15 -1.914473558805557182e-15
2.483643041953285677e-16 2.178906120873144578e-16
-2.070713073861058812e-16 -2.950240934100241839e-16
2.669843754108011433e-15 4.006194762305201108e-15
-2.676588413136053916e-14 -4.446520875179439194e-14
2.461949497285671888e-13 4.520443850355062606e-13
-2.038232480380272000e-12 -4.177280119822938897e-12
1.498126009815153565e-11 3.480887575610119309e-11
-9.618976749709349833e-11 -2.589464110524720447e-10
5.275509560766746402e-10 1.698987745238617337e-09
-2.388898535171021329e-09 -9.686706644301198012e-09
8.409414817876704072e-09 4.710666408082883862e-08
-1.989927402913323140e-08 -1.907653735592675897e-07
1.303665125168725824e-08 6.230698008427697734e-07
1.210529371748666716e-07 -1.569348173565653787e-06
-5.730204705542753745e-07 2.848886438903028692e-06
1.262880915801250314e-06 -3.321674888279132363e-06
-1.415231364823114086e-06 1.931961210986299979e-06
5.770955824034554650e-07 -1.174984379888144783e-07
6.414014313378940314e-08 -1.413657246447980886e-07
-4.180127585540991438e-09 -3.118714634767943688e-08
-1.282413592831798840e-09 -5.195254663071177169e-09
-7.904996292326387534e-11 3.614598873153928723e-17
-1.282413761235846009e-09 5.195254609608561058e-09
-4.180127423015705095e-09 3.118714637445045581e-08
6.414014310305775079e-08 1.413657247758513703e-07
5.770955824560694459e-07 1.174984378184737703e-07
-1.415231364821328752e-06 -1.931961210941313212e-06
1.262880915896388631e-06 3.321674888293644155e-06
-5.730204706087373696e-07 -2.848886438881440787e-06
1.210529372036738650e-07 1.569348173622385725e-06
1.303665128968429268e-08 -6.230698008272844229e-07
-1.989927398312688502e-08 1.907653734923376138e-07
8.409414760960103496e-09 -4.710666405749389487e-08
-2.388898491028857571e-09 9.686706633307870064e-09
5.275509526936328037e-10 -1.698987764203083872e-09
-9.618981838202291411e-11 2.589463877582234083e-10
1.498123216723440661e-11 -3.480883660920276013e-11
-2.038246242546054952e-12 4.177263075009620490e-12
2.462397521503241861e-13 -4.520865715680786680e-13
-2.671800551745615834e-14 4.450927011649450087e-14
2.604935466185989371e-15 -3.982492384466790097e-15
-3.106672433215675033e-16 2.777909713958755633e-16
-3.636188242955270903e-16 2.738740296119711194e-16
4.517028377898441666e-15 -3.214965381959336331e-15
-4.921592782392967135e-14 3.206432907225276852e-14
4.900509769957201194e-13 -2.911178069725128526e-13
-4.432622013942617225e-12 2.373508428473825712e-12
3.607778454417813037e-11 -1.717771384522497644e-11
-2.614828080201871654e-10 1.086693050508467833e-10
1.666574810626134249e-09 -5.885839051208214870e-10
-9.198099546219616033e-09 2.648807977573623017e-09
4.311983914081843665e-08 -9.431576075211195552e-09
-1.674740503206217475e-07 2.403701835101335299e-08
5.212436333652439661e-07 -3.088783036190781390e-08
-1.240463000739575444e-06 -4.922396573190455664e-08
2.101813102552246240e-06 3.468478487624912120e-07
-2.240511452212628579e-06 -7.798395522784593714e-07
1.130723887093693247e-06 8.214781821857809448e-07
-2.862785805580308996e-09 -2.819946388190424675e-07
-6.858712632176732686e-08 -4.688141124392737359e-08
-1.704564460630800501e-08 -1.998144428614132890e-09
-2.845165227231259460e-09 -5.830188565450579779e-11
-6.413578016303838107e-10 -5.856834551614220950e-17
-2.845165180626265931e-09 5.830178240078957274e-11
-1.704564452102456882e-08 1.998144626047894439e-09
-6.858712622260300920e-08 4.688141136558400266e-08
-2.862785869490877574e-09 2.819946386969971959e-07
1.130723887122313643e-06 -8.214781821984111590e-07
-2.240511452225799941e-06 7.798395522425550212e-07
2.101813102565412096e-06 -3.468478487320770117e-07
-1.240463000683795995e-06 4.922396571915149624e-08
5.212436333297570972e-07 3.088783027085158678e-08
-1.674740503013518009e-07 -2.403701834407847919e-08
4.311983920764119673e-08 9.431576040076996819e-09
-9.198099479995967981e-09 -2.648807996761435969e-09
1.666574800890163845e-09 5.885839178483645053e-10
-2.614827617297538282e-10 -1.086693736769559711e-10
3.607772650385496780e-11 1.717774201492037472e-11
-4.432672039881660080e-12 -2.373583557881882251e-12
4.900521424522184874e-13 2.911750424699717212e-13
-4.917975094772019267e-14 -3.204758027173618972e-14
4.468789009545090705e-15 3.203619906137921401e-15
-3.672819553529388020e-16 -3.049243407490567493e-16
3.636680128970178806e-16 4.979897460490497920e-16
-4.310205298156577549e-15 -5.829670609511581319e-15
4.180263103365400729e-14 6.108972301214457129e-14
-3.672777389926699151e-13 -5.876054304542878395e-13
2.900029097381530689e-12 5.120013685873748597e-12
-2.032765375922645683e-11 -4.007997268129027239e-11
1.246205775305239912e-10 2.789030377324118769e-10
-6.552271115257132052e-10 -1.703303117024515266e-09
2.874348824144195364e-09 8.986894121218577997e-09
-1.008089704101162271e-08 -4.016153547885484328e-08
2.611435476483940962e-08 1.481713124108707521e-07
-4.026648185976302115e-08 -4.360121820698248156e-07
-6.321341331260268331e-09 9.744669816718933449e-07
2.035112578718440586e-07 -1.534178556291332105e-06
-4.769089215041148386e-07 1.489126933210084750e-06
4.731156056659167983e-07 -6.449747400151875388e-07
-1.342098387617634143e-07 -3.437966296512447976e-08
-2.985730225099473945e-08 3.013978043968250762e-08
-3.020980445484052717e-09 8.499036572188135363e-09
-3.833531471466704580e-10 1.360774152844864095e-09
-1.339343747745808449e-10 1.307187611167579346e-17
-3.833532193647645780e-10 -1.360774156382161363e-09
-3.020980189871696287e-09 -8.499036798573946270e-09
-2.985730224032120449e-08 -3.013978042448038380e-08
-1.342098388111766960e-07 3.437966296807838143e-08
4.731156056000075765e-07 6.449747399190460171e-07
-4.769089214573442204e-07 -1.489126933240270887e-06
2.035112578922436560e-07 1.534178556344352556e-06
-6.321341360155530913e-09 -9.744669817495808775e-07
-4.026648189154596049e-08 4.360121820250297958e-07
2.611435473265434800e-08 -1.481713123655601275e-07
-1.008089695333987786e-08 4.016153544541272521e-08
2.874348845734633401e-09 -8.986894103549535237e-09
-6.552271103782461915e-10 1.703303134674404865e-09
1.246206025391327263e-10 -2.789030426800403545e-10
-2.032763399442901953e-11 4.007997732769823519e-11
2.900039020933482843e-12 -5.119983601950118096e-12
-3.673154270552144731e-13 5.876552314898791625e-13
4.177421414372223396e-14 -6.114930390602347600e-14
-4.290300524024918443e-15 5.789860247009579502e-15
4.745424332639719213e-16 -4.758998958476177518e-16
5.295782793207588442e-16 -4.471518310248410960e-16
-6.002514609991607059e-15 4.831184309351980504e-15
6.225059148361004267e-14 -4.634428692848340949e-14
-5.895974183813084316e-13 4.029220526489972277e-13
5.052512974338511123e-12 -3.142535627716516017e-12
-3.881839239027298034e-11 2.174374666053231323e-11
2.644663441265444958e-10 -1.315323088503102609e-10
-1.576697990372436090e-09 6.825704856982063435e-10
8.092396930586222142e-09 -2.961004174441166806e-09
-3.502813815926114516e-08 1.033346577933176763e-08
1.245001012878247391e-07 -2.717118876626588010e-08
-3.504997255350887952e-07 4.638586182159130810e-08
7.424427963473761535e-07 -2.322125269249831500e-08
-1.092596684229665537e-06 -1.071227932348487678e-07
9.671109072829660636e-07 2.835201741111897862e-07
-3.547629388217383185e-07 -2.681938162855674108e-07
-3.937238357559432716e-08 6.104638789736952503e-08
1.147535183915066005e-08 1.768770757646631327e-08
3.816309821202131712e-09 2.423884265076766066e-09
6.016170423046529696e-10 3.358430837984380538e-10
1.081548069079706755e-10 1.285881003391278341e-16
6.016172078863562695e-10 -3.358431299230200238e-10
3.816309812946718652e-09 -2.423884399275256054e-09
1.147535174382010451e-08 -1.768770751874464758e-08
-3.937238356239905600e-08 -6.104638772570221787e-08
-3.547629387525330797e-07 2.681938163057157306e-07
9.671109072611162135e-07 -2.835201741386018900e-07
-1.092596684224687525e-06 1.071227932027467618e-07
7.424427963449761915e-07 2.322125274287092101e-08
-3.504997254882775723e-07 -4.638586170250597990e-08
1.245001012959712638e-07 2.717118876515891061e-08
-3.502813819250250319e-08 -1.033346578756090447e-08
8.092396841221648860e-09 2.961004207688683608e-09
-1.576698015396276477e-09 -6.825704938769402779e-10
2.644662855904832550e-10 1.315323620474751430e-10
-3.881833410858988231e-11 -2.174377257724309231e-11
5.052562208721874459e-12 3.142598005552196634e-12
-5.895870441781373809e-13 -4.029502938902280483e-13
6.224296863075365761e-14 4.634271037000536816e-14
-5.969593115602437561e-15 -4.842889996253852690e-15
5.293787770213976537e-16 4.542505770076838702e-16
-6.225604832974323867e-16 -7.298930004835096771e-16
6.671547971005204115e-15 8.024944690444814743e-15
-6.168383897128232523e-14 -8.001268139743694170e-14
5.161370253164820682e-13 7.281383840415544697e-13
-3.874890426765071054e-12 -5.983342199536142605e-12
2.578804845460799547e-11 4.400412297860102357e-11
-1.499693336416378712e-10 -2.864233620097559687e-10
7.481690589407086431e-10 1.627912781629347897e-09
-3.123368792829316615e-09 -7.945789476921759722e-09
1.052608029481357942e-08 3.261387829417526809e-08
-2.700433189804873360e-08 -1.095338357417170829e-07
4.671392141943893832e-08 2.900431349661519929e-07
-3.442554942064259525e-08 -5.740931333681791862e-07
-5.528591314760611034e-08 7.809949656629754061e-07
1.706402959993893816e-07 -6.249363682720283797e-07
-1.528204155858230323e-07 1.907674024066476066e-07
2.685017263402589349e-08 3.172484926496142447e-08
9.777919863757778825e-09 -3.053117938600970637e-09
1.618522064355648954e-09 -1.501683751407269436e-09
2.375315714891833584e-10 -2.284757650506983912e-10
5.886826458273712760e-11 9.829781712002755671e-17
2.375315898915541463e-10 2.284756500850396779e-10
1.618521968563920363e-09 1.501683743558575293e-09
9.777919800041391310e-09 3.053117932734150370e-09
2.685017261403329873e-08 -3.172484934267990022e-08
-1.528204155342233204e-07 -1.907674024136935443e-07
1.706402958879912083e-07 6.249363683335645822e-07
-5.528591317349950387e-08 -7.809949656713324449e-07
-3.442554943071876023e-08 5.740931334184199926e-07
4.671392145798961798e-08 -2.900431349646731263e-07
-2.700433187529869257e-08 1.095338357160070522e-07
1.052608027317091651e-08 -3.261387831309842750e-08
-3.123368882301444471e-09 7.945789473138788157e-09
7.481691003238822947e-10 -1.627912773038243024e-09
-1.499693172705905661e-10 2.864233302396192060e-10
2.578804792641451982e-11 -4.400417414819103099e-11
-3.874885479867678887e-12 5.983331117284424727e-12
5.161418257321135114e-13 -7.281474472195498286e-13
-6.165178740624411290e-14 8.006104084823709354e-14
6.660395133698805495e-15 -8.001781929301651496e-15
-7.141944512876374041e-16 7.317713543590461849e-16
-6.718107631215722271e-16 6.459220496038234804e-16
7.250612695662314998e-15 -6.591977498727706926e-15
-7.171609140467329987e-14 6.070582025125601879e-14
6.468441643029180750e-13 -5.056494919563122386e-13
-5.264883684693319825e-12 3.772904856674980180e-12
3.828478008055178102e-11 -2.493972286789523497e-11
-2.458767869845529400e-10 1.439676502067795356e-10
1.375283848883651746e-09 -7.126590057172632099e-10
-6.584795088227167584e-09 2.952864727834019557e-09
2.640317857606146812e-08 -9.897973582266756655e-09
-8.616038486119936343e-08 2.545129978203117574e-08
2.200742013236484341e-07 -4.543314715734771007e-08
-4.158676615369543716e-07 4.214717184972437961e-08
5.314943624030885775e-07 1.861681898777758498e-08
-3.872976202092280728e-07 -9.683784767600215643e-08
9.546824633258416209e-08 8.450962730504285269e-08
2.291337023077132425e-08 -1.044400045017243248e-08
9.922899861631826992e-11 -5.232181087426708236e-09
-4.594384154629422683e-10 -9.650024575511932928e-10
-6.502648400051231570e-11 -1.395530753261096202e-10
-6.087729113162719339e-12 -9.505682904578249858e-17
-6.502654481495302436e-11 1.395533579504627496e-10
-4.594384282437722616e-10 9.650026157688150001e-10
9.922895196341416857e-11 5.232181041519461406e-09
2.291337015451805998e-08 1.044400038522088398e-08
9.546824624181830846e-08 -8.450962730108044579e-08
-3.872976201446466281e-07 9.683784765557914651e-08
5.314943624022795551e-07 -1.861681898633954803e-08
-4.158676615392719066e-07 -4.214717185945177216e-08
2.200742013129452464e-07 4.543314706970482058e-08
-8.616038488754392774e-08 -2.545129974657674562e-08
2.640317863415037222e-08 9.897973597456868159e-09
-6.584795022146392648e-09 -2.952864751516320849e-09
1.375283913883029272e-09 7.126589818705662850e-10
-2.458767447044159099e-10 -1.439677053803780561e-10
3.828473260470641299e-11 2.493973223359935316e-11
-5.264891786566911206e-12 -3.772939838262859831e-12
6.468507131168866255e-13 5.056719171483959768e-13
-7.169490213927323775e-14 -6.069585749882707173e-14
7.222742806521410341e-15 6.605495165568927110e-15
-6.795923878170156162e-16 -6.391452686914134761e-16
1.015496403816512502e-15 1.043739553037366090e-15
-9.996800513482909409e-15 -1.078737077893494219e-14
8.812967590894379951e-14 1.021575772369609081e-13
-7.016654104309029723e-13 -8.801531045736506508e-13
4.998687083241159555e-12 6.824516147821444449e-12
-3.149234966173946055e-11 -4.716816225847941646e-11
1.729647263968811456e-10 2.872022265860852067e-10
-8.132769770047497371e-10 -1.518807001321211468e-09
3.196499095149730936e-09 6.853984412285846976e-09
-1.015767043325437274e-08 -2.581144720555808686e-08
2.479919695029643340e-08 7.878069830138534614e-08
-4.240380309988292631e-08 -1.872484884988540261e-07
3.972704749291071397e-08 3.269974022812859327e-07
6.286781531659898030e-09 -3.819969628565730764e-07
-5.982084074896788520e-08 2.484368759719673552e-07
4.874814341955517524e-08 -4.846183490449320812e-08
-3.860537139640561555e-09 -1.443555333903078115e-08
-2.610626565530978000e-09 -1.031284006702616393e-09
-5.354032676533861268e-10 3.990528908341070438e-11
-7.898361010994806965e-11 8.239666343763586561e-12
-1.744168370742212298e-11 -1.559934147890231918e-16
-7.898339704000291765e-11 -8.239387481797858980e-12
-5.354032880765237374e-10 -3.990509969685830937e-11
-2.610626612283882589e-09 1.031283978429019332e-09
-3.860537200810088089e-09 1.443555330701860358e-08
4.874814334927603104e-08 4.846183499672258249e-08
-5.982084071057026704e-08 -2.484368760980149634e-07
6.286781543781578089e-09 3.819969628106510264e-07
3.972704746376542861e-08 -3.269974022777598933e-07
-4.240380310783686347e-08 1.872484885345753642e-07
2.479919689363422395e-08 -7.878069827581023186e-08
-1.015767044084823653e-08 2.581144723962199660e-08
3.196499156428004009e-09 -6.853984429018317796e-09
-8.132769796429219461e-10 1.518807011454492643e-09
1.729646904441430972e-10 -2.872021954606350223e-10
-3.149235701564438574e-11 4.716816397548271916e-11
4.998708187491378396e-12 -6.824497301963748895e-12
-7.016662301923817559e-13 8.801632948883321335e-13
8.814028380139717662e-14 -1.022073067360494253e-13
-1.000956738216688291e-14 1.076779733163484485e-14
1.061710246041203511e-15 -1.049574119710145940e-15
7.331037711469005458e-16 -8.139796825776618015e-16
-7.590793104545741416e-15 7.854775376227784941e-15
7.210883611365600229e-14 -6.948514050571870196e-14
-6.217462428285230229e-13 5.553635336444797526e-13
4.822234345226028703e-12 -3.970829151848265476e-12
-3.330880981881265632e-11 2.511064420192052085e-11
2.024462726370086904e-10 -1.384492502790818376e-10
-1.066932258658267647e-09 6.536733228970832370e-10
4.787757780876050085e-09 -2.581388473039226515e-09
-1.787385666874752571e-08 8.255262964394125937e-09
5.384203574766537599e-08 -2.037547155048652719e-08
-1.254728974315553969e-07 3.574927710543781125e-08
2.126015750951724701e-07 -3.692063495977319730e-08
-2.365581643281106057e-07 6.255167478957062108e-09
1.404454833331987961e-07 3.097192969183258416e-08
-1.920630457814165425e-08 -2.565012004687890274e-08
-9.026708767246634047e-09 6.030252815905605775e-10
-1.066323121432183549e-09 1.269024720527818741e-09
-6.972760353356430483e-11 2.807471628626929656e-10
-1.100302331060412061e-11 4.039910725426673082e-11
-5.456736291579932570e-12 -6.060964923467073096e-17
-1.100283377376272929e-11 -4.039907821809095873e-11
-6.972756569431680538e-11 -2.807472346831952278e-10
-1.066323092484246106e-09 -1.269024811285593097e-09
-9.026708715612187179e-09 -6.030252581198769015e-10
-1.920630448325262290e-08 2.565012012000716798e-08
1.404454833185053156e-07 -3.097192974324143571e-08
-2.365581642414114366e-07 -6.255167381797113090e-09
2.126015750774601377e-07 3.692063496227826416e-08
-1.254728974254674799e-07 -3.574927704714819343e-08
5.384203579593128532e-08 2.037547158117910022e-08
-1.787385673548422592e-08 -8.255263026025308588e-09
4.787757754534233670e-09 2.581388467122195557e-09
-1.066932258231568182e-09 -6.536732874541620877e-10
2.024462419826693236e-10 1.384492990035271110e-10
-3.330875907008436390e-11 -2.511062675304179772e-11
4.822247278803761792e-12 3.970827075197283669e-12
-6.217229016785066376e-13 -5.553808148614080576e-13
7.212417556103227070e-14 6.946534452205472864e-14
-7.587562388204673415e-15 -7.852359522430689250e-15
7.502227472793118123e-16 8.128198592598618933e-16
-1.625700890324330307e-15 -1.482821466650187792e-15
1.509572355498133322e-14 1.457768275400374219e-14
-1.268935373801045272e-13 -1.314705351432137014e-13
9.618455852479166339e-13 1.075458371679447226e-12
-6.505576562096135395e-12 -7.886985281208685401e-12
3.879706964507265089e-11 5.134702709643823976e-11
-2.010433873740107560e-10 -2.930973355246282601e-10
8.887446604752518135e-10 1.444908430745814954e-09
-3.272371526386406004e-09 -6.037525743900779023e-09
9.711965534054772834e-09 2.087858096585544676e-08
-2.213207124642176189e-08 -5.790565710707746723e-08
3.565922875868675749e-08 1.233438645185246444e-07
-3.368045397990591048e-08 -1.893051514237007085e-07
5.536860137270632834e-09 1.883949477473156298e-07
2.210890264266790998e-08 -9.769369377200612970e-08
-1.597951528292474967e-08 9.966923006553521493e-09
-7.625681890821563455e-11 5.069072573246698198e-09
5.666363032494677588e-10 7.327206446565565822e-10
1.351368285189016838e-10 9.361662482277014862e-11
2.027217290682225177e-11 1.476177158693937160e-11
3.050082927809126299e-12 -1.215612416506151917e-16
2.027232566004813593e-11 -1.476178484598927314e-11
1.351369054022527118e-10 -9.361665246468792984e-11
5.666363613290080712e-10 -7.327205419407356565e-10
-7.625679996731251493e-11 -5.069072579146506014e-09
-1.597951529274388977e-08 -9.966922990374358402e-09
2.210890271199157454e-08 9.769369382874296408e-08
5.536860094574455647e-09 -1.883949477397452993e-07
-3.368045397313261151e-08 1.893051513488215666e-07
3.565922875257222516e-08 -1.233438645332586766e-07
-2.213207126223630046e-08 5.790565707143679573e-08
9.711965539931312060e-09 -2.087858093611398586e-08
-3.272371585954746205e-09 6.037525803178856997e-09
8.887446826356677507e-10 -1.444908418850292899e-09
-2.010433276735736632e-10 2.930973132972275987e-10
3.879708939552645002e-11 -5.134705228609001805e-11
-6.505607800230241085e-12 7.886967870504793440e-12
9.618214793801859751e-13 -1.075446736785971032e-12
-1.269233495800257704e-13 1.315510226534175622e-13
1.510562907614027345e-14 -1.455383947493861631e-14
-1.646860782760913338e-15 1.466865656682238488e-15
-5.962419889600207444e-16 7.565398497691077990e-16
5.925814369547585063e-15 -6.985072639765952110e-15
-5.407595997633577898e-14 5.955309320668401938e-14
4.472142429925133889e-13 -4.582603306098537870e-13
-3.319636641343265562e-12 3.149869795156531238e-12
2.188493643778574547e-11 -1.912097872823047275e-11
-1.265506166204186100e-10 1.010484909316918813e-10
6.321716375315557043e-10 -4.566210854745376929e-10
-2.676722253651757693e-09 1.723775470224775268e-09
9.375275458956885908e-09 -5.267355581585152319e-09
-2.629707335599075952e-08 1.244404140630076253e-08
5.645646621465449632e-08 -2.108904669221776348e-08
-8.665245000896350628e-08 2.198103861212205641e-08
8.459443789714610972e-08 -7.636012142935435279e-09
-4.035111318839147119e-08 -8.573893394705667196e-09
9.288674780833835004e-10 6.901577276972571014e-09
2.545392697055202762e-09 6.079506643444144069e-10
5.625256498721811351e-10 -2.103580198392459576e-10
7.961284175058113080e-11 -6.569958035871756766e-11
8.240459932389122184e-12 -7.834256884699989590e-12
6.800286149427242146e-13 -1.398211237269841616e-16
8.240689903125924866e-12 7.834226519934571954e-12
7.961283344131395988e-11 6.569960737828042412e-11
5.625256262795463247e-10 2.103581053579569778e-10
2.545392737222512213e-09 -6.079506523140296521e-10
9.288675350635470120e-10 -6.901577339075632081e-09
-4.035111323328501811e-08 8.573893403064946017e-09
8.459443789147709025e-08 7.636012089321912473e-09
-8.665244999747644249e-08 -2.198103864384768207e-08
5.645646623257509959e-08 2.108904665271862199e-08
-2.629707342546748227e-08 -1.244404143142020618e-08
9.375275431784856436e-09 5.267355663471456999e-09
-2.676722266801992590e-09 -1.723775471579885709e-09
6.321716350158863591e-10 4.566210503039466834e-10
-1.265506055835362422e-10 -1.010485262572788178e-10
2.188491850066079650e-11 1.912096547703793400e-11
-3.319646957289682379e-12 -3.149881026392476661e-12
4.471994931933948040e-13 4.582735377544720862e-13
-5.407230729300130941e-14 -5.955489373378628957e-14
5.917453736359728836e-15 6.986076227526269466e-15
-6.101320059115060471e-16 -7.544202996052591160e-16
2.726941677688560423e-15 2.192018065214568217e-15
-2.411643400352696295e-14 -2.064091017353397965e-14
1.945390440263409290e-13 1.784840252897744739e-13
-1.412362848511108301e-12 -1.394703954271692518e-12
9.129397255714828771e-12 9.742667439625526877e-12
-5.190082019780836385e-11 -6.020853550966262235e-11
2.556554651327119125e-10 3.249090376712074869e-10
-1.070900047083774449e-09 -1.506899345370574345e-09
3.723101991581633923e-09 5.888551985942010188e-09
-1.039441774060500035e-08 -1.890117490769418869e-08
2.221186320411014470e-08 4.817893801204059080e-08
-3.358032274097884739e-08 -9.303675125100776954e-08
3.048539365357917272e-08 1.268075959196373222e-07
-8.204290213206198285e-09 -1.081182591151196413e-07
-1.011635395200469924e-08 4.399117581069743033e-08
6.309360320668416524e-09 -7.210342881187893759e-10
4.898473851228652235e-10 -1.845496971438900768e-09
-1.048171920318980239e-10 -3.115611178321470565e-10
-2.250863668216947548e-11 -3.023224726178562915e-11
-1.278385615657438124e-12 -1.645450736871820386e-12
1.249202802785554783e-14 -4.782001911147228412e-17
-1.278176475467987425e-12 1.645463083021091131e-12
-2.250861952533440270e-11 3.023243969268457440e-11
-1.048171869982601462e-10 3.115609977162806969e-10
4.898474204783227764e-10 1.845496966237551853e-09
6.309360277238406883e-09 7.210342595616525857e-10
-1.011635395102705944e-08 -4.399117584715700401e-08
-8.204290152492888329e-09 1.081182590786527421e-07
3.048539365979555413e-08 -1.268075958540155093e-07
-3.358032273645465913e-08 9.303675123831647636e-08
2.221186315474508439e-08 -4.817893800027572668e-08
-1.039441777656080450e-08 1.890117485039262819e-08
3.723101995094480974e-09 -5.888552010649648585e-09
-1.070900069023884479e-09 1.506899305878131984e-09
2.556554402941775084e-10 -3.249090158514827387e-10
-5.190086026609329681e-11 6.020854091232107409e-11
9.129450926078461531e-12 -9.742655855605643105e-12
-1.412361725647277552e-12 1.394684837250872461e-12
1.945861914751452032e-13 -1.785523620081948869e-13
-2.413564885654660622e-14 2.063872092797925633e-14
2.730069827717475381e-15 -2.182621905389119454e-15
