6.843231077477193611e-17 2.596639366507394606e-16
-1.492544275397825721e-15 5.014672758953978910e-16
-5.541647802051773529e-17 -3.328916483256736622e-16
-4.658903342643439193e-16 9.941554535621777372e-16
2.019161242678892779e-15 -1.424324892483678809e-15
-9.927549098073096333e-15 3.069284171894351890e-14
1.546729781476149017e-13 -4.817206357582630321e-13
-2.276531993887330494e-12 7.084632771360235932e-12
3.125321573878945901e-11 -9.711090490926511123e-11
-3.995739716824303072e-10 1.237383500986171758e-09
4.732366754827162250e-09 -1.456992961021754155e-08
-5.163601378002028052e-08 1.574790780164531338e-07
5.159844987836151701e-07 -1.550943001518335324e-06
-4.683936896145688995e-06 1.379271876895989119e-05
3.843050418217713074e-05 -1.096140409922916444e-04
-2.865707202964240031e-04 7.694481295405715708e-04
1.985479540783853091e-03 -4.666953104446163250e-03
-1.274554541068872136e-02 2.315360211103860769e-02
6.903566388948730037e-02 -8.417191081307746903e-02
-2.741585174988243057e-01 1.778216956061748066e-01
5.518253244547107750e-01 0.000000000000000000e+00
-2.741585174988018792e-01 -1.778216956061439424e-01
6.903566388948294275e-02 8.417191081305291922e-02
-1.274554541069136508e-02 -2.315360211103482252e-02
1.985479540789665282e-03 4.666953104448413187e-03
-2.865707202968905353e-04 -7.694481295425829826e-04
3.843050418500178910e-05 1.096140409901369281e-04
-4.683936893831264640e-06 -1.379271876706048756e-05
5.159845028667240457e-07 1.550942998923648943e-06
-5.163601424470814713e-08 -1.574790791665246381e-07
4.732366139911529762e-09 1.456992940258568199e-08
-3.995752438366187484e-10 -1.237385437068341585e-09
3.125394099772152028e-11 9.711251950559772345e-11
-2.276218699107668640e-12 -7.082540765946955181e-12
1.556478919965418853e-13 4.824323870131015794e-13
-8.861725880495031995e-15 -3.110994259372994137e-14
2.506669055765035469e-16 6.952135888775900226e-16
-3.039115769863659140e-16 -1.253349833905757158e-16
-1.550310539361092079e-16 -9.121025637191339457e-16
1.136591801408731107e-15 -1.349916385917304434e-16
-1.064849865604489949e-16 2.795471992958410011e-16
-1.904001205629385443e-17 2.387775330507285064e-17
1.601036685348755687e-16 3.777938065783251182e-16
-2.926289287537359267e-16 3.768508896594495238e-16
7.807478178070896608e-16 3.425932213078272744e-16
-7.272404828637344863e-15 -2.032922241840543343e-15
1.256374904974512872e-13 2.935311196708624034e-14
-1.900910117122024234e-12 -4.284899418000860340e-13
2.679754689607362534e-11 5.842311615114039869e-12
-3.511119358981441550e-10 -7.378043860751443564e-11
4.251142852324680624e-09 8.572649159224596908e-10
-4.724558204590583477e-08 -9.093494321733420676e-09
4.781599827088814789e-07 8.724423347397573017e-08
-4.365286098471588686e-06 -7.484023620608646078e-07
3.553316158776679461e-05 5.657188200865303651e-06
-2.541778037029344072e-04 -3.697018211832994500e-05
1.568387189332411807e-03 2.034945135500312223e-04
-8.145174733117028706e-03 -9.082972588816172824e-04
3.441406062163829965e-02 3.096253146718324321e-03
-1.125609457699349031e-01 -7.231243614712685314e-03
2.633999048220545536e-01 8.878673415677079683e-03
-3.834840361573660927e-01 1.332554862421070602e-14
2.633999048220334038e-01 -8.878673415703468297e-03
-1.125609457699230098e-01 7.231243614723071103e-03
3.441406062163419877e-02 -3.096253146722212270e-03
-8.145174733119139865e-03 9.082972588844696014e-04
1.568387189334008620e-03 -2.034945135510421595e-04
-2.541778037026336495e-04 3.697018212009396904e-05
3.553316158770239300e-05 -5.657188199957859467e-06
-4.365286098063169727e-06 7.484023621708948229e-07
4.781599835122906412e-07 -8.724423318651684861e-08
-4.724558212355951912e-08 9.093493892623378038e-09
4.251143209150014322e-09 -8.572653578457285398e-10
-3.511118605681970875e-10 7.378107448365443222e-11
2.679677766915281445e-11 -5.842362407944299482e-12
-1.900854403837883014e-12 4.284983577291522666e-13
1.266114409360702473e-13 -2.965637501759107382e-14
-7.981598266300943339e-15 2.234255965579762356e-15
1.881683887409032165e-17 -3.686924567721339510e-16
5.511267164790007431e-16 -2.099561813710393277e-16
-1.234072244257529712e-18 7.400545757844607671e-16
-2.757618529432530343e-16 9.655096910447743012e-17
-9.165264208615384425e-17 -1.809595986781678142e-16
6.746215400025754571e-16 -4.113333648452808150e-16
1.808867015042752308e-16 3.855689066862854119e-16
5.439046662526987630e-16 -1.959630175266927873e-15
-4.463467910831634040e-15 2.410062379915063114e-14
5.289754204561493020e-14 -3.773929500426001620e-13
-6.963751455814835265e-13 5.456172481261804472e-12
8.414983270347916876e-12 -7.333846343707004790e-11
-9.162636855907849811e-11 9.124582903014339245e-10
8.811466856023652472e-10 -1.044121234054344428e-08
-7.223418600008376682e-09 1.090367053863772164e-07
4.675153486368227091e-08 -1.029478991317896518e-06
-1.829126781512169950e-07 8.687395236612970758e-06
-5.222379264535130772e-07 -6.457403467261549563e-05
1.823674086139651912e-05 4.148029840338582808e-04
-2.020927515344723112e-04 -2.243060763312640371e-03
1.518435269796786311e-03 9.816987446217905616e-03
-8.577050312370371882e-03 -3.258911077284157992e-02
3.726552892617506635e-02 7.293914069434909164e-02
-1.172587526632089955e-01 -8.456919893811516709e-02
2.120152922127366280e-01 -1.747652115471886026e-14
-1.172587526632003357e-01 8.456919893812887834e-02
3.726552892616803031e-02 -7.293914069434606628e-02
-8.577050312366326507e-03 3.258911077283774271e-02
1.518435269792269308e-03 -9.816987446217999291e-03
-2.020927515349695805e-04 2.243060763314329992e-03
1.823674085913156996e-05 -4.148029840343131578e-04
-5.222379282085358036e-07 6.457403467096746767e-05
-1.829126799335296937e-07 -8.687395235390886868e-06
4.675153494132196598e-08 1.029478992087585193e-06
-7.223419041983991175e-09 -1.090367054659067545e-07
8.811469780195231194e-10 1.044121299696252568e-08
-9.162673365439423319e-11 -9.124590862378697157e-10
8.414496044907636117e-12 7.333695069806088472e-11
-6.969957804704885449e-13 -5.456522013568663036e-12
5.251885761084082046e-14 3.777993961754390286e-13
-3.617871311599061599e-15 -2.384638015457910794e-14
4.955418477592653730e-16 1.718266395205746827e-15
-5.569772756159640448e-17 7.061205541210197459e-16
-6.220704641430166012e-16 1.701042914133196575e-16
1.440742304406462334e-16 -1.192295132515688182e-16
4.814105594356947016e-17 -1.376320196248275513e-17
-3.468546940398162540e-16 -2.473557763709774024e-16
1.933966111998563925e-16 -7.214575414544590074e-17
-4.044698238104659866e-15 -5.312671647081282397e-16
6.154428866522584680e-14 4.332410433843747291e-15
-9.192279785595536157e-13 -4.877142050972543372e-14
1.273480530626312973e-11 4.586203590035982517e-13
-1.635587689202497937e-10 -2.824309573881667832e-12
1.935849681964612179e-09 -7.230364437450813084e-12
-2.095985625672602237e-08 5.772965530423530238e-10
2.057665246326749671e-07 -1.129837653484305819e-08
-1.811823194880472352e-06 1.574558344233068699e-07
1.411524622370069746e-05 -1.766245963273224980e-06
-9.558956113922969600e-05 1.645167667751814229e-05
5.493819133055644673e-04 -1.275207663978517015e-04
-2.588622027834455285e-03 8.107926495626913534e-04
9.464117931191163430e-03 -4.100178429726816093e-03
-2.416443587721538167e-02 1.559489697708679387e-02
3.165290670364735715e-02 -4.006539850400665792e-02
2.104802971375518625e-02 5.343672238545634640e-02
-1.183042475011292227e-01 1.656589188257026377e-14
2.104802971375668158e-02 -5.343672238546263997e-02
3.165290670364584447e-02 4.006539850400057251e-02
-2.416443587721424022e-02 -1.559489697708254727e-02
9.464117931192807948e-03 4.100178429722768116e-03
-2.588622027834772740e-03 -8.107926495625110506e-04
5.493819133058574188e-04 1.275207663972511348e-04
-9.558956113916681227e-05 -1.645167667863749972e-05
1.411524622376530574e-05 1.766245962774908932e-06
-1.811823195637257327e-06 -1.574558343046422127e-07
2.057665249091678822e-07 1.129837611648697232e-08
-2.095985685401323080e-08 -5.772959461155658543e-10
1.935849825715154338e-09 7.229873316996601130e-12
-1.635575686690155306e-10 2.824217434393598729e-12
1.273496871647674135e-11 -4.586219250988927332e-13
-9.195790731850987666e-13 4.869462257916369655e-14
6.204758725428952449e-14 -4.424350795537248250e-15
-3.530093809637219674e-15 3.699492292938212007e-16
-1.681206147775496519e-16 1.270870484062406709e-16
-8.699830683792772117e-18 -5.158999676670492517e-16
2.203586352000475767e-17 -1.915266339345508955e-16
1.524332237168541900e-16 1.167743920672375341e-16
-5.504284941915527900e-16 4.563771247969286229e-16
-1.902527705292365797e-16 -6.732735974006028710e-16
-2.640277280422315677e-16 9.418204292191181759e-15
-1.408932522809656441e-15 -1.373185579795725255e-13
6.602870213139087129e-14 1.963288678620757606e-12
-1.444044597418472508e-12 -2.602323285781840897e-11
2.543560031917014794e-11 3.186678028335375546e-10
-3.845599609340771541e-10 -3.580868282095320923e-09
5.092194465099922494e-09 3.662069235521668189e-08
-5.938494326370419038e-08 -3.374247899213227341e-07
6.085276944803316947e-07 2.766252119590895844e-06
-5.435562541137487485e-06 -1.985584802994655695e-05
4.175233576095373808e-05 1.221434132749008050e-04
-2.702197827474396010e-04 -6.248905021747674969e-04
1.429306616375239890e-03 2.540780557650774811e-03
-5.890257387043648304e-03 -7.596873356304476889e-03
1.736483845063505060e-02 1.415146110527552500e-02
-2.975409381514664345e-02 -8.514012280942173660e-03
4.540381038420191959e-03 -1.456012163913092926e-02
6.812151360769659603e-02 -1.157719438340045582e-14
4.540381038418559584e-03 1.456012163913256337e-02
-2.975409381514250440e-02 8.514012280943389702e-03
1.736483845063162279e-02 -1.415146110527375038e-02
-5.890257387041191936e-03 7.596873356304043208e-03
1.429306616375158791e-03 -2.540780557651794395e-03
-2.702197827457990947e-04 6.248905021746543062e-04
4.175233576204056266e-05 -1.221434132732996010e-04
-5.435562540018052977e-06 1.985584802840356108e-05
6.085276941709679455e-07 -2.766252120268336278e-06
-5.938494290999087476e-08 3.374247900184768837e-07
5.092194554960961309e-09 -3.662069321581892491e-08
-3.845595804539113846e-10 3.580869079131439158e-09
2.543591971139322867e-11 -3.186667404481189981e-10
-1.443747035104991724e-12 2.602340713212359142e-11
6.626067154452268676e-14 -1.963625683788607925e-12
-1.982147388536036813e-15 1.371957068286992283e-13
-1.726601513430509278e-16 -9.208835930409937002e-15
9.968079723982119737e-18 1.477189872620304415e-16
5.923663129363902332e-16 -4.504621332157683819e-17
-1.030009213778787448e-16 -4.114066836309421851e-17
2.811758967138196246e-18 -1.681784359945731142e-17
3.339613889993377352e-16 1.615999649835538371e-16
-1.088485155759413070e-15 3.154265787443511688e-16
1.865710754993541557e-14 -1.148383167167715770e-15
-2.727957594233627871e-13 2.572514590894716994e-14
3.744002338376485441e-12 -4.429356253808041138e-13
-4.755338933765233251e-11 6.913797304171735918e-12
5.558711334082913519e-10 -9.781278159314075914e-11
-5.934898099409687171e-09 1.251909925341492467e-09
5.734425835954306292e-08 -1.442633196893023218e-08
-4.957495688889756863e-07 1.485685418232603995e-07
3.779902077804849677e-06 -1.353405468438574355e-06
-2.494413253589496880e-05 1.075583688010307327e-05
1.388452204660633636e-04 -7.318285637575849269e-05
-6.277784328970882448e-04 4.152544639856854767e-04
2.169427478221810056e-03 -1.890512047281624371e-03
-5.094395246823676775e-03 6.492588164322395626e-03
5.788407395766985777e-03 -1.502470564197442605e-02
2.988432641507176007e-03 1.787832836682425042e-02
-3.807185564237698487e-03 -1.391276334689431652e-03
-3.817705766936252409e-02 6.106654243860240319e-15
-3.807185564236701455e-03 1.391276334687635997e-03
2.988432641506653855e-03 -1.787832836682295284e-02
5.788407395767640636e-03 1.502470564197256296e-02
-5.094395246824761844e-03 -6.492588164320319162e-03
2.169427478222490935e-03 1.890512047281640417e-03
-6.277784328976318638e-04 -4.152544639853330568e-04
1.388452204655633566e-04 7.318285637656208979e-05
-2.494413253577135959e-05 -1.075583687934220899e-05
3.779902078050265191e-06 1.353405468281655785e-06
-4.957495688036579750e-07 -1.485685415982374150e-07
5.734425923291434747e-08 1.442633163975079574e-08
-5.934898231123001103e-09 -1.251909744647903617e-09
5.558703238860684028e-10 9.781261122800161900e-11
-4.755345034071060308e-11 -6.914096373136868284e-12
3.744246455225040926e-12 4.430746610407081125e-13
-2.732295938612677131e-13 -2.548878184165471982e-14
1.837154103383866358e-14 1.356766767855159918e-15
-7.820739847798149960e-16 -7.175227876789330424e-17
-6.608677564895705863e-17 5.418230205509970029e-16
-5.222675318542516689e-17 -2.341015452686189126e-17
-1.885423461803349041e-16 -5.055111386420017583e-17
4.132609488221878339e-16 -6.056751018088603311e-16
5.861315764802725736e-16 2.362328113723546353e-15
-5.041989504296464462e-15 -3.559452609023359798e-14
8.751886761061398245e-14 4.998344856615870166e-13
-1.347055524487539759e-12 -6.581357648292561886e-12
1.898758178597733415e-11 7.996679216257987344e-11
-2.448012213325638013e-10 -8.908790277797082175e-10
2.869794486094233697e-09 9.023858037320337504e-09
-3.035084122515272999e-08 -8.225487527410153021e-08
2.867152874234392536e-07 6.661031852754133734e-07
-2.388705834511130050e-06 -4.713490851778766975e-06
1.726234197847142159e-05 2.850590211960499229e-05
-1.058229963418682662e-04 -1.427830110624390828e-04
5.333475898068286902e-04 5.643541509908482808e-04
-2.108760863239756908e-03 -1.615260940488739061e-03
6.051261310029702918e-03 2.729382327707527596e-03
-1.080194939641789149e-02 -5.790504930617370628e-04
7.647074428850279305e-03 -6.028276479568790876e-03
6.131021279868690676e-04 4.054423568983667181e-03
1.996553604955856806e-02 -2.326030606314353046e-15
6.131021279864565287e-04 -4.054423568981855262e-03
7.647074428849424087e-03 6.028276479566394355e-03
-1.080194939641637361e-02 5.790504930622104255e-04
6.051261310027730538e-03 -2.729382327708505546e-03
-2.108760863239529659e-03 1.615260940489471331e-03
5.333475898058407652e-04 -5.643541509916414831e-04
-1.058229963422247655e-04 1.427830110616069847e-04
1.726234197771491275e-05 -2.850590211912977970e-05
-2.388705834438833670e-06 4.713490852234674835e-06
2.867152870954121923e-07 -6.661031852643850044e-07
-3.035084128154190367e-08 8.225487592717156907e-08
2.869794340584551344e-09 -9.023858653481590671e-09
-2.448014213269954920e-10 8.908784305392273208e-10
1.898731842593504308e-11 -7.996700664084873150e-11
-1.347225440975668437e-12 6.581693645876596013e-12
8.797940069641492856e-14 -4.997038361089070542e-13
-5.149789479719254366e-15 3.559080401636354694e-14
3.709640032032741179e-16 -1.876019620390694537e-15
-5.392522823882780865e-16 6.224450433550177561e-17
5.739400462699358023e-17 1.549370547727466052e-17
1.659861445443365334e-17 3.237915693171280006e-17
-4.544835267668204446e-16 -3.716727485017219609e-17
4.098254501323104196e-15 -1.114304589698473050e-15
-6.209775903238176957e-14 1.391030932809930309e-14
8.460261689621526324e-13 -2.176754420576984606e-13
-1.070202817301973077e-11 3.123221833408646293e-12
1.245399610537393271e-10 -4.124714267945916166e-11
-1.323291966245083687e-09 4.983225263294587117e-10
1.271972708219129419e-08 -5.467036596152144724e-09
-1.093439423199934478e-07 5.397065808893698130e-08
8.284993032193387583e-07 -4.740183788421733054e-07
-5.428462947359919700e-06 3.650907402420548912e-06
2.995797160345791760e-05 -2.419924602204309681e-05
-1.339231875858691318e-04 1.345645277304925464e-04
4.544887146250883967e-04 -6.053403543309513000e-04
-1.023752418121454512e-03 2.083059799808091236e-03
9.335968515387229683e-04 -4.974255926705515619e-03
1.765043088171631015e-03 6.649740766049772565e-03
-4.481056557658092201e-03 -1.770388523411401587e-03
9.192317820751264024e-04 -2.868607717320745352e-03
-9.423530006018865368e-03 1.139453123885437790e-15
9.192317820747990817e-04 2.868607717320571879e-03
-4.481056557657334127e-03 1.770388523411300973e-03
1.765043088171662023e-03 -6.649740766049581746e-03
9.335968515399748965e-04 4.974255926704185954e-03
-1.023752418122287396e-03 -2.083059799807379132e-03
4.544887146254196204e-04 6.053403543311502511e-04
-1.339231875855999244e-04 -1.345645277308835097e-04
2.995797160340030242e-05 2.419924602144821879e-05
-5.428462947645635771e-06 -3.650907402256867419e-06
8.284993032179976934e-07 4.740183787551946155e-07
-1.093439427419787903e-07 -5.397065770145641269e-08
1.271972749163374464e-08 5.467036344724072738e-09
-1.323291344534264209e-09 -4.983223996638447919e-10
1.245400642732379983e-10 4.124737092364439951e-11
-1.070219043926881337e-11 -3.123379733790749483e-12
8.463633611029736969e-13 2.176841129965748773e-13
-6.185836388928364222e-14 -1.397295410102716715e-14
3.887086847491723268e-15 7.053205775743989367e-16
-1.263227208055257673e-16 -6.228999433907133351e-16
1.172838907735507612e-16 -5.882660916441806112e-17
1.468612087418813033e-16 2.680509124577460910e-17
-1.584271960307988551e-16 8.395327171715737960e-16
-2.329548481051037285e-15 -7.245881741141616426e-15
3.132444370197972924e-14 1.031713328873642914e-13
-4.630583548323480467e-13 -1.352889750272160356e-12
6.290804949746492006e-12 1.641733856876889609e-11
-7.856653706415898877e-11 -1.826531519813086596e-10
8.961731506409497786e-10 1.847876437924634754e-09
-9.259911045910166400e-09 -1.682632428994369438e-08
8.580157475209918146e-08 1.361456364283848320e-07
-7.040410132413000645e-07 -9.627665309405803746e-07
5.034510897434668370e-06 5.818960701713815162e-06
-3.072039410546968479e-05 -2.911260791477619840e-05
1.554074035221790343e-04 1.146287547835503589e-04
-6.250047244505237349e-04 -3.231411768398690710e-04
1.869775463952044487e-03 5.031347051513641909e-04
-3.682128667978621858e-03 1.858684725558391350e-04
3.505821936575055902e-03 -2.271634348227620157e-03
3.912851644321097520e-04 2.253126218377003373e-03
-1.200753170153234751e-03 1.258449602037873139e-03
3.858152705056099117e-03 -1.062070226590824522e-16
-1.200753170152103711e-03 -1.258449602036877408e-03
3.912851644316632776e-04 -2.253126218376349382e-03
3.505821936575426699e-03 2.271634348227051601e-03
-3.682128667977003361e-03 -1.858684725548608052e-04
1.869775463952100432e-03 -5.031347051517852951e-04
-6.250047244500410481e-04 3.231411768401629440e-04
1.554074035224690042e-04 -1.146287547831254466e-04
-3.072039410491003318e-05 2.911260791458944458e-05
5.034510897506516246e-06 -5.818960701898107508e-06
-7.040410130032362666e-07 9.627665308190542283e-07
8.580157498175371568e-08 -1.361456366966575305e-07
-9.259910992739378783e-09 1.682632465275787279e-08
8.961731908571807592e-10 -1.847875869628358752e-09
-7.856638339466430321e-11 1.826532850657670757e-10
6.291027625936774315e-12 -1.641765132620864051e-11
-4.633613226640632700e-13 1.352844814592406341e-12
3.143473598384168399e-14 -1.032283507878862892e-13
-2.176486389793981728e-15 7.010415012824105615e-15
6.537633545356432252e-16 -3.521966889896675673e-16
-2.569832439892324240e-17 1.105493378221160667e-16
-8.545686662979921220e-17 6.078198246034826317e-17
1.012916350826757158e-15 -3.545890464052229113e-16
-1.163275204533891276e-14 4.287202472390779719e-15
1.608013390050402521e-13 -6.228775862530973608e-14
-2.034208151398098627e-12 8.744040281547535543e-13
2.371000190466082593e-11 -1.133662757126297464e-11
-2.524234620391872558e-10 1.348821379186976684e-10
2.432432210420785295e-09 -1.461822623457447158e-09
-2.097636851662146851e-08 1.430268899501419621e-08
1.595605970701257543e-07 -1.249560424868068723e-07
-1.050373157429319991e-06 9.615228551187136033e-07
5.826925688232791833e-06 -6.403105143900917231e-06
-2.616628329512638129e-05 3.605136318453663473e-05
8.868740657294782090e-05 -1.661425399976047736e-04
-1.931738980849381922e-04 5.972996416974552924e-04
1.105458924721288664e-04 -1.548043114887747785e-03
7.266451455318476875e-04 2.476532848195199879e-03
-1.903712496542017034e-03 -1.519000879846154435e-03
7.869542076805554525e-04 -7.421700435378285115e-04
8.458482050270331757e-04 -2.166534919526180746e-04
-1.300402850757003022e-03 -8.754326018388526509e-16
8.458482050263514294e-04 2.166534919526399755e-04
7.869542076802899314e-04 7.421700435381486764e-04
-1.903712496541825130e-03 1.519000879845715333e-03
7.266451455307428855e-04 -2.476532848195092326e-03
1.105458924721514313e-04 1.548043114887958120e-03
-1.931738980851305297e-04 -5.972996416973448122e-04
8.868740657257817572e-05 1.661425399978939575e-04
-2.616628329503898782e-05 -3.605136318406371930e-05
5.826925688368990496e-06 6.403105143883382802e-06
-1.050373157334119417e-06 -9.615228550926967746e-07
1.595605973388263104e-07 1.249560421347314867e-07
-2.097636876530436296e-08 -1.430268873978064838e-08
2.432431758336555533e-09 1.461822429953588026e-09
-2.524235849105955672e-10 -1.348822961212846184e-10
2.370993483853444721e-11 1.133695162590207136e-11
-2.034479692148912817e-12 -8.744526823130442250e-13
1.606743323165343773e-13 6.231337540656035001e-14
-1.145400767035532874e-14 -4.091465979548505060e-15
6.782397023764351026e-16 7.767483527912755994e-16
-8.564391424498150611e-17 5.416991415495114306e-17
-1.207922447415211224e-16 4.703498676935532132e-17
-3.485636802756774677e-16 -1.531114350830214917e-15
8.089790230398609852e-15 1.817694262497708695e-14
-1.139797311897588012e-13 -2.408756041678903895e-13
1.533948864020012525e-12 2.930597218532678351e-12
-1.900872046895914813e-11 -3.273778975291705268e-11
2.156845421929232536e-10 3.327981206835963053e-10
-2.223251750855104875e-09 -3.047799041537573275e-09
2.061965333272321111e-08 2.482894644239486223e-08
-1.700411084586755425e-07 -1.769894612490763137e-07
1.228417654690634929e-06 1.079497490256972219e-06
-7.626239179358361709e-06 -5.452029138232911284e-06
3.965109213619541896e-05 2.160822856360738575e-05
-1.664932709317933914e-04 -6.024121297121253908e-05
5.342906472823585537e-04 8.105362866375294330e-05
-1.192531393326339310e-03 1.419312284801116277e-04
1.512658323481968050e-03 -8.673023290833750502e-04
-4.552607288576363291e-04 1.291236403088072545e-03
-5.167832623768177976e-04 -1.033710242228344013e-04
-3.840115556009856494e-04 -1.713831357064763523e-04
3.294070832411725666e-04 4.089065737784893151e-16
-3.840115556009861915e-04 1.713831357061988778e-04
-5.167832623764770329e-04 1.033710242228122158e-04
-4.552607288580600895e-04 -1.291236403087536082e-03
1.512658323481205639e-03 8.673023290832066736e-04
-1.192531393326015350e-03 -1.419312284797981849e-04
5.342906472823482538e-04 -8.105362866379557955e-05
-1.664932709318345369e-04 6.024121297113642132e-05
3.965109213603554657e-05 -2.160822856368515015e-05
-7.626239179407851303e-06 5.452029138550929804e-06
1.228417654750201462e-06 -1.079497490031095002e-06
-1.700411085632074550e-07 1.769894614386292377e-07
2.061965341714075464e-08 -2.482894674002331400e-08
-2.223251883010334673e-09 3.047798657200048622e-09
2.156845347414974371e-10 -3.327982767708058147e-10
-1.900897083989508693e-11 3.273801088463529489e-11
1.534226692268004278e-12 -2.930399970668416720e-12
-1.140276583651854476e-13 2.407911204178378638e-13
7.991910313915354193e-15 -1.812217057482011830e-14
-9.539963180249200697e-16 1.101559705339942598e-15
7.070752332260922185e-17 -1.453946853536041905e-16
1.831336532741918275e-16 -8.467905804792852316e-17
-2.167161037454675313e-15 1.098561261489237272e-15
2.668415984551512078e-14 -1.392309662732707734e-14
-3.418419101722890972e-13 1.928462952178042920e-13
4.006789796543747000e-12 -2.493327662853295487e-12
-4.295496884188563771e-11 2.965637331518941527e-11
4.172330717094431738e-10 -3.221590104978716219e-10
-3.631166703510689936e-09 3.169130260219604164e-09
2.791237825245020265e-08 -2.794187085325534848e-08
-1.859255477665393446e-07 2.180202512542942992e-07
1.044495286000961980e-06 -1.481464911540651395e-06
-4.743223024025545080e-06 8.585356704943712929e-06
1.608862494262971527e-05 -4.124635249236078475e-05
-3.294436704614742454e-05 1.577312457267712449e-04
-4.431185646692370499e-06 -4.506377684614703899e-04
2.720600866873152247e-04 8.584531407022182297e-04
-7.835180664075144449e-04 -8.287842563656083739e-04
7.450580637928043122e-04 -9.920510566670393259e-06
1.130457032689271830e-04 2.459993468334780082e-04
8.493680255998524008e-05 1.860382935431815663e-04
-5.108366689616843456e-05 -2.270323716838571095e-16
8.493680255918489559e-05 -1.860382935436844464e-04
1.130457032692412493e-04 -2.459993468333073006e-04
7.450580637927337307e-04 9.920510567201079729e-06
-7.835180664069784154e-04 8.287842563657480191e-04
2.720600866872253444e-04 -8.584531407024731256e-04
-4.431185646580600267e-06 4.506377684612424364e-04
-3.294436704598362192e-05 -1.577312457268401731e-04
1.608862494266438602e-05 4.124635249204078926e-05
-4.743223024189141871e-06 -8.585356704915564330e-06
1.044495286023619476e-06 1.481464911445533619e-06
-1.859255479157664859e-07 -2.180202510172784663e-07
2.791237841905864192e-08 2.794187060301550159e-08
-3.631166271152960438e-09 -3.169129996598030508e-09
4.172331279451837871e-10 3.221590263856302530e-10
-4.295491568073771815e-11 -2.965669133446114935e-11
4.006949803686758017e-12 2.493465814338462511e-12
-3.417956821081543448e-13 -1.928392536667961444e-13
2.664384074948442747e-14 1.373917088794637517e-14
-1.852558494905283982e-15 -1.314951889663715157e-15
1.284584262708198716e-16 8.465743272346348615e-17
8.174903999109623535e-17 -1.837098846808249325e-16
1.366034871936844371e-15 3.078643124405014775e-15
-2.328428457977831878e-14 -3.825114088795186072e-14
3.118250318461691255e-13 4.707512253797837303e-13
-3.874331838440157371e-12 -5.299164290478489030e-12
4.419062679276906301e-11 5.435826368686779325e-11
-4.591902009072243524e-10 -5.029755741295700319e-10
4.308087959583572640e-09 4.145817490429851277e-09
-3.609472157505732539e-08 -2.994428236416719498e-08
2.664166351022090260e-07 1.852552238506711541e-07
-1.702637376369977284e-06 -9.485883085640506242e-07
9.209792315234760764e-06 3.787174409273633308e-06
-4.086810839878062923e-05 -1.027746811123578550e-05
1.421400839067818228e-04 9.434560121957807837e-06
-3.600747449884880496e-04 6.131763952352275743e-05
5.776487215561511420e-04 -3.115162509457073737e-04
-3.930368801884252740e-04 6.081190350047576201e-04
-1.499684257462782907e-04 -3.651388241331739626e-04
7.273667310276601874e-05 -1.258197121450625343e-04
3.176936622365271538e-05 -9.235980563320481595e-05
5.607024140109687974e-06 2.159792196462077697e-16
3.176936622377197084e-05 9.235980563363443106e-05
7.273667310247604887e-05 1.258197121444016317e-04
-1.499684257459064907e-04 3.651388241333370808e-04
-3.930368801881864243e-04 -6.081190350051123711e-04
5.776487215559702971e-04 3.115162509459316951e-04
-3.600747449885915367e-04 -6.131763952390132018e-05
1.421400839066884730e-04 -9.434560121913784146e-06
-4.086810839879487293e-05 1.027746811076732885e-05
9.209792315203520495e-06 -3.787174409411151225e-06
-1.702637376444122101e-06 9.485883087679912763e-07
2.664166352179912301e-07 -1.852552239170083128e-07
-3.609472170622815939e-08 2.994428249572847146e-08
4.308087936315153235e-09 -4.145817244653270796e-09
-4.591900130478251216e-10 5.029755695587881359e-10
4.419072229107191477e-11 -5.435839724057482372e-11
-3.874585607937315205e-12 5.299113443932889506e-12
3.118382591559699721e-13 -4.707823942403306021e-13
-2.324987752130143619e-14 3.829036519113220383e-14
1.941813386310531540e-15 -2.667509574162392134e-15
-2.344913873662996992e-16 2.232571817749798008e-16
-3.012288189572238316e-16 1.768099978839047635e-16
4.190691457488793045e-15 -2.683395183179030818e-15
-5.197040657120229913e-14 3.640024958911046374e-14
6.165616947032888190e-13 -4.731794841623545175e-13
-6.678484372807482394e-12 5.671642149037341383e-12
6.563786166802070209e-11 -6.226017785017797080e-11
-5.787937573750084211e-10 6.208790572198103724e-10
4.514240696768277034e-09 -5.571239711459267406e-09
-3.054384271537334348e-08 4.446117969650313988e-08
1.742868326220452505e-07 -3.110165742540796042e-07
-8.005486548203028039e-07 1.871884990493799032e-06
2.689988589042009531e-06 -9.456936998399262314e-06
-4.767551503945336882e-06 3.875092150139506064e-05
-8.801418670422955196e-06 -1.223523962880596289e-04
9.244572621063244127e-05 2.732593096951304690e-04
-2.937150208642508135e-04 -3.617218448353692124e-04
4.230187100398183852e-04 1.446564368050285950e-04
-1.434751098312889790e-04 1.468037072769200928e-04
-7.920343479994181274e-05 5.226116286348153228e-06
-4.274038608203394491e-05 1.804099961831695108e-05
-8.137720202207868918e-06 3.889818128598734328e-17
-4.274038608196884534e-05 -1.804099961773573740e-05
-7.920343479954995497e-05 -5.226116286397335349e-06
-1.434751098319462495e-04 -1.468037072770033054e-04
4.230187100392515643e-04 -1.446564368050543177e-04
-2.937150208643462775e-04 3.617218448354210373e-04
9.244572621022165062e-05 -2.732593096948752478e-04
-8.801418670422604524e-06 1.223523962883321702e-04
-4.767551503904840237e-06 -3.875092150127964054e-05
2.689988589113004021e-06 9.456936998328655341e-06
-8.005486548990885147e-07 -1.871884990591818320e-06
1.742868327739261195e-07 3.110165741009889340e-07
-3.054384298004138747e-08 -4.446117968608524343e-08
4.514240324850817166e-09 5.571239449543525462e-09
-5.787938649876460323e-10 -6.208788796012652424e-10
6.563773676480248704e-11 6.226026247126517343e-11
-6.678626635960201538e-12 -5.671766284282957729e-12
6.165588506853414454e-13 4.731838897584541261e-13
-5.193358168459372459e-14 -3.630019136756165228e-14
3.896424160013661056e-15 2.873751486443048596e-15
-2.491024542537328472e-16 -2.371308615427965347e-16
8.336118279223461616e-17 3.360890630234169765e-16
-3.871313673503983982e-15 -5.635471122188557161e-15
5.587629965165211421e-14 6.932553063753023714e-14
-6.997796355651359583e-13 -7.904678576683428651e-13
8.072799933439989605e-12 8.204105021863499363e-12
-8.509563722786092684e-11 -7.692345463846099203e-11
8.127704475848399393e-10 6.433795667547866705e-10
-6.963630604977208670e-09 -4.720915370123785637e-09
5.286189665111471665e-08 2.967958502862141052e-08
-3.500720336442188227e-07 -1.540152886447488324e-07
1.982403791788515839e-06 6.148378054465516904e-07
-9.345416369617191304e-06 -1.557506770822740583e-06
3.531100321294048077e-05 -1.168789602583710400e-08
-1.009088421888468360e-04 2.136447327905913933e-05
1.970695384111465789e-04 -1.032942881428517323e-04
-2.082685044770734022e-04 2.467548523406348825e-04
2.113075101751308752e-05 -2.680841571537450176e-04
1.003418014759795309e-04 3.455131687801484371e-05
2.571375581083287456e-05 3.498108384516415849e-05
2.039203984666172043e-05 1.077225360940426250e-05
8.669415422717019948e-06 -4.972279989468053748e-16
2.039203984620910329e-05 -1.077225360993679550e-05
2.571375581102134617e-05 -3.498108384487782070e-05
1.003418014757886300e-04 -3.455131687731867750e-05
2.113075101721873002e-05 2.680841571540837224e-04
-2.082685044770454569e-04 -2.467548523407184203e-04
1.970695384109140446e-04 1.032942881431037416e-04
-1.009088421887289019e-04 -2.136447327908510936e-05
3.531100321312087169e-05 1.168789622798581655e-08
-9.345416369428894186e-06 1.557506771045787863e-06
1.982403791603218488e-06 -6.148378055938976244e-07
-3.500720337577164731e-07 1.540152886915329502e-07
5.286189666045058144e-08 -2.967958504700302140e-08
-6.963630687162466350e-09 4.720915258397367184e-09
8.127701453498807534e-10 -6.433795423317394530e-10
-8.509571791142385098e-11 7.692352303972611379e-11
8.072977620378212379e-12 -8.204121575508239563e-12
-6.997891632558551782e-13 7.904052911296617297e-13
5.582205274992839061e-14 -6.931922226413481711e-14
-4.387331441208729733e-15 5.426435791625543984e-15
4.214245808966648283e-16 -4.072194398578650544e-16
5.930934608231160143e-16 -4.724660096617817957e-16
-7.411354523666326504e-15 6.171619839474725841e-15
8.758887443307858775e-14 -8.036173154876725977e-14
-9.627047562608517439e-13 9.767842481661499057e-13
9.597551646517184887e-12 -1.089120811417805676e-11
-8.596537079103180284e-11 1.106905082315525949e-10
6.817930579111757688e-10 -1.016279551820539526e-09
-4.692775941183008183e-09 8.339953268076533161e-09
2.718980111589333090e-08 -6.037650133935893449e-08
-1.256550641060995486e-07 3.792686772303486505e-07
4.080543444696964314e-07 -2.023314281852189891e-06
-4.875161127570956163e-07 8.903408003225898266e-06
-3.788671111580104236e-06 -3.098936701936627825e-05
2.862964844643218338e-05 7.985929182634295283e-05
-1.000710854478569585e-04 -1.348051336082017534e-04
1.906591856125640610e-04 1.072262849422207310e-04
-1.552521250802077035e-04 2.842830965556384122e-05
-7.951964739227631153e-06 -5.488866062792995129e-05
8.686118847975399110e-06 -2.196887577856246362e-05
-2.431643667010192608e-06 -1.115225423909827070e-05
-4.691224611554144723e-06 -4.732646705031977759e-16
-2.431643666901552162e-06 1.115225423947846483e-05
8.686118848463576385e-06 2.196887577867482084e-05
-7.951964738475027133e-06 5.488866062825736001e-05
-1.552521250799729737e-04 -2.842830965564255091e-05
1.906591856127323292e-04 -1.072262849424777817e-04
-1.000710854474281565e-04 1.348051336081956548e-04
2.862964844652119637e-05 -7.985929182653706568e-05
-3.788671111535657029e-06 3.098936701944133892e-05
-4.875161127518324712e-07 -8.903408003259500063e-06
4.080543444765291286e-07 2.023314281953935489e-06
-1.256550643223322369e-07 -3.792686771811601767e-07
2.718980134656433443e-08 6.037650140163809073e-08
-4.692775689194341006e-09 -8.339953083956551282e-09
6.817932196585853926e-10 1.016279417423468702e-09
-8.596526152239602781e-11 -1.106907058905181367e-10
9.597716007540183590e-12 1.089137526359906381e-11
-9.627168669658121833e-13 -9.767729605329067267e-13
8.753068178842124232e-14 8.031943522420815276e-14
-7.198022311986925795e-15 -6.300115427275479873e-15
4.944890856819912971e-16 5.704526631575313853e-16
-5.019078670668679271e-16 -7.369097665061590315e-16
8.864464268486843792e-15 9.595457303554752802e-15
-1.153328531294837394e-13 -1.100463907301482113e-13
1.350126613126785898e-12 1.158579611137634415e-12
-1.449436695780606832e-11 -1.102520785735457996e-11
1.415058412662140255e-10 9.369457930332700322e-11
-1.244741064619418619e-09 -6.988861240183336455e-10
9.755592538024829966e-09 4.461073366424731937e-09
-6.718548849523201279e-08 -2.335263859924493102e-08
3.994812429924182447e-07 9.164561287371056188e-08
-2.003888503970202022e-06 -1.963650195586651741e-07
8.214918319194167024e-06 -4.528244820476528100e-07
-2.626690856917998019e-05 6.486732355998438211e-06
6.069532140124094931e-05 -3.151699481319612930e-05
-8.702248386064261444e-05 8.852602566637326846e-05
4.589954819270432675e-05 -1.375969692371670900e-04
3.960489863878159498e-05 8.143394251690946710e-05
-2.384533935605783820e-05 1.777520861771740885e-05
-1.255827191538265008e-05 2.338312684136700928e-06
-3.426195195538719679e-06 4.143114293718610314e-06
1.160883939274646249e-06 -2.987438317451921484e-16
-3.426195195273578885e-06 -4.143114294016427945e-06
-1.255827191493224709e-05 -2.338312684635581734e-06
-2.384533935588248205e-05 -1.777520861806843963e-05
3.960489863839267811e-05 -8.143394251691060551e-05
4.589954819292698800e-05 1.375969692372573769e-04
-8.702248386077766538e-05 -8.852602566623130574e-05
6.069532140124456784e-05 3.151699481322772702e-05
-2.626690856921989916e-05 -6.486732356242047428e-06
8.214918319053366431e-06 4.528244818928871321e-07
-2.003888503848949255e-06 1.963650198647502704e-07
3.994812430476423577e-07 -9.164561282921507413e-08
-6.718548857910747839e-08 2.335263867627561602e-08
9.755592714015100460e-09 -4.461073367083544072e-09
-1.244740899457817708e-09 6.988860888512512776e-10
1.415057372045553798e-10 -9.369461553625307119e-11
-1.449457799437604049e-11 1.102528290462877397e-11
1.350134543731740858e-12 -1.158598234099331177e-12
-1.152678313947220818e-13 1.100038484537217176e-13
9.199786241638192963e-15 -9.356099952660623446e-15
-7.793434713878369016e-16 7.745367231642735958e-16
-9.813120369305236720e-16 9.114608823745609226e-16
1.172133435036581443e-14 -1.243867009372014952e-14
-1.296805953958173674e-13 1.544569934527331907e-13
1.314935386455011193e-12 -1.756072475625809413e-12
-1.197980506089875161e-11 1.825453724352703899e-11
9.669621103681335305e-11 -1.721058000460042633e-10
-6.767928932735636011e-10 1.457392266503921813e-09
3.968878910307873266e-09 -1.095416323653965049e-08
-1.824412267692398249e-08 7.201376334938416272e-08
5.442527835776222104e-08 -4.063682616358338019e-07
3.445395195462782646e-09 1.919852493862503124e-06
-1.207743725039875982e-06 -7.334423922657066949e-06
8.123205467440203055e-06 2.150337809208443263e-05
-3.109973060709124611e-05 -4.424771317552993508e-05
7.318897363544986964e-05 5.243720971192633151e-05
-9.345241425816523217e-05 -1.214687323183097627e-05
3.760551839388453734e-05 -3.430250496122164513e-05
1.493794095570444275e-05 6.875308721922165438e-06
4.683777785488298548e-06 5.079526622388947827e-06
2.557972711306165262e-06 2.330571105777540487e-07
2.476030549685680745e-07 -2.391451756386478180e-16
2.557972711648484311e-06 -2.330571100558259520e-07
4.683777785634847106e-06 -5.079526622681699354e-06
1.493794095555952219e-05 -6.875308721766919545e-06
3.760551839387591116e-05 3.430250496152547246e-05
-9.345241425826001855e-05 1.214687323158374260e-05
7.318897363497456896e-05 -5.243720971215949596e-05
-3.109973060710315200e-05 4.424771317571519813e-05
8.123205467341142552e-06 -2.150337809206436811e-05
-1.207743725095526258e-06 7.334423922980472599e-06
3.445395074468570159e-09 -1.919852493968314903e-06
5.442527850420501937e-08 4.063682614725895889e-07
-1.824412291766758088e-08 -7.201376344799683694e-08
3.968878764674632464e-09 1.095416308636609058e-08
-6.767930807066026665e-10 -1.457392307829520488e-09
9.669601850231155473e-11 1.721058033200554898e-10
-1.197992546535225167e-11 -1.825464620151918040e-11
1.314967340567028068e-12 1.756127900592862024e-12
-1.296681758794799938e-13 -1.542811417950263798e-13
1.156735146612408837e-14 1.258878382273516646e-14
-9.253172060286779006e-16 -1.090777725487598635e-15
1.298469540867354793e-15 1.245180422812976397e-15
-1.750367851682284529e-14 -1.449401152110246816e-14
2.103438803689985348e-13 1.544439423639703807e-13
-2.305827305290289080e-12 -1.493420025674055391e-12
2.306719841727165961e-11 1.289477852023313268e-11
-2.088147390523364956e-10 -9.767173147127407713e-11
1.693240900238141488e-09 6.308440037420099931e-10
-1.214726450112097477e-08 -3.299888581553669510e-09
7.590823343902012000e-08 1.232144206219544909e-08
-4.049914367467214789e-07 -1.631549630629957782e-08
1.795856522261826220e-06 -1.828000363578133925e-07
-6.370681150829508117e-06 1.771258743743888938e-06
1.704083566324666600e-05 -8.868765007629625337e-06
-3.088192035499360335e-05 2.853479375589360224e-05
2.884298959024357063e-05 -5.730187524798281983e-05
4.005369592843107407e-06 5.991904413058030045e-05
-2.433663141029149566e-05 -1.410848435721866114e-05
-4.972332252182204747e-07 -9.287260772732801664e-06
9.930624549932541617e-07 -3.623683134079232885e-06
-6.097966471747820534e-07 -1.101538929431048961e-06
-3.222407217383209012e-07 -7.864166653339173775e-17
-6.097966469192058493e-07 1.101538929259902777e-06
9.930624546129507679e-07 3.623683134171787751e-06
-4.972332252671885082e-07 9.287260773217899127e-06
-2.433663141037464381e-05 1.410848435726239853e-05
4.005369592794487716e-06 -5.991904413036917241e-05
2.884298959031494840e-05 5.730187524818408841e-05
-3.088192035493092969e-05 -2.853479375586519276e-05
1.704083566316892532e-05 8.868765007664501071e-06
-6.370681150794041154e-06 -1.771258743667229068e-06
1.795856522101257784e-06 1.828000360531179595e-07
-4.049914367290883176e-07 1.631549624309835011e-08
7.590823355245175474e-08 -1.232144229287608928e-08
-1.214726474656758298e-08 3.299888647455751099e-09
1.693240821244696687e-09 -6.308440214608884201e-10
-2.088145312862384183e-10 9.767172562044045826e-11
2.306741522726564522e-11 -1.289476749944433917e-11
-2.305917168985406105e-12 1.493391879091855123e-12
2.103166530767197619e-13 -1.545024032635168279e-13
-1.766825662942981951e-14 1.432246609605400742e-14
1.484451601962000609e-15 -1.276495498835311912e-15
1.482868988894319301e-15 -1.755359484366440647e-15
-1.648177402866889550e-14 2.255852571139666496e-14
1.694116252375068194e-13 -2.636806082646413362e-13
-1.571379560180585224e-12 2.810758297597797081e-12
1.290489161574767393e-11 -2.728096243079478863e-11
-9.166108880444898291e-11 2.389414123120579882e-10
5.406064080535522954e-10 -1.868390859368147441e-09
-2.421759776953052061e-09 1.287326215418859170e-08
5.900139688291774346e-09 -7.687356729584525713e-08
1.946519992569301577e-08 3.894077939800525684e-07
-3.272712347758266143e-07 -1.625185977345460880e-06
2.122083755277125063e-06 5.357090123636802531e-06
-8.858812964643307772e-06 -1.303279419162652038e-05
2.471998699864427456e-05 2.050767736316732492e-05
-4.276161165150554639e-05 -1.372962407861133598e-05
3.621629435663977105e-05 -9.908372068285429537e-06
-2.995179631161217523e-06 1.506686060785536822e-05
-4.611875922129833586e-06 2.631825172445050366e-06
-1.971342873976545200e-06 5.702988080595764679e-07
-2.874228234769633382e-07 5.300727916636464967e-07
8.201587313283776892e-08 4.593501042584752262e-16
-2.874228233809969405e-07 -5.300727915518954282e-07
-1.971342873108790438e-06 -5.702988079155628674e-07
-4.611875922201600146e-06 -2.631825172955388140e-06
-2.995179630700185537e-06 -1.506686060780154436e-05
3.621629435657478668e-05 9.908372068636511141e-06
-4.276161165131444220e-05 1.372962407869291880e-05
2.471998699843142196e-05 -2.050767736334023822e-05
-8.858812964570307084e-06 1.303279419159148710e-05
2.122083755301480225e-06 -5.357090123949560977e-06
-3.272712347132582492e-07 1.625185977456790020e-06
1.946519985006474932e-08 -3.894077935857614843e-07
5.900139850570003347e-09 7.687356738079392671e-08
-2.421759675410812654e-09 -1.287326198379513111e-08
5.406065259092770333e-10 1.868390969859362314e-09
-9.166095311104577659e-11 -2.389413713042741497e-10
1.290507479846356291e-11 2.728106053905762026e-11
-1.571442871597173093e-12 -2.810850320522957706e-12
1.693803111525455113e-13 2.634684156712116297e-13
-1.641271060563688518e-14 -2.271738534121653770e-14
1.449278722481313253e-15 1.935667876602474829e-15
-2.432595789947440658e-15 -1.814422164748700088e-15
3.084832764295919447e-14 1.966100131581606906e-14
-3.469510156098909095e-13 -1.926272900818421392e-13
3.561599315619939576e-12 1.687890772592497525e-12
-3.322033509530128352e-11 -1.294612590907932580e-11
2.789577584918340929e-10 8.407736086246898719e-11
-2.085508275314391536e-09 -4.323023676631419331e-10
1.369131045989733399e-08 1.436266741584646649e-09
-7.756208948756980179e-08 7.449151285815075344e-10
3.705581688932549818e-07 -5.287144003982494020e-08
-1.446476609397581596e-06 4.429631129187913055e-07
4.401382514713175275e-06 -2.313165065531714714e-06
-9.646757925354146443e-06 8.367033501065016530e-06
1.285149785968711024e-05 -2.050103971746055454e-05
-4.749411051247002606e-06 3.059339815543762572e-05
-1.050606808683986254e-05 -2.053742463323483816e-05
8.251549696430005980e-06 -1.316876465106217414e-06
2.489740914262746694e-06 1.717679796521790150e-06
8.184549452881048282e-07 7.700874422013106355e-07
2.974199942376070921e-07 -3.837527550688573398e-09
4.033451580579930177e-08 -1.199396858555794474e-16
2.974199938007609668e-07 3.837527406476262624e-09
8.184549451981384943e-07 -7.700874425075304102e-07
2.489740914306397267e-06 -1.717679796736199812e-06
8.251549696737297675e-06 1.316876465008853729e-06
-1.050606808675808321e-05 2.053742463326428441e-05
-4.749411051422965231e-06 -3.059339815562821491e-05
1.285149785967495870e-05 2.050103971748484406e-05
-9.646757925268865472e-06 -8.367033501051257327e-06
4.401382514684960608e-06 2.313165065434250021e-06
-1.446476609175072182e-06 -4.429631126866374682e-07
3.705581688561113165e-07 5.287144000927444702e-08
-7.756208944872685606e-08 -7.449150803309889306e-10
1.369131062619971313e-08 -1.436266749105737565e-09
-2.085508273740804084e-09 4.323022871505927586e-10
2.789576416046086054e-10 -8.407751868353510020e-11
-3.322051488129703860e-11 1.294612796220647844e-11
3.561739613582480444e-12 -1.687790322879857337e-12
-3.469561421715872870e-13 1.926479300792725931e-13
3.096976892511545072e-14 -1.951013415396219886e-14
-2.631358805431943198e-15 1.811982958076865750e-15
-2.050111201061097867e-15 3.052797879710366774e-15
2.064026598033201613e-14 -3.694485303778621830e-14
-1.937996391021461153e-13 4.055558202229289726e-13
1.617689240686807328e-12 -4.059894132948629264e-12
-1.161628390901044094e-11 3.684130414409938840e-11
6.818456186914249648e-11 -3.001091977491713608e-10
-2.867233181561141934e-10 2.168898048936488949e-09
3.752731820448015771e-10 -1.370482611751248571e-08
6.829953653777460784e-09 7.431546520478946521e-08
-7.884520765439229575e-08 -3.373629061595755590e-07
5.120615319004608630e-07 1.238330343773591298e-06
-2.321688742710232648e-06 -3.485311151089850091e-06
7.480848369290251121e-06 6.845183086765316257e-06
-1.628474701340602639e-05 -7.439354133338144696e-06
2.097437095044750292e-05 -7.207807838853943624e-08
-1.076843833498914774e-05 8.812030224560904397e-06
-2.345623630961201125e-06 -3.921122977776674422e-06
2.820701469562044670e-07 -1.688432267582884720e-06
1.434053444961349737e-07 -5.972239932272665391e-07
-7.676866351747214665e-08 -1.302754179640173004e-07
-3.855078965259344500e-08 -2.102913363939417902e-16
-7.676866356759311108e-08 1.302754184443778110e-07
1.434053441804850225e-07 5.972239934052223380e-07
2.820701468150591847e-07 1.688432268072992383e-06
-2.345623630765404801e-06 3.921122977580192424e-06
-1.076843833517189680e-05 -8.812030224446590525e-06
2.097437095048636140e-05 7.207807842003066538e-08
-1.628474701324164102e-05 7.439354133415089169e-06
7.480848369064555804e-06 -6.845183086682016496e-06
-2.321688742694491388e-06 3.485311151348859637e-06
5.120615318568147375e-07 -1.238330343999995370e-06
-7.884520753651735116e-08 3.373629059210501282e-07
6.829953556502288816e-09 -7.431546524614967374e-08
3.752732731726579353e-10 1.370482594934977903e-08
-2.867234143287366063e-10 -2.168898161950697334e-09
6.818443999920049906e-11 3.001091049299542990e-10
-1.161642400152989294e-11 -3.684138072100309589e-11
1.617742294206415929e-12 4.060003034616412643e-12
-1.938161618084559873e-13 -4.054089466131426931e-13
2.052942945179102554e-14 3.702347638777340865e-14
-1.976758614755246883e-15 -3.279668742502657409e-15
4.255586460055884523e-15 2.399638583668412986e-15
-4.984602926970665148e-14 -2.388295966258192156e-14
5.270340021652585603e-13 2.117723066588229447e-13
-5.066460552491642202e-12 -1.636829377591972314e-12
4.406011723569309291e-11 1.058164427659180789e-11
-3.431074031380489463e-10 -5.196505693561862552e-11
2.363388021982995857e-09 1.292000757693697109e-10
-1.418091089935781282e-08 7.613371771317419511e-10
7.266917561785783364e-08 -1.303111287053624243e-08
-3.096802315191949812e-07 1.029449590953173288e-07
1.056385845266655462e-06 -5.635713262729955980e-07
-2.715162571628195769e-06 2.258651363942704405e-06
4.683488545493650360e-06 -6.506077450378252300e-06
-3.826695094674168265e-06 1.256374270957536270e-05
-2.278742414369554761e-06 -1.385537011467505323e-05
6.516858040594493106e-06 5.097437430296630234e-06
-1.501889009965456851e-06 2.046061837853941493e-06
-9.253617776703983177e-07 2.568937169748475715e-07
-3.220863396234673907e-07 8.916196023967152112e-08
-3.834870580236071094e-08 6.439586236573717205e-08
7.672630952972491002e-09 -1.517881596178037035e-16
-3.834870586405060356e-08 -6.439586236062432236e-08
-3.220863392827931216e-07 -8.916195979201926718e-08
-9.253617774216557637e-07 -2.568937170688561584e-07
-1.501889010212567067e-06 -2.046061837670960353e-06
6.516858040372785620e-06 -5.097437430587680072e-06
-2.278742414418420939e-06 1.385537011490414176e-05
-3.826695094604770856e-06 -1.256374270955551333e-05
4.683488545564212439e-06 6.506077450429456289e-06
-2.715162571405687413e-06 -2.258651363820856175e-06
1.056385845087835160e-06 5.635713262093507070e-07
-3.096802315348484677e-07 -1.029449591474824087e-07
7.266917552981831437e-08 1.303111291534088232e-08
-1.418091096390090945e-08 -7.613372144655447310e-10
2.363388066389548459e-09 -1.291999312200542341e-10
-3.431073304187177548e-10 5.196518431554491907e-11
4.406020271030376717e-11 -1.058162923102413181e-11
-5.066535974309518695e-12 1.636893962235530578e-12
5.269736733137396392e-13 -2.117647237986644520e-13
-4.997617129349987160e-14 2.380886720737142907e-14
4.413021341390106848e-15 -2.359508912350664839e-15
2.353778634974264999e-15 -4.828961246274111388e-15
-2.237398803879187696e-14 5.459435346977113361e-14
1.889885358867108867e-13 -5.653004133826679126e-13
-1.363315139580132161e-12 5.321674885326219712e-12
7.827171541525566275e-12 -4.520997453356676271e-11
-2.855980658005621430e-11 3.429238336854237494e-10
-3.670683510192303370e-11 -2.292492706494527353e-09
1.713444942595404813e-09 1.328854996986422167e-08
-1.716614031721549438e-08 -6.538464621099451666e-08
1.140167586129141955e-07 2.652739562418655426e-07
-5.597443745116973079e-07 -8.504090158690305285e-07
2.045884072501111045e-06 2.007362833666995462e-06
-5.366681850927148524e-06 -3.007931489570559928e-06
9.280688060209569743e-06 1.545520465847995472e-06
-8.726683178618878259e-06 2.928802873104901603e-06
2.012192650986489932e-06 -4.383373219049676556e-06
1.406000975156091873e-06 3.158952978745191691e-07
3.494331438488788361e-07 4.085829564185783236e-07
1.252326475725425872e-07 1.303770122729515967e-07
3.822208900730374175e-08 2.805684749077392563e-09
6.059003981721324609e-09 1.553112303579033429e-17
3.822208944639603955e-08 -2.805684818260422359e-09
1.252326475025544518e-07 -1.303770127000880774e-07
3.494331439497372726e-07 -4.085829559259929835e-07
1.406000974905077683e-06 -3.158952977580105284e-07
2.012192651118093442e-06 4.383373218925946218e-06
-8.726683178384365329e-06 -2.928802873270662563e-06
9.280688060064339168e-06 -1.545520465991188933e-06
-5.366681850763094336e-06 3.007931489644052318e-06
2.045884072460099828e-06 -2.007362833734773344e-06
-5.597443745053172440e-07 8.504090159448091665e-07
1.140167584849990650e-07 -2.652739561292399127e-07
-1.716614029242870307e-08 6.538464616639750407e-08
1.713444902175518243e-09 -1.328854993659768592e-08
-3.670677573733723161e-11 2.292492830441704317e-09
-2.855975242707014342e-11 -3.429238227775374064e-10
7.827240696301604878e-12 4.521004589917837909e-11
-1.363434729270807495e-12 -5.321727307598235780e-12
1.889165492964500163e-13 5.651492146834753212e-13
-2.231507890293706081e-14 -5.465984436937775790e-14
2.336180697612011052e-15 5.022031250423824841e-15
-6.944465639944543680e-15 -2.852266945541921269e-15
7.570587462600207150e-14 2.571627822886603076e-14
-7.513619294332046611e-13 -1.993404047274907224e-13
6.764430900761054429e-12 1.262017443464279020e-12
-5.481948803872117059e-11 -5.605131143230235349e-12
3.955219088897961535e-10 3.973314366251019573e-12
-2.506428169122984562e-09 2.336383466576744986e-10
1.371263216799758183e-08 -2.915946230727825472e-09
-6.331761037374187919e-08 2.261006956164963138e-08
2.390953196866648647e-07 -1.299578832981855386e-07
-7.039098293457696717e-07 5.701890416398857604e-07
1.485638745339550582e-06 -1.879810202334750108e-06
-1.836496641962009734e-06 4.434103865585797370e-06
2.058947836729825116e-07 -6.776860597190194867e-06
2.825892952746545798e-06 5.319665244746328983e-06
-2.749452230737461013e-06 -5.212143408211898797e-07
-1.493844477752231249e-07 -8.198728943349640608e-07
1.223707995102755602e-07 -2.742023600392735212e-07
3.057501040070855381e-08 -9.274971055548628493e-08
-8.002008678250237627e-09 -1.814701197730724370e-08
-4.604668795924877354e-09 -2.028447707338784219e-16
-8.002008501599820757e-09 1.814701187296349824e-08
3.057501039942416069e-08 9.274971052281004346e-08
1.223707992343314959e-07 2.742023597985792625e-07
-1.493844477596642678e-07 8.198728942129763875e-07
-2.749452230769561444e-06 5.212143412201781850e-07
2.825892952945971659e-06 -5.319665244945539274e-06
2.058947835912890426e-07 6.776860597152558652e-06
-1.836496641895215045e-06 -4.434103865709273598e-06
1.485638745218634934e-06 1.879810202241661187e-06
-7.039098292874069840e-07 -5.701890416016161765e-07
2.390953196875367263e-07 1.299578832933511774e-07
-6.331761025584688374e-08 -2.261006963941840633e-08
1.371263216918772930e-08 2.915946202203917354e-09
-2.506428239540978469e-09 -2.336385000313916792e-10
3.955218756875030733e-10 -3.973433263718338722e-12
-5.481961428710981001e-11 5.605062134110980821e-12
6.764480732104446158e-12 -1.262184840473865304e-12
-7.513840387215149210e-13 1.993018438143217220e-13
7.579620795093284287e-14 -2.567848243629764804e-14
-7.084594593127331945e-15 2.821482035268837362e-15
-2.391684971541171653e-15 6.789821976274714810e-15
2.015203669729736942e-14 -7.245882754863842541e-14
-1.445884586473480237e-13 7.090118793057675065e-13
7.870398570931651959e-13 -6.287827163094608620e-12
-1.990213499246584127e-12 5.009013039310863813e-11
-1.940951934428212644e-11 -3.542914847797065223e-10
3.556264009861617602e-10 2.193265841944206856e-09
-3.366409088862730923e-09 -1.166712373951987154e-08
2.315714471665821810e-08 5.203804536403673179e-08
-1.228512850142175482e-07 -1.879429634159959615e-07
5.033328350236638854e-07 5.203941856709861527e-07
-1.548479304350005842e-06 -9.965780373211880847e-07
3.371996327844080173e-06 9.806526119129523649e-07
-4.631407275936311550e-06 4.597045611852545710e-07
3.007397971543123185e-06 -2.308152699654001579e-06
1.265452161639248721e-07 1.571556613998242484e-06
-4.101634822990512219e-07 2.715765769393342543e-07
-1.692901548051991599e-07 3.375487583233691241e-09
-5.189307423969312265e-08 8.440940600085040987e-09
-6.379326189625720955e-09 7.779480940128482813e-09
4.756464651398739427e-10 8.799278718810285448e-17
-6.379326335856733753e-09 -7.779481404586384936e-09
-5.189307419408813423e-08 -8.440940531067709530e-09
-1.692901545911343200e-07 -3.375487901428324244e-09
-4.101634821413395105e-07 -2.715765770999530357e-07
1.265452161244027118e-07 -1.571556613982242667e-06
3.007397971344006068e-06 2.308152699732710421e-06
-4.631407275818086926e-06 -4.597045611219651162e-07
3.371996327791598859e-06 -9.806526120810253010e-07
-1.548479304369805872e-06 9.965780373060181482e-07
5.033328351331766692e-07 -5.203941855905264930e-07
-1.228512849549114776e-07 1.879429633378576751e-07
2.315714456032033786e-08 -5.203804528409973778e-08
-3.366409104346824899e-09 1.166712373988012855e-08
3.556264543715362103e-10 -2.193265952593254820e-09
-1.940952794068068719e-11 3.542914060328059016e-10
-1.990344260593211581e-12 -5.009019621014137183e-11
7.870988921145622642e-13 6.287810072967008245e-12
-1.446476213678069777e-13 -7.089424412903546221e-13
2.013373687114452932e-14 7.249138712989990625e-14
-2.364644895603818206e-15 -6.937923474973089491e-15
1.076215360882459577e-14 3.074004228309254028e-15
-1.105021435127084024e-13 -2.370711947013313157e-14
1.031283430707287311e-12 1.436420950622110751e-13
-8.692703051653738468e-12 -5.084446474197950243e-13
6.560856303692103640e-11 -1.958708424673458883e-12
-4.380628817839284624e-10 5.642896214229253415e-11
2.548655829111632011e-09 -6.193208321463681123e-10
-1.267017512424651319e-08 4.817042768495525017e-09
5.241019359042657519e-08 -2.907556536979203126e-08
-1.735350573154187577e-07 1.383227579538759156e-07
4.315079565035633380e-07 -5.115328559105270221e-07
-7.053362048637860769e-07 1.417849771753430113e-06
4.477058842660338069e-07 -2.753873018707178244e-06
7.970513605762311311e-07 3.285963902716271909e-06
-1.820991902035049237e-06 -1.678254163631028901e-06
8.602756799283346837e-07 -3.096686155413194847e-07
2.344063431201326860e-07 1.672793582315190392e-07
4.270194640099522097e-08 8.533531646065746311e-08
1.697454618777592398e-08 2.291796459787809556e-08
5.095073951984393760e-09 1.266898932329395229e-09
9.744923004845699731e-10 -5.727296851269417194e-17
5.095073874211063524e-09 -1.266898464661060599e-09
1.697454615183468483e-08 -2.291796445352276029e-08
4.270194608538930222e-08 -8.533531620947775707e-08
2.344063431190747418e-07 -1.672793581191902414e-07
8.602756800749713335e-07 3.096686152592030914e-07
-1.820991902160255742e-06 1.678254163888956575e-06
7.970513606192776631e-07 -3.285963902716130455e-06
4.477058841535849421e-07 2.753873018734423482e-06
-7.053362047667169482e-07 -1.417849771691460335e-06
4.315079564241960861e-07 5.115328559394938548e-07
-1.735350574663341944e-07 -1.383227580044849165e-07
5.241019352850045302e-08 2.907556546883787680e-08
-1.267017516423601066e-08 -4.817042739036444549e-09
2.548655909745010766e-09 6.193209655875139689e-10
-4.380628612379562886e-10 -5.642883712325936567e-11
6.560861957084630180e-11 1.958721236727205166e-12
-8.692782761541568707e-12 5.085409847502291337e-13
1.031291982961771390e-12 -1.436254284257769376e-13
-1.106179337433100187e-13 2.366679376287755461e-14
1.090224380269037653e-14 -3.047332732005278169e-15
1.891092243131972761e-15 -8.210596972706574167e-15
-1.305073680360402161e-14 8.312669211009198655e-14
6.305745378110194328e-14 -7.709813937738060897e-13
-1.458196104126165188e-15 6.455350718881383751e-12
-4.352559662032639310e-12 -4.832587458780118560e-11
6.146634865961696269e-11 3.193821930494069866e-10
-5.729095248199990810e-10 -1.833915601414426998e-09
4.115741873092248822e-09 8.960070793257950166e-09
-2.357203157123471584e-08 -3.618850486193652642e-08
1.074302762276265505e-07 1.156995586781208217e-07
-3.810188162050545530e-07 -2.715881440773107114e-07
1.007036683483762362e-06 3.923681864868436178e-07
-1.836723248321339923e-06 -1.065033309869985146e-07
1.980554325624624915e-06 -7.545847019423574305e-07
-7.731307068295027089e-07 1.210483754029740845e-06
-3.077470777776994070e-07 -3.832454868732040727e-07
3.834715679130778385e-08 -1.676203311710391638e-07
3.424382321290583273e-08 -4.309211500571030564e-08
7.052662734546938917e-09 -1.362042529654553704e-08
-6.041273453182627274e-10 -2.670156416982144845e-09
-5.618631938084984674e-10 3.220132473518077827e-16
-6.041275824968766653e-10 2.670155927095178340e-09
7.052662889656618070e-09 1.362042517683283371e-08
3.424382329265100024e-08 4.309211502494776059e-08
3.834715668041337013e-08 1.676203312374481615e-07
-3.077470775849938529e-07 3.832454869084917829e-07
-7.731307066102210196e-07 -1.210483754103971212e-06
1.980554325616030495e-06 7.545847018653450890e-07
-1.836723248354550603e-06 1.065033310630892048e-07
1.007036683409733376e-06 -3.923681865638886229e-07
-3.810188162661682449e-07 2.715881440482245000e-07
1.074302761823876457e-07 -1.156995586655697125e-07
-2.357203152338427617e-08 3.618850479715975457e-08
4.115741920467570012e-09 -8.960070783912155894e-09
-5.729096230816270466e-10 1.833915648910798007e-09
6.146641728766119741e-11 -3.193821314988139062e-10
-4.352479813339975600e-12 4.832594103664449427e-11
-1.460358909738600416e-15 -6.455273436775810021e-12
6.312360456947931355e-14 7.709238064205328827e-13
-1.302167639619096665e-14 -8.318280262127978068e-14
1.866010423756792335e-15 8.346034897526463089e-15
-1.668437237551696949e-14 -2.800609168608034931e-15
1.609720814394001614e-13 1.562709070911668755e-14
-1.414165019732179208e-12 -2.761743010794603060e-14
1.117301082223197815e-11 -7.322531175204950932e-13
-7.860350839691227821e-11 1.262808479481823569e-11
4.857853500902853173e-10 -1.312378239231945884e-10
-2.592581411782012596e-09 1.039473107340554286e-09
1.167925467127881511e-08 -6.603183758847234626e-09
-4.300372286081393164e-08 3.389926797503777765e-08
1.230591202199388038e-07 -1.389057396984594700e-07
-2.488635138692678313e-07 4.415094459658759440e-07
2.704653388400622255e-07 -1.036471115277652196e-06
1.178686986833183906e-07 1.649726040976495870e-06
-8.357034251036763386e-07 -1.489763276149040416e-06
9.441239472027701954e-07 3.879741781967754558e-07
-1.824131503834876240e-07 2.475177538635611382e-07
-9.971394819818666336e-08 9.382256799902414233e-09
-2.944881997938543827e-08 -7.904674071573619604e-09
-8.369565421081080338e-09 -1.444408749612797679e-10
-1.193540062101740468e-09 9.088928427820899383e-10
4.700508316738037620e-12 -1.189599901037197929e-16
-1.193539837289497988e-09 -9.088927431431006838e-10
-8.369565503309814630e-09 1.444409675177381519e-10
-2.944881972674279383e-08 7.904673943829083509e-09
-9.971394830664008694e-08 -9.382256500336669069e-09
-1.824131504963089715e-07 -2.475177535878634547e-07
9.441239471725887174e-07 -3.879741780823899561e-07
-8.357034250806684885e-07 1.489763276230406189e-06
1.178686987449149971e-07 -1.649726040971123140e-06
2.704653388433937649e-07 1.036471115199019798e-06
-2.488635136385904783e-07 -4.415094459695601138e-07
1.230591202648453407e-07 1.389057398682641385e-07
-4.300372286572037660e-08 -3.389926808532329380e-08
1.167925463962493249e-08 6.603183645034521085e-09
-2.592581556147669419e-09 -1.039473126948336555e-09
4.857853026951634907e-10 1.312377384789040773e-10
-7.860356950614061504e-11 -1.262815543737996306e-11
1.117308501491374893e-11 7.321353979804932813e-13
-1.414143853788897839e-12 2.752805196207072294e-14
1.611328461912616576e-13 -1.556051049462238412e-14
-1.679215410992110974e-14 2.775628323957291945e-15
-8.573786081936190606e-16 7.340350064615836807e-15
2.969762982744382223e-15 -7.066552246559002465e-14
2.265674135852979163e-14 6.227900416042062896e-13
-6.069372081999563572e-13 -4.937405340956425682e-12
7.693294544108464278e-12 3.483679146639837123e-11
-7.226593463928337462e-11 -2.157363718274170845e-10
5.453616391389903187e-10 1.151875438352508832e-09
-3.370974299195729104e-09 -5.176442253270393235e-09
1.700576545361656505e-08 1.890894551734777899e-08
-6.876453145958440712e-08 -5.304689249583845330e-08
2.156833942635422706e-07 1.018014709303702529e-07
-4.969828485157226822e-07 -8.836187842339886993e-08
7.638537177601420157e-07 -1.259105594673628529e-07
-6.310144237343949170e-07 4.609314803558327251e-07
8.401856617240703833e-08 -4.355960748371819099e-07
1.382158682273288689e-07 2.616150946264112921e-08
2.785754650268091857e-08 4.796759207735651353e-08
3.595830532686650021e-09 1.819444440570967709e-08
2.037687792498328331e-09 4.462493076086773165e-09
6.881086409085618006e-10 2.879926884945725351e-10
6.842865162745027313e-11 -6.652315894631811143e-17
6.881090492933335250e-10 -2.879925199266851854e-10
2.037687808103833395e-09 -4.462493018882223574e-09
3.595830401498215688e-09 -1.819444440984535847e-08
2.785754644532534648e-08 -4.796759225472878610e-08
1.382158680654270972e-07 -2.616150955291306006e-08
8.401856604887812235e-08 4.355960747507853433e-07
-6.310144236302622747e-07 -4.609314802975796753e-07
7.638537178590786403e-07 1.259105594535045469e-07
-4.969828485861028616e-07 8.836187849520230285e-08
2.156833942432954568e-07 -1.018014709176553751e-07
-6.876453143586151566e-08 5.304689255334363920e-08
1.700576542420332279e-08 -1.890894553494207275e-08
-3.370974290648372573e-09 5.176442242026583417e-09
5.453616627292868962e-10 -1.151875424295027823e-09
-7.226595384454977324e-11 2.157363573138520024e-10
7.693219802292738363e-12 -3.483678603899524444e-11
-6.069378196134719399e-13 4.937384020667302280e-12
2.266451913917595461e-14 -6.227673922947097968e-13
2.930864883664725092e-15 7.069764463114235333e-14
-8.395191288908069792e-16 -7.379468198222068754e-15
2.690438295590254348e-14 1.536432150303799414e-15
-2.454463584857042000e-13 3.909781067603603080e-15
2.039694212780810626e-12 -1.990961310881041268e-13
-1.518368545417789793e-11 2.871799252737131269e-12
1.000952133732586256e-10 -2.943335152100762939e-11
-5.755893193560421110e-10 2.409355452928896662e-10
2.831190621826219467e-09 -1.623279298484050273e-09
-1.159468158622493149e-08 9.029250032843450673e-09
3.796490771587472242e-08 -4.100427746896016188e-08
-9.260964485515754082e-08 1.485696111084748290e-07
1.423700824819132841e-07 -4.137125721436125596e-07
-4.532714064110073321e-08 8.333354932680753719e-07
-3.368910805967299944e-07 -1.089038383135750874e-06
7.149177419299723057e-07 7.129921735743844518e-07
-4.934314383882093019e-07 -4.550609141873633736e-09
-3.871218044672670233e-09 -1.312640380362762330e-07
2.939933306391785167e-08 -2.994044384909055012e-08
9.231868526576953078e-09 -5.616550970438634426e-09
1.218724294583006786e-09 -1.638230588195524291e-09
-8.550766159864624592e-11 -1.832410970486384384e-10
-1.372529502233729717e-11 -2.148037881288995051e-18
-8.550789303175011531e-11 1.832412095002944462e-10
1.218724172860587708e-09 1.638230485464156506e-09
9.231868178928562101e-09 5.616551089449389813e-09
2.939933338849513312e-08 2.994044342412334066e-08
-3.871217952579866693e-09 1.312640378642036867e-07
-4.934314383112355005e-07 4.550608960283250407e-09
7.149177420081939984e-07 -7.129921736655854421e-07
-3.368910807044671325e-07 1.089038383180975657e-06
-4.532714067593629989e-08 -8.333354932208951073e-07
1.423700823859920703e-07 4.137125719999120437e-07
-9.260964489277651071e-08 -1.485696112113904703e-07
3.796490766380669394e-08 4.100427760960367635e-08
-1.159468163688301573e-08 -9.029249892002426983e-09
2.831190823305945558e-09 1.623279346499740573e-09
-5.755892718296341067e-10 -2.409355135776045942e-10
1.000952261051351784e-10 2.943337757906787811e-11
-1.518390248953674382e-11 -2.871734308620233321e-12
2.039554741203014605e-12 1.992012680724889444e-13
-2.455135597504718565e-13 -4.001795012786836309e-15
2.697171865690668769e-14 -1.569943377904919552e-15
