3.554103845004168741e-16 7.102440162243844505e-16
-2.187578410491831780e-16 1.451311650898029599e-15
-7.515611316935696064e-16 4.348757960778065007e-16
6.729928905959121231e-16 4.630090168883779305e-17
-1.455389587050403956e-15 8.922906347172762293e-16
1.372903541812276069e-14 -1.396400343249119580e-14
-1.944567598855099426e-13 2.195160923932838194e-13
2.801807793505154430e-12 -3.360514900211126731e-12
-3.774973054293530894e-11 4.789037968294236445e-11
4.719585596336230825e-10 -6.355312205848009070e-10
-5.445934123153838444e-09 7.816337960420819377e-09
5.766748404250776439e-08 -8.858943689586196811e-08
-5.577069842890002306e-07 9.203506863761300156e-07
4.916040817409056105e-06 -8.711198364967721714e-06
-3.999794131267774439e-05 7.444329585640325152e-05
3.101197131286656875e-04 -5.615543945802494667e-04
-2.308498452234322013e-03 3.530407045135139279e-03
1.504727766525617086e-02 -1.663633274061392456e-02
-7.263608881009568641e-02 5.009129249764047304e-02
2.193917724158562510e-01 -7.221719422623057438e-02
-3.441109531237538932e-01 1.163586432166020956e-14
2.193917724159266947e-01 7.221719422626338147e-02
-7.263608881013074170e-02 -5.009129249768803221e-02
1.504727766526099166e-02 1.663633274062390963e-02
-2.308498452232443307e-03 -3.530407045137269953e-03
3.101197131245083684e-04 5.615543945797278570e-04
-3.999794131381867744e-05 -7.444329585282327016e-05
4.916040813980024483e-06 8.711198368548141841e-06
-5.577069853105652696e-07 -9.203506837468448797e-07
5.766748339023780108e-08 8.858943607963002403e-08
-5.445936787307110501e-09 -7.816336361179712411e-09
4.719592575885289460e-10 6.355324367752427810e-10
-3.774824719702666862e-11 -4.788905880334043484e-11
2.801003119723272364e-12 3.360774860013175603e-12
-1.936963816368270742e-13 -2.207655680930077535e-13
1.352771433433845876e-14 1.393812835589554039e-14
1.815956148261877703e-16 -5.216211890948601754e-16
-4.127605270223903570e-16 7.788532565499714885e-17
2.662404130490547710e-16 1.508478904228993788e-15
4.806904590310844707e-17 -6.513848000187757470e-16
1.326609172171794397e-16 2.088879170776562303e-16
2.184707766131503294e-16 1.069186923194275040e-16
4.062146763689233887e-16 7.370740163871066194e-17
1.879106784302361507e-17 2.904471460673110924e-16
-6.913554520125184266e-18 -8.021924050406699567e-17
3.409690496353336936e-15 3.013493360441259771e-15
-5.885966609369136703e-14 -4.485649126158650802e-14
9.111573684415046695e-13 6.508585517617651412e-13
-1.327445947009244533e-11 -8.816885030836606559e-12
1.799168418594073006e-10 1.103156499475523382e-10
-2.256328820789628598e-09 -1.265415806027758042e-09
2.601570434029326088e-08 1.318649537719845590e-08
-2.737228163912159206e-07 -1.234084737382772893e-07
2.604678124235088567e-06 1.021796589281936735e-06
-2.217736452859791094e-05 -7.331949684073020458e-06
1.667683412610409643e-04 4.422298799563483310e-05
-1.089816277419741655e-03 -2.134195442226149281e-04
6.061388497396857228e-03 7.535316675714599094e-04
-2.784230245580460172e-02 -1.589746799373760715e-03
1.004211495375381402e-01 6.808018521223985512e-04
-2.592489354464237450e-01 3.432280072899733352e-03
4.015281377892375159e-01 0.000000000000000000e+00
-2.592489354465128404e-01 -3.432280072936046752e-03
1.004211495375888358e-01 -6.808018521020854814e-04
-2.784230245581936769e-02 1.589746799365431007e-03
6.061388497401756954e-03 -7.535316675700844905e-04
-1.089816277419534355e-03 2.134195442223487023e-04
1.667683412614046870e-04 -4.422298799608017592e-05
-2.217736452835114653e-05 7.331949684334129375e-06
2.604678124609738439e-06 -1.021796589578673553e-06
-2.737228169853411882e-07 1.234084744671149150e-07
2.601570442002822761e-08 -1.318649542519985438e-08
-2.256328842999689434e-09 1.265415618949894925e-09
1.799170896107700056e-10 -1.103148332149453085e-10
-1.327494064005340229e-11 8.816199373583159951e-12
9.112280832240475979e-13 -6.509871880027378267e-13
-5.833855740717205353e-14 4.488973208689850919e-14
3.601211810494803208e-15 -2.737935656845436419e-15
-3.472765442182405445e-16 1.488161391589444090e-16
-1.052881990839445648e-16 -3.183331403747699823e-16
3.069111846893165743e-16 1.799170532866601914e-16
-2.880781546423689483e-17 -3.089106785594880088e-17
-3.296119508968763153e-16 -4.351331654048765039e-16
-2.129954738089642578e-16 -9.062128521609328573e-16
3.034395038941326744e-16 -2.325637170894543000e-16
-6.051473309465532828e-16 7.087099866192649370e-16
8.050654116387313688e-15 -1.142585829765327228e-14
-1.129030629545387298e-13 1.826171024349345474e-13
1.529997150691853091e-12 -2.708835591352876708e-12
-1.922761874708044149e-11 3.752134845848603113e-11
2.205296985300664163e-10 -4.812873432994273591e-10
-2.280492851612715503e-09 5.680813958359639439e-09
2.090332530522882183e-08 -6.122475525614789042e-08
-1.654335764358347892e-07 5.968294231088005907e-07
1.078275901868590199e-06 -5.200796658946210960e-06
-5.171025462815029877e-06 3.989758995465061660e-05
1.054578174744443042e-05 -2.638807391449198860e-04
1.040943088009295935e-04 1.459269600662790791e-03
-1.498414669471825411e-03 -6.429444085294385575e-03
1.124300941353957757e-02 2.086595936860086847e-02
-5.813263395321548177e-02 -4.372123198568297203e-02
1.981901312717866126e-01 4.521347050496656722e-02
-3.613563863803141429e-01 -2.832169132904485932e-14
1.981901312718485075e-01 -4.521347050493040864e-02
-5.813263395324471533e-02 4.372123198569043828e-02
1.124300941355054102e-02 -2.086595936860972597e-02
-1.498414669474807401e-03 6.429444085297457770e-03
1.040943088031013182e-04 -1.459269600662843266e-03
1.054578174824246590e-05 2.638807391432812770e-04
-5.171025459884273857e-06 -3.989758995619871500e-05
1.078275902017481015e-06 5.200796657411827717e-06
-1.654335757418159351e-07 -5.968294228749199709e-07
2.090332660686213173e-08 6.122475424609106460e-08
-2.280493554954238370e-09 -5.680814022397328720e-09
2.205293655863091613e-10 4.812862124121442496e-10
-1.922696130272390721e-11 -3.752070662603546861e-11
1.529979650026886106e-12 2.709320360783477261e-12
-1.124833946791298723e-13 -1.826261708288265381e-13
7.169469738899065888e-15 1.146333850915942698e-14
-4.835087899468942414e-16 -7.263616967842161355e-16
2.837058978045649746e-16 -3.463205052412662869e-16
2.396268133307648443e-16 1.960175335243798434e-16
-2.882147639449717390e-16 -4.207155335390794262e-16
-4.100370374226923155e-16 8.262174064994180392e-17
-5.630760999169952499e-16 2.354281247408737412e-16
-4.537550620793210541e-17 -4.151158659195930384e-16
1.817685856806253746e-15 1.228317055908402665e-15
-3.012199801949288741e-14 -1.625442932817093710e-14
4.588869553930630355e-13 2.246225723583426512e-13
-6.525763878553423790e-12 -2.847493640109900333e-12
8.610147209177645334e-11 3.280004030949919334e-11
-1.046938986926872189e-09 -3.377693592870180358e-10
1.164373488041354408e-08 3.033516329844512455e-09
-1.173684494454643249e-07 -2.271044453773870324e-08
1.060140523847488605e-06 1.270680171552895335e-07
-8.456650259064079682e-06 -3.132862357824366488e-07
5.842197083147372650e-05 -3.458534607138394036e-06
-3.399157024378656735e-04 6.007904728879733398e-05
1.593348791372954437e-03 -5.304385629152961286e-04
-5.524269917151556145e-03 3.201941035517621211e-03
1.103400477633836342e-02 -1.338991506482045159e-02
6.852344519716743396e-03 3.558196221063376213e-02
-1.195668719001008184e-01 -4.662598430730051369e-02
2.892458333832025885e-01 5.266189486090964754e-14
-1.195668719001261454e-01 4.662598430726158649e-02
6.852344519714096208e-03 -3.558196221064077736e-02
1.103400477634366474e-02 1.338991506483104728e-02
-5.524269917154160832e-03 -3.201941035521281911e-03
1.593348791374078321e-03 5.304385629170960126e-04
-3.399157024368800795e-04 -6.007904728871519889e-05
5.842197083190518476e-05 3.458534606417275078e-06
-8.456650258447661619e-06 3.132862366630202005e-07
1.060140524358888135e-06 -1.270680173230905720e-07
-1.173684488417327508e-07 2.271044444472145919e-08
1.164373524053871548e-08 -3.033516370695916816e-09
-1.046939066353845244e-09 3.377689234586065535e-10
8.610159693743414223e-11 -3.279923523537168122e-11
-6.525873576097381890e-12 2.847250286489539685e-12
4.584573163942460746e-13 -2.244588397143494440e-13
-3.025111727644008342e-14 1.635174097555034167e-14
2.096541600737000058e-15 -9.930786006748147047e-16
-7.858645150289031385e-18 2.310627823539008339e-16
-5.139840520756448183e-17 -4.224552640001360887e-16
3.038995296844865674e-17 1.536900353619284290e-16
2.311849735625318734e-16 4.471822192123119294e-16
3.917743079920142401e-16 6.530828683760534352e-16
-2.588599200619122634e-16 3.729239962005017132e-16
2.103853186439052959e-15 -4.319151929166575191e-15
-2.960669815719397837e-14 6.901067103985820056e-14
3.772204650016841668e-13 -1.008650496815890042e-12
-4.356695402323582224e-12 1.369242988221083994e-11
4.462208098291215724e-11 -1.718066258438049615e-10
-3.899083055924100542e-10 1.977213456685485782e-09
2.676875114598997126e-09 -2.069142313675749502e-08
-1.061025731559579364e-08 1.948202219222782203e-07
-4.920833332921605399e-08 -1.628284008650449253e-06
1.531592714520820565e-06 1.186808561614349865e-05
-1.838603019541154300e-05 -7.361052433887769065e-05
1.527894544738663538e-04 3.746232891406513980e-04
-9.426844835873471979e-04 -1.472513826915022948e-03
4.211765443598641454e-03 3.952968111035005255e-03
-1.199237708739947679e-02 -4.805767198999996888e-03
1.040036455346641034e-02 -7.352334421689987048e-03
6.425967114100854249e-02 2.765576266547383963e-02
-2.140533981033824751e-01 -6.140803046502106019e-14
6.425967114101334421e-02 -2.765576266543689002e-02
1.040036455347948495e-02 7.352334421687832522e-03
-1.199237708740880787e-02 4.805767199000605776e-03
4.211765443603182960e-03 -3.952968111036969830e-03
-9.426844835891722355e-04 1.472513826915015792e-03
1.527894544732008434e-04 -3.746232891394438136e-04
-1.838603019715847730e-05 7.361052433912972700e-05
1.531592714219724069e-06 -1.186808561578890356e-05
-4.920833356338638554e-08 1.628284008273187978e-06
-1.061025845055746601e-08 -1.948202216912237524e-07
2.676875671622689212e-09 2.069142343288964986e-08
-3.899085036476055138e-10 -1.977213151168373808e-09
4.462196066902487884e-11 1.718063106648230511e-10
-4.356671377801029283e-12 -1.369259395407221640e-11
3.765396370313945310e-13 1.008271589713084178e-12
-2.918200646262774311e-14 -6.906545795579541545e-14
1.957420463906575754e-15 4.557330635704045071e-15
-3.350202079237633883e-16 -7.602375108355115344e-17
9.640479291682973748e-17 2.066770878660929566e-18
1.983218534665728747e-16 1.594691724190751546e-16
2.190977021836235080e-16 -1.206709634731912924e-16
2.698877474646035595e-16 -2.289480436099681273e-16
5.108655114556254461e-16 4.856281430028714179e-16
-9.526140389710120975e-15 -3.652152473419543545e-15
1.409337666953697831e-13 4.549102496190996683e-14
-1.974426630534036783e-12 -5.301924396931966717e-13
2.563714194053045681e-11 5.387146732806692574e-12
-3.062399161119001116e-10 -4.519973823528983238e-11
3.337899442468082585e-09 2.658589202447315142e-10
-3.287434029439398660e-08 -1.485554383050216798e-10
2.889981119267644601e-07 -2.325048137248302067e-08
-2.232060618976836361e-06 4.006741455184079352e-07
1.482489689552759098e-05 -4.447202983962821378e-06
-8.210919528810211882e-05 3.743973223284344243e-05
3.612715684750618145e-04 -2.453959630901076956e-04
-1.154700301139749462e-03 1.226535069249401954e-03
2.138944704315596992e-03 -4.386224098195959376e-03
-1.869397410826213561e-04 9.644436551053072251e-03
-3.871741663390356261e-03 -7.369040452200714686e-03
-3.361879674029694121e-02 -1.059976216917542929e-02
1.476114010735542215e-01 5.405946346021121673e-14
-3.361879674029321502e-02 1.059976216914315650e-02
-3.871741663396635093e-03 7.369040452210785623e-03
-1.869397410799721894e-04 -9.644436551060829935e-03
2.138944704315382753e-03 4.386224098199585815e-03
-1.154700301140672118e-03 -1.226535069251670322e-03
3.612715684745889397e-04 2.453959630901302470e-04
-8.210919528854305029e-05 -3.743973223297988927e-05
1.482489689482748945e-05 4.447202982754078257e-06
-2.232060619325358655e-06 -4.006741456187087593e-07
2.889981119319190262e-07 2.325048113913720951e-08
-3.287434071488960324e-08 1.485556985373715648e-10
3.337899116479070186e-09 -2.658586760093887956e-10
-3.062399033848742881e-10 4.519910354125965176e-11
2.563711145018321690e-11 -5.386886282368868362e-12
-1.974107434417089468e-12 5.299270242961183156e-13
1.407557201466084600e-13 -4.552887762032528799e-14
-9.662704642757070996e-15 3.476404446566664185e-15
4.332150840185524747e-16 -4.092698662725322998e-16
3.035492013198913560e-17 1.893019992965563119e-16
3.924789525219786369e-17 -5.331841912546264749e-17
-2.136100772905918880e-16 -1.856491979863253927e-16
-2.778779040793839148e-16 -4.879289643109594943e-16
5.852952050662838803e-16 -1.392623806023939524e-15
-5.215853064999208754e-15 1.828558259724827364e-14
5.985965150758731433e-14 -2.643782565002940122e-13
-5.984300392599280577e-13 3.552559235438915446e-12
4.689230184482185733e-12 -4.404096980521291947e-11
-1.961972352969592407e-11 5.001596885034871924e-10
-1.812226088093635576e-10 -5.156483343220159068e-09
5.688944099729671654e-09 4.772983028166692650e-08
-8.483184898343994643e-08 -3.911024155221970035e-07
9.328351041327547938e-07 2.784455341379699751e-06
-8.155237828806818229e-06 -1.678043884558578139e-05
5.730202393839603259e-05 8.228829980759793262e-05
-3.177756600121233095e-04 -3.067757358560099313e-04
1.328867695401938576e-03 7.478078691051873042e-04
-3.822732864452621591e-03 -5.925864965906829434e-04
6.157865557822645060e-03 -2.567230158185593736e-03
-3.651984257302523951e-03 6.500296069240026064e-03
1.814809271050301168e-02 1.414059471767730412e-03
-9.478941691340780906e-02 -4.054288324979100236e-14
1.814809271049864364e-02 -1.414059471743611034e-03
-3.651984257302975847e-03 -6.500296069249082188e-03
6.157865557824629583e-03 2.567230158190212438e-03
-3.822732864455905422e-03 5.925864965897329655e-04
1.328867695403764372e-03 -7.478078691045477334e-04
-3.177756600115755163e-04 3.067757358551767219e-04
5.730202394006797398e-05 -8.228829980777480665e-05
-8.155237828497803669e-06 1.678043884550477793e-05
9.328351047827978413e-07 -2.784455341114832548e-06
-8.483184789994664787e-08 3.911024155721740650e-07
5.688943474439443970e-09 -4.772982992252930453e-08
-1.812222894049355077e-10 5.156483025506383939e-09
-1.961969268437498426e-11 -5.001595387975311374e-10
4.688941838940339411e-12 4.404123008476194997e-11
-5.978820501877594422e-13 -3.552105570117272163e-12
5.955142639061545003e-14 2.642453202435777751e-13
-5.039875350907541293e-15 -1.827175950058857485e-14
6.064520473135789051e-16 1.087898492583374771e-15
1.384624958017198114e-16 9.820603595938964141e-17
-1.648297074487549661e-16 -2.713019101468669600e-16
-2.027876131563117614e-16 2.151714247759246945e-16
-1.860016266846920329e-16 3.503714528758206041e-17
-2.030673400647912071e-15 -7.874647309608034112e-16
3.283831907542126994e-14 6.500239102237582122e-15
-4.583173775992167709e-13 -6.161089386020580006e-14
5.907028540442100178e-12 4.347737621142752652e-13
-6.999164786916381197e-11 -5.020671993022557853e-13
7.561861757277972114e-10 -5.005127984490419087e-11
-7.375132820349668784e-09 1.098008252619449468e-09
6.412580851948471723e-08 -1.568423134288973097e-08
-4.890437384879202506e-07 1.757454661602008098e-07
3.199506295323004256e-06 -1.612789621395503591e-06
-1.738581489756283369e-05 1.218051467364316129e-05
7.445155522489326557e-05 -7.457773818826138681e-05
-2.265017003993771867e-04 3.578025405292108553e-04
3.541781184906056426e-04 -1.262897829651556678e-03
4.095439175128419667e-04 2.884703201244984833e-03
-3.077177293445561637e-03 -2.924040810240287770e-03
4.636194697687831719e-03 -1.559352614216540436e-03
-1.039092052934932099e-02 1.665993586605027952e-03
5.651001660831533879e-02 2.630714158796721180e-14
-1.039092052934725841e-02 -1.665993586620994780e-03
4.636194697690072981e-03 1.559352614220825637e-03
-3.077177293447989816e-03 2.924040810241299113e-03
4.095439175145197154e-04 -2.884703201246480598e-03
3.541781184906534017e-04 1.262897829653066104e-03
-2.265017003986908055e-04 -3.578025405292597529e-04
7.445155522537322832e-05 7.457773818809574783e-05
-1.738581489755524427e-05 -1.218051467327229639e-05
3.199506295128224795e-06 1.612789621634478691e-06
-4.890437386814559500e-07 -1.757454656835923110e-07
6.412580870801251960e-08 1.568423120075681163e-08
-7.375132883077447255e-09 -1.098008609526709409e-09
7.561857189376359251e-10 5.005147016172736755e-11
-6.999154334783677687e-11 5.019075124428499248e-13
5.906887622754653294e-12 -4.346718736164652266e-13
-4.583954973141940011e-13 6.157415496283327872e-14
3.291876684946663500e-14 -6.100118317114461704e-15
-2.038599640138847112e-15 4.453207409892783854e-16
1.391361298570655880e-16 -2.574296116650537864e-16
-6.865552254207773759e-17 1.073789562363451846e-16
1.919042253060216778e-16 2.370998685872820332e-17
2.582658455852644476e-16 1.955346972223597254e-16
-7.529695384807065235e-16 4.098045746889567576e-15
5.985683268997140924e-15 -5.600200091490158002e-14
-3.383789669571504095e-14 7.491237805832060979e-13
-1.857101588427565716e-13 -9.247168605157656171e-12
9.618232203692570161e-12 1.045545224562240253e-10
-1.853836814293772382e-10 -1.073020814704836825e-09
2.627465789182889782e-09 9.884250343911112522e-09
-3.033937140630006612e-08 -8.056901826572224015e-08
2.932999355695404423e-07 5.702201775058450984e-07
-2.378594226356395038e-06 -3.411369352755393576e-06
1.598161797598629966e-05 1.655146488467188002e-05
-8.667771993605969858e-05 -6.043830583222125551e-05
3.627562334934744952e-04 1.380075045976683591e-04
-1.080108454589389115e-03 -4.009034248063756301e-05
1.913790410759643379e-03 -8.824816798971866832e-04
-9.138600485062538725e-04 2.401164318649578848e-03
-2.363137418768020658e-03 -9.704663306761377459e-04
6.201030838778850800e-03 -1.661572579452976319e-03
-3.117198901056533397e-02 -1.528934711010996363e-14
6.201030838778496916e-03 1.661572579462968326e-03
-2.363137418768678985e-03 9.704663306754384355e-04
-9.138600485057307449e-04 -2.401164318652054298e-03
1.913790410761213954e-03 8.824816798979948475e-04
-1.080108454591102154e-03 4.009034247968667027e-05
3.627562334934072747e-04 -1.380075045974254436e-04
-8.667771993643485964e-05 6.043830583197311551e-05
1.598161797571466975e-05 -1.655146488472100454e-05
-2.378594226540052957e-06 3.411369352571504841e-06
2.932999348163607044e-07 -5.702201778871968013e-07
-3.033937072514798661e-08 8.056901809580826473e-08
2.627465353108878088e-09 -9.884250231308077835e-09
-1.853838992227565780e-10 1.073021015605489958e-09
9.618540027925643661e-12 -1.045548086766088353e-10
-1.863587256551005613e-13 9.246753992146605740e-12
-3.355780473895169719e-14 -7.488828557467937506e-13
5.841166137790521417e-15 5.583776693240243634e-14
-7.950866116664560278e-16 -3.852443318489213169e-15
2.037411669125148181e-16 2.052212473318774284e-16
1.941986317960320762e-17 2.734704279271890697e-18
2.134776323560911394e-16 -1.983758280274263052e-16
-9.280702595629567496e-17 -6.435807989854390886e-17
6.244303519180886551e-15 7.707662614931987982e-16
-8.947059124800550917e-14 -2.083647256794811941e-15
1.150830623559952883e-12 -4.790516462033400761e-14
-1.362577742347777144e-11 1.526064925728586255e-12
1.471386242291560964e-10 -2.808084719197586605e-11
-1.434813310939384966e-09 4.034557116841846926e-10
1.247775743768602583e-08 -4.839195389861645706e-09
-9.520699965143334273e-08 4.939514729494243466e-08
6.232509312602404056e-07 -4.294491530111155824e-07
-3.386057822086117166e-06 3.148079014231856085e-06
1.443894845926608150e-05 -1.906674453600874615e-05
-4.292425844262150175e-05 9.227502080779780653e-05
5.620940975147512404e-05 -3.375493594622184850e-04
1.680950008425047455e-04 8.416268273196386273e-04
-9.737126551619503575e-04 -1.104921774485226197e-03
1.522107475881947104e-03 -3.690342409795116995e-05
4.311659131956869931e-04 1.064731879126557760e-03
-3.626329335876128743e-03 7.691413214042925987e-04
1.587855278454144980e-02 9.431587246890337517e-15
-3.626329335875704170e-03 -7.691413214099560372e-04
4.311659131960512851e-04 -1.064731879126726028e-03
1.522107475883096575e-03 3.690342409907118468e-05
-9.737126551633773844e-04 1.104921774485240291e-03
1.680950008432063056e-04 -8.416268273199516365e-04
5.620940975123931685e-05 3.375493594618998922e-04
-4.292425844262985011e-05 -9.227502080782880116e-05
1.443894845926569694e-05 1.906674453571558127e-05
-3.386057821641503643e-06 -3.148079014356127253e-06
6.232509310577104869e-07 4.294491529540314380e-07
-9.520699962342167199e-08 -4.939514694200932903e-08
1.247775786232811856e-08 4.839195666050582680e-09
-1.434812711634716726e-09 -4.034562912773341494e-10
1.471382035472560227e-10 2.808085818206860742e-11
-1.362567173395997741e-11 -1.526049411437056161e-12
1.150660273465755077e-12 4.803611559101211808e-14
-8.943125354988713020e-14 1.768531590423257871e-15
6.355029913883160964e-15 -4.365991215005754987e-16
-4.282862241479374750e-16 2.419303841575122796e-16
-8.635021993323673957e-17 -8.028739261782847552e-17
-1.498865832628086555e-16 -8.659631456942831878e-17
-1.328457949262776174e-16 4.285136272183679034e-16
2.467540634276117511e-16 -1.032878787340930768e-14
8.329672273985656523e-15 1.367251016302677598e-13
-2.191175889905535388e-13 -1.691586450544768343e-12
3.952799217572113824e-12 1.917051052667922831e-11
-5.792647619586477750e-11 -1.973268820548908025e-10
7.223364712697559492e-10 1.824658370696752802e-09
-7.772613422603987769e-09 -1.494440001680781685e-08
7.218470067787041365e-08 1.063789564302490638e-07
-5.737409462468132163e-07 -6.405447510519452148e-07
3.840116072573716323e-06 3.125467896312647470e-06
-2.109452007826660404e-05 -1.139067931390886707e-05
9.134944450551957327e-05 2.467808196651427447e-05
-2.914923266768889025e-04 9.195865229413571765e-06
5.995609444788071877e-04 -2.748847943558076733e-04
-5.272990153054194287e-04 8.470242757472349823e-04
-3.657990733854342164e-04 -8.115009945048200137e-04
2.718935966421772809e-04 -4.132325182376972526e-04
1.928330046638096831e-03 -6.117413940498052740e-05
-7.479974780273154593e-03 -4.781298456237166704e-15
1.928330046638341210e-03 6.117413940679758248e-05
2.718935966425826099e-04 4.132325182384825402e-04
-3.657990733861816654e-04 8.115009945052010024e-04
-5.272990153053033107e-04 -8.470242757483159319e-04
5.995609444799063518e-04 2.748847943562544730e-04
-2.914923266766428970e-04 -9.195865229520775643e-06
9.134944450583598412e-05 -2.467808196594995402e-05
-2.109452007832445300e-05 1.139067931372829828e-05
3.840116072697616914e-06 -3.125467896128076873e-06
-5.737409459121365228e-07 6.405447512404859609e-07
7.218470049595030207e-08 -1.063789563960202109e-07
-7.772613220360177576e-09 1.494440001888529088e-08
7.223362706154126973e-10 -1.824658546404738398e-09
-5.792660170529822768e-11 1.973270349063476511e-10
3.952871104964106066e-12 -1.917016043212804942e-11
-2.192317244257457905e-13 1.691250296719154162e-12
8.310842719501276882e-15 -1.368056492893836082e-13
3.391470322998985812e-17 1.017143126614844684e-14
-9.503696635950852806e-17 -4.950277798771104444e-16
-6.055026261027958172e-17 -4.594017827865216935e-17
-2.456394732097084560e-16 1.451229659087106572e-16
8.715777554235772503e-16 2.631206711102618924e-18
-1.514130063198299123e-14 8.920901394271022326e-16
1.986333147225904090e-13 -2.822894702263536996e-14
-2.361586220920771814e-12 5.125502273028226614e-13
2.564864329672052810e-11 -7.734810853017379101e-12
-2.518207958785444341e-10 1.006839984858115126e-10
2.207747775668085725e-09 -1.143140925867508903e-09
-1.700696384657862936e-08 1.132182346501048216e-08
1.125643108160200941e-07 -9.714433318170864764e-08
-6.188450324767477205e-07 7.127437640248714388e-07
2.664220040986710907e-06 -4.382269670816827586e-06
-7.843979835858059201e-06 2.190538026379271487e-05
8.012972301009189865e-06 -8.490137681875558002e-05
5.413467729156687950e-05 2.350137170241357117e-04
-3.025018714571552948e-04 -3.883940453501349651e-04
6.346072998945706881e-04 1.706623739005898516e-04
-3.403847153883561918e-04 3.818733016262359451e-04
-2.418138756495654274e-04 -3.215668633466229562e-05
-8.645325281748343768e-04 -2.191791570109258638e-04
3.285432451280160832e-03 2.325866581311066994e-15
-8.645325281744256326e-04 2.191791570096279112e-04
-2.418138756490785123e-04 3.215668633484442126e-05
-3.403847153888854451e-04 -3.818733016268727513e-04
6.346072998947595561e-04 -1.706623739004059709e-04
-3.025018714575048416e-04 3.883940453502234360e-04
5.413467729179473136e-05 -2.350137170238024008e-04
8.012972301092214340e-06 8.490137681874559180e-05
-7.843979836069910611e-06 -2.190538026374575536e-05
2.664220040695109650e-06 4.382269671254938438e-06
-6.188450323852102463e-07 -7.127437636277826049e-07
1.125643107932759492e-07 9.714433292564725249e-08
-1.700696401789517885e-08 -1.132182324359606644e-08
2.207747299030574017e-09 1.143141185691461832e-09
-2.518208709792622796e-10 -1.006840342730527570e-10
2.564863295889582749e-11 7.734745896890450354e-12
-2.361527167580880085e-12 -5.127593912618526138e-13
1.984617988841347659e-13 2.837827234852810379e-14
-1.540648114827295473e-14 -1.145175911768786633e-15
1.061330215757447470e-15 -2.244434007550754557e-16
-1.481895923681336079e-17 2.501720524085491852e-16
4.447894554370314068e-17 7.360886370530250949e-17
-5.184715852425449808e-18 -1.428351812558416626e-15
3.362758129933603333e-15 2.260655737936971192e-14
-6.350633958991770297e-14 -2.791758905678150096e-13
9.839113963133165897e-13 3.186024411950693823e-12
-1.332956764402734075e-11 -3.307318028641842379e-11
1.590717619524120625e-10 3.088948682501186324e-10
-1.672199913751530934e-09 -2.559790068921736167e-09
1.539557332809374590e-08 1.847181964423842348e-08
-1.228158526457713001e-07 -1.129549575639534221e-07
8.352400863083484753e-07 5.599308866102327601e-07
-4.729529531379501960e-06 -2.058754688678666138e-06
2.153096924852646954e-05 4.231324496161272073e-06
-7.453700745894183827e-05 5.533151992557361382e-06
1.772454035947738135e-04 -7.913054059806781258e-05
-2.243582367148185051e-04 2.788187527851606630e-04
-1.481187884462296005e-05 -4.217010117098991297e-04
2.770434833073740855e-04 8.276997457718724164e-05
4.965484573719034563e-05 1.338762078508598725e-04
2.913313531113331215e-04 2.116211525244353819e-04
-1.371703964119181784e-03 -1.638435841158834367e-16
2.913313531118354323e-04 -2.116211525240260956e-04
4.965484573693129585e-05 -1.338762078513617497e-04
2.770434833076928409e-04 -8.276997457650545466e-05
-1.481187884507205183e-05 4.217010117102339855e-04
-2.243582367150747834e-04 -2.788187527852897373e-04
1.772454035947259459e-04 7.913054059826668237e-05
-7.453700745921006988e-05 -5.533151992645102984e-06
2.153096924845706027e-05 -4.231324496265764599e-06
-4.729529531469813460e-06 2.058754688564815593e-06
8.352400862217711202e-07 -5.599308865537618146e-07
-1.228158524886499442e-07 1.129549574513553604e-07
1.539557323013404475e-08 -1.847181998857154405e-08
-1.672199768077915653e-09 2.559790199655873809e-09
1.590718820126002747e-10 -3.088949824073167610e-10
-1.332965618380982268e-11 3.307289479210453439e-11
9.841046771598032033e-13 -3.185660085510402050e-12
-6.348279574071842156e-14 2.790953274693285740e-13
3.386179297791159351e-15 -2.241850885122402115e-14
-5.790865306893084510e-17 1.470982811323882522e-15
4.830156878792494851e-17 2.334370208911205962e-17
2.975214165395013935e-16 -2.061181029439499200e-16
-2.263937570155747083e-15 3.861546588156958655e-16
3.094222649877072607e-14 -7.049229763482705337e-15
-3.738728072231971310e-13 1.167765034195979054e-13
4.103156600564529476e-12 -1.651716362729241590e-12
-4.077015714758916958e-11 2.075065203910168158e-11
3.623989328488166469e-10 -2.314561431172673253e-10
-2.836303570718129875e-09 2.281189450623095602e-09
1.911430064069679462e-08 -1.969079743175455948e-08
-1.071709766894142171e-07 1.469023589509620394e-07
4.697519997973307807e-07 -9.296226681837463533e-07
-1.378647177369503674e-06 4.857955526160297321e-06
9.232987415769623169e-07 -2.014015641438274154e-05
1.523524744360723590e-05 6.203094243922286754e-05
-8.761469893076720352e-05 -1.247446528000212436e-04
2.291440507660028655e-04 1.095144168503999778e-04
-2.498090722371018048e-04 8.783338504585534560e-05
-2.625483638622040330e-05 -1.598012532500995176e-04
5.028482550762754168e-05 -6.869410940195897158e-05
-4.945089128670987824e-05 -1.104003282454433046e-04
5.616907873951751005e-04 -1.696300044539999148e-16
-4.945089128781380612e-05 1.104003282456353981e-04
5.028482550759900684e-05 6.869410940208950953e-05
-2.625483638509962963e-05 1.598012532509307754e-04
-2.498090722367607690e-04 -8.783338504616502085e-05
2.291440507663313787e-04 -1.095144168498690576e-04
-8.761469893092364034e-05 1.247446527996996150e-04
1.523524744370140733e-05 -6.203094243955303421e-05
9.232987416448256437e-07 2.014015641441228605e-05
-1.378647177180372864e-06 -4.857955526018421844e-06
4.697519999575737442e-07 9.296226681606403533e-07
-1.071709767240025693e-07 -1.469023588398502956e-07
1.911430058813565732e-08 1.969079762385074622e-08
-2.836303029270075015e-09 -2.281189726433989943e-09
3.623988765414473625e-10 2.314561300005762832e-10
-4.077018595172053331e-11 -2.075057909554576903e-11
4.103054507404938356e-12 1.651687278797256860e-12
-3.738010698985843998e-13 -1.167196489490211959e-13
3.108130390853517256e-14 7.240442183544044561e-15
-2.439667078663183880e-15 -1.579031908323080897e-16
3.471463239057060082e-16 -1.257489133837492569e-16
-5.529231742286766089e-17 -1.406762584778108991e-16
7.294368151067647878e-16 3.144496282512877362e-15
-1.345295297972351892e-14 -4.248509734576844728e-14
1.975400293271969590e-13 4.897414119686244038e-13
-2.596978807536046561e-12 -5.147812495972756767e-12
3.055585958726891811e-11 4.877616836112889282e-11
-3.202919369111521297e-10 -4.109559280861789044e-10
2.969131572175046840e-09 3.022281550836429844e-09
-2.407591248693323323e-08 -1.887814922785984003e-08
1.681817263357286311e-07 9.566975627411096318e-08
-9.908954728783259424e-07 -3.570064994275878940e-07
4.777508187772626765e-06 6.898006187310374641e-07
-1.800202511813941191e-05 1.829813815982171621e-06
4.900327280493169195e-05 -2.109053518603717995e-05
-8.122101449953941408e-05 8.429366945950138518e-05
3.730157683258864665e-05 -1.722904166292411356e-04
9.822994899257302560e-05 1.298074780845781507e-04
-7.321965262006896642e-05 5.341036214206051241e-05
-4.837003692182562228e-05 -1.315731973528507055e-06
-1.528032716460616633e-05 2.843533257036434919e-05
-2.325486075271937915e-04 -4.483365369554113890e-16
-1.528032716404273696e-05 -2.843533256989721391e-05
-4.837003692167603626e-05 1.315731972335716952e-06
-7.321965262019320244e-05 -5.341036214281120721e-05
9.822994899290823380e-05 -1.298074780845158362e-04
3.730157683267881162e-05 1.722904166291405216e-04
-8.122101449960374793e-05 -8.429366945973619627e-05
4.900327280514778699e-05 2.109053518601420164e-05
-1.800202511803921469e-05 -1.829813816248226364e-06
4.777508187863009415e-06 -6.898006188563428596e-07
-9.908954727408395778e-07 3.570064995361650770e-07
1.681817264037548265e-07 -9.566975650314315317e-08
-2.407591255161819134e-08 1.887814951558385283e-08
2.969131698754661169e-09 -3.022281568517175969e-09
-3.202919424613742907e-10 4.109561403076508714e-10
3.055597370074291282e-11 -4.877603850698892269e-11
-2.597478380527224716e-12 5.147676825162765070e-12
1.976391044136648896e-13 -4.898446136165710402e-13
-1.355575901704754231e-14 4.236984447167914231e-14
8.006356425321723364e-16 -3.302728780732659447e-15
-3.888888728845049803e-17 1.361274602943645009e-16
-4.031829300548656615e-16 2.788891579916419650e-16
4.447799232206199755e-15 -1.412540093901512033e-15
-5.483705258538762362e-14 2.178367981861647980e-14
6.113792471508616399e-13 -3.034595593748398040e-13
-6.171923245395298865e-12 3.771934386074423050e-12
5.585418213805052164e-11 -4.205756504026349254e-11
-4.461256567370399120e-10 4.179888913558951649e-10
3.076021063559251945e-09 -3.668971136229314661e-09
-1.767972973383902086e-08 2.808786639343973334e-08
7.931098706536875566e-08 -1.843666180448477110e-07
-2.326220834135092691e-07 1.013479809837387825e-06
5.382771861625514818e-08 -4.509978640785020433e-06
3.884223315994606406e-06 1.540723001878371712e-05
-2.357309655941803659e-05 -3.670780205538053191e-05
7.385135297416933775e-05 4.793073149469652465e-05
-1.198470235246913430e-04 2.506443176773353544e-06
5.589492109441072926e-05 -8.082019044549653320e-05
4.560576243238044204e-05 2.268994219770354714e-05
1.401260943541989363e-05 2.293378002854121138e-05
1.346242907074566497e-05 7.045064266143184433e-06
9.756944823326499892e-05 3.618596521195726079e-16
1.346242907123523646e-05 -7.045064266051702334e-06
1.401260943520405439e-05 -2.293378002833040182e-05
4.560576243228139340e-05 -2.268994219746388086e-05
5.589492109468581168e-05 8.082019044536133318e-05
-1.198470235249310330e-04 -2.506443176885442261e-06
7.385135297457295911e-05 -4.793073149448288261e-05
-2.357309655964474665e-05 3.670780205561372347e-05
3.884223315679545725e-06 -1.540723001869659470e-05
5.382771874318384928e-08 4.509978640639250298e-06
-2.326220834472207569e-07 -1.013479809618259766e-06
7.931098717373018353e-08 1.843666176692265830e-07
-1.767972962271497187e-08 -2.808786650340614968e-08
3.076020688362556134e-09 3.668971356463610414e-09
-4.461254815091997291e-10 -4.179889773700773424e-10
5.585412121579642318e-11 4.205752251174603188e-11
-6.171791678699792336e-12 -3.771888747147988767e-12
6.113086651103868126e-13 3.034862374004493396e-13
-5.502707266393463005e-14 -2.193427320558780941e-14
4.571398122654938626e-15 1.246348968697450639e-15
-4.045607304161333250e-16 -4.725578756251305753e-17
1.598743811776721268e-16 3.302751687166836890e-16
-2.317076750036042629e-15 -5.862099197767721333e-15
3.465718864104143727e-14 7.057101884221047235e-14
-4.523680572554605607e-13 -7.535275651108518442e-13
5.321936787941221292e-12 7.265860036248404973e-12
-5.623914408908448400e-11 -6.244457785964585414e-11
5.295645604068087955e-10 4.696612810888026657e-10
-4.396922431180156799e-09 -3.007678882656852919e-09
3.174297233172174571e-08 1.564032717995114191e-08
-1.955442883372294983e-07 -5.940882041504730386e-08
1.001418429568990248e-06 1.060566235404313761e-07
-4.103374534757386069e-06 4.908665869056151797e-07
1.264501360466951333e-05 -5.225821955629764049e-06
-2.596625441141749895e-05 2.345244352972402423e-05
2.437472138131707166e-05 -6.021444944574342255e-05
2.034828689222054700e-05 7.734429549743786268e-05
-5.617236972922101126e-05 -1.599331801138744732e-05
-6.698821875445732638e-07 -2.880732811962414674e-05
6.843340680288495562e-06 -1.349031680293066305e-05
-1.493407275057622161e-06 -1.144724357103436163e-05
-3.992480406400493193e-05 -7.999453799574322084e-17
-1.493407275664382354e-06 1.144724357090224482e-05
6.843340680366337890e-06 1.349031680350287616e-05
-6.698821876814188479e-07 2.880732811930692273e-05
-5.617236972912116979e-05 1.599331801160418950e-05
2.034828689199002868e-05 -7.734429549771788500e-05
2.437472138139240338e-05 6.021444944598721219e-05
-2.596625441145796002e-05 -2.345244352951685014e-05
1.264501360457969565e-05 5.225821956013768977e-06
-4.103374534722576403e-06 -4.908665870120739863e-07
1.001418429105008682e-06 -1.060566236449418216e-07
-1.955442882899033059e-07 5.940882045805996117e-08
3.174297214784255942e-08 -1.564032751161975672e-08
-4.396922555243100585e-09 3.007678605109703163e-09
5.295643923969805004e-10 -4.696613911467004220e-10
-5.623898902323588053e-11 6.244446605454375897e-11
5.322140465096248568e-12 -7.265733689935904821e-12
-4.523638730243380439e-13 7.536243559238569463e-13
3.480407079183837546e-14 -7.054705334451473635e-14
-2.465605018126568900e-15 5.978297233234808393e-15
1.058043083829891093e-16 -4.182440629822092502e-16
6.258458870480547382e-16 -2.738095491790889958e-16
-7.433294497692811920e-15 3.665658728430752845e-15
8.552655917165168745e-14 -4.991351033490431307e-14
-8.808732103632925117e-13 6.236955038077130815e-13
8.141679222530686194e-12 -7.019993454172362655e-12
-6.658411993734368386e-11 7.091568003209447832e-11
4.713106120949915765e-10 -6.372111029613377714e-10
-2.786598510172137582e-09 5.033704544731500461e-09
1.283670562999374258e-08 -3.442589076229918386e-08
-3.764788248665171164e-08 1.996702716653647263e-07
-1.171744128217292275e-08 -9.541669039347908702e-07
9.114654024826789111e-07 3.597389673592192265e-06
-5.897278757382908207e-06 -9.942634490519747744e-06
2.153811563821763904e-05 1.718486916926606053e-05
-4.619487378611301627e-05 -9.052743393929134922e-06
4.608444681985385000e-05 -2.496962177650483670e-05
2.105198572059868804e-06 3.421724549716161572e-05
-1.433481290621690097e-05 7.980359079178368377e-06
-8.626993669707873436e-06 7.399070731612200519e-07
-3.688489818594175445e-06 5.637840488845700520e-06
1.502705126883948877e-05 1.502792763973745068e-16
-3.688489817685846535e-06 -5.637840489572226936e-06
-8.626993669323711807e-06 -7.399070734579093294e-07
-1.433481290631552271e-05 -7.980359079016615577e-06
2.105198572083947833e-06 -3.421724549705891467e-05
4.608444681989309812e-05 2.496962177664483430e-05
-4.619487378633394957e-05 9.052743393594504391e-06
2.153811563843862994e-05 -1.718486916924313304e-05
-5.897278757292400195e-06 9.942634490739923794e-06
9.114654025901869797e-07 -3.597389673572797328e-06
-1.171744117049065589e-08 9.541669037950511862e-07
-3.764788261734289999e-08 -1.996702714515746163e-07
1.283670570983604592e-08 3.442589092790833932e-08
-2.786598188701227875e-09 -5.033704584957674980e-09
4.713104650319247279e-10 6.372111242750209246e-10
-6.658411204482278467e-11 -7.091559989573235106e-11
8.141666388244966530e-12 7.019961895422143580e-12
-8.808842509869638042e-13 -6.235992936448165784e-13
8.569514695020762969e-14 4.999697352128053318e-14
-7.546835670415086154e-15 -3.396190046816062390e-15
6.046673484397262211e-16 1.407504169132103202e-16
-4.243589484338835647e-16 -6.846479341668052788e-16
5.392433666268758987e-15 9.520575757796413848e-15
-7.244479532495713229e-14 -1.046572159545888640e-13
8.594757455215230545e-13 1.029796439458006261e-12
-9.214722399936732306e-12 -9.047623152576127976e-12
8.860011404915981968e-11 6.974347482293460256e-11
-7.564827075866872587e-10 -4.588712974792613707e-10
5.663016933158873643e-09 2.453205415057307896e-09
-3.655399485819710854e-08 -9.492423605167686069e-09
1.989125596163347270e-07 1.522372447860529877e-08
-8.836807872318568250e-07 1.163285765267360338e-07
3.049902651229947205e-06 -1.209399366572755467e-06
-7.479920585370716441e-06 6.032712049101080512e-06
1.043437472452935726e-05 -1.861797900290505147e-05
-5.912656327503864587e-08 3.354700521515080317e-05
-2.277406453732355705e-05 -2.495978451763060664e-05
1.827131977058614449e-05 -7.992808640549417702e-06
7.837370742364732049e-06 5.168155563248383705e-06
3.009938562468316142e-06 3.954598245026216194e-06
3.134488455609861987e-06 -8.345516461240631759e-07
-4.961139685317855561e-06 -3.213684884737608393e-16
3.134488455393498009e-06 8.345516460064298871e-07
3.009938562600406271e-06 -3.954598244954569065e-06
7.837370742335434873e-06 -5.168155563115546916e-06
1.827131977039459646e-05 7.992808640731678864e-06
-2.277406453704730911e-05 2.495978451769332774e-05
-5.912656359148609185e-08 -3.354700521520923489e-05
1.043437472479785315e-05 1.861797900263091772e-05
-7.479920585207204354e-06 -6.032712049197267880e-06
3.049902651134915191e-06 1.209399366551114410e-06
-8.836807870260218896e-07 -1.163285762983782276e-07
1.989125595360146690e-07 -1.522372452718549372e-08
-3.655399485994298241e-08 9.492423519090034065e-09
5.663016958905646931e-09 -2.453205183304408790e-09
-7.564824367056738733e-10 4.588715380911326953e-10
8.860017482485041245e-11 -6.974344227927064347e-11
-9.214691889867097752e-12 9.047410093396599171e-12
8.594831097123950435e-13 -1.029837957800226753e-12
-7.248488435841081306e-14 1.046974194270384179e-13
5.572939226055076545e-15 -9.500887711887389225e-15
-3.790452480048141163e-16 7.848597839983262511e-16
-9.706124263133409607e-16 4.474103337663986885e-16
1.117547500992855762e-14 -7.565753227204746063e-15
-1.190407036429873685e-13 9.526510702306668229e-14
1.126706678532083482e-12 -1.089901489538216732e-12
-9.458354692866298137e-12 1.124967692681634325e-11
6.890580118413555854e-11 -1.039298725169869915e-10
-4.201527142934045765e-10 8.502119326622775119e-10
1.992321987839972901e-09 -6.074441773484195779e-09
-5.842759022053958502e-09 3.722210814421966977e-08
-5.663267432869364180e-09 -1.908362675411345602e-07
1.984620526025412519e-07 7.897716778512284131e-07
-1.374523224922916191e-06 -2.490718485449153794e-06
5.739574324568610357e-06 5.353433474389045988e-06
-1.527879902287166233e-05 -5.562393629897042583e-06
2.309675271065490752e-05 -4.456435895859109618e-06
-1.181293781339899980e-05 1.789582907868554067e-05
-8.081490022104674697e-06 -8.238462393150561204e-06
5.916894582086651560e-07 -5.355675673965701818e-06
9.702504182219590317e-07 -2.657675114197909801e-06
-1.184293783532192532e-06 -7.447551029616570723e-07
1.447616779841812581e-06 3.585437569339964107e-16
-1.184293783095162283e-06 7.447551032755036374e-07
9.702504186376567560e-07 2.657675114183788067e-06
5.916894583236704191e-07 5.355675674132067559e-06
-8.081490022295028411e-06 8.238462392877037325e-06
-1.181293781338894722e-05 -1.789582907851651017e-05
2.309675271056730060e-05 4.456435895731738732e-06
-1.527879902271588280e-05 5.562393629851963489e-06
5.739574324570295106e-06 -5.353433474676808491e-06
-1.374523225230156853e-06 2.490718485653722838e-06
1.984620528454821596e-07 -7.897716780078595222e-07
-5.663267205664927362e-09 1.908362675262757229e-07
-5.842759038260432615e-09 -3.722210799898230520e-08
1.992321797806869735e-09 6.074441645057577304e-09
-4.201526974545505751e-10 -8.502120558572897356e-10
6.890591524188657005e-11 1.039298518605752716e-10
-9.458352127719758541e-12 -1.124959913347732208e-11
1.126696474764495884e-12 1.089926899908487500e-12
-1.190155681504406941e-13 -9.527729321257275814e-14
1.134116002634117464e-14 7.482991407557630904e-15
-1.031073202287173043e-15 -4.263998794125513653e-16
7.012247468332396922e-16 1.107133139890124034e-15
-1.071177322068292667e-14 -1.389230371183819724e-14
1.308311794318483896e-13 1.399396672656605578e-13
-1.427509279728936661e-12 -1.258750912816492696e-12
1.405857740876748338e-11 9.956022954728799617e-12
-1.237256593801468031e-10 -6.736120503216560781e-11
9.618781022824615973e-10 3.704283964908253092e-10
-6.508620903097308823e-09 -1.458593630644285049e-09
3.758847602742315987e-08 2.006360357333284723e-09
-1.803154709473868114e-07 2.523008821594581537e-08
6.900713645805907490e-07 -2.629137758168937138e-07
-1.968515298461030813e-06 1.443562742252965527e-06
3.616932035351213211e-06 -5.196381367091861342e-06
-2.268022466237347209e-06 1.200673721690891809e-05
-6.099165436457875056e-06 -1.507019511930148181e-05
1.269603686195019548e-05 4.349847233519364153e-06
-2.720971146068505080e-06 6.090009123887601046e-06
-2.901287887965226091e-06 1.079255295162637866e-06
-1.553122081733484745e-06 3.417407752720180603e-07
3.471868544657808737e-08 5.639119639202708028e-07
-4.401921653372198486e-07 -1.778709936644425499e-16
3.471868519713204601e-08 -5.639119639098083577e-07
-1.553122081772257890e-06 -3.417407751122811460e-07
-2.901287887757257480e-06 -1.079255295325407529e-06
-2.720971146136623046e-06 -6.090009123972707528e-06
1.269603686182419425e-05 -4.349847233446737007e-06
-6.099165436621296511e-06 1.507019511917272264e-05
-2.268022466393734479e-06 -1.200673721663533831e-05
3.616932035124513313e-06 5.196381367043287390e-06
-1.968515298225074115e-06 -1.443562741952759898e-06
6.900713649221938426e-07 2.629137758601014997e-07
-1.803154710293310816e-07 -2.523008827827384474e-08
3.758847596451651765e-08 -2.006360340422350099e-09
-6.508620967866644319e-09 1.458593530479616311e-09
9.618779504164614083e-10 -3.704283281800972768e-10
-1.237257401443547447e-10 6.736120125383133348e-11
1.405860283603374917e-11 -9.955721674476932733e-12
-1.427460998418434738e-12 1.258684530549398857e-12
1.307356083131452550e-13 -1.399729272340324050e-13
-1.089194717541771164e-14 1.385144731576311996e-14
8.750327163511759919e-16 -1.294103606961724515e-15
1.405635429789691984e-15 -9.892556225016065400e-16
-1.514459633329533062e-14 1.355706621390721930e-14
1.480615348336370452e-13 -1.581689856875730545e-13
-1.278416367695577609e-12 1.674962080917564022e-12
9.605628542107153775e-12 -1.595950046502417826e-11
-6.053065328168880199e-11 1.355361382272148414e-10
2.961143313288522424e-10 -1.013295212700853235e-09
-8.691432032541147219e-10 6.563204732131784251e-09
-1.512674522111057549e-09 -3.605136686126749530e-08
4.022378841011513720e-08 1.629683950940075123e-07
-2.987433593779375735e-07 -5.789765401376066524e-07
1.406314010241533760e-06 1.489076856941277401e-06
-4.471788349544798134e-06 -2.263870950052122080e-06
9.028986999633301368e-06 2.325163473229460586e-07
-9.256973614648239239e-06 6.058432195817877533e-06
5.804117317855617279e-07 -8.264166026975387034e-06
3.860449858091231103e-06 1.360983061150221546e-07
1.296507973850587110e-06 1.217684283530513101e-06
6.173415760901968796e-07 6.329927614738471868e-07
2.055563141308353216e-07 -1.149550133165273518e-07
1.798624507453413122e-07 2.344821996933318656e-16
2.055563146648441727e-07 1.149550130408655878e-07
6.173415761208660368e-07 -6.329927614449906801e-07
1.296507973743121923e-06 -1.217684283584706904e-06
3.860449858385425974e-06 -1.360983059855174873e-07
5.804117318776739140e-07 8.264166027318935127e-06
-9.256973614293439160e-06 -6.058432195773920758e-06
9.028986999786951451e-06 -2.325163471801967606e-07
-4.471788349532313715e-06 2.263870950293901282e-06
1.406314010324889637e-06 -1.489076857066641241e-06
-2.987433595908951031e-07 5.789765402753329391e-07
4.022378843393819031e-08 -1.629683950213627374e-07
-1.512674578904681390e-09 3.605136671623328629e-08
-8.691430001966379792e-10 -6.563204706931178469e-09
2.961140979847048095e-10 1.013295161443005157e-09
-6.053067742053886233e-11 -1.355361400195458636e-10
9.605557452847684631e-12 1.595947207333296817e-11
-1.278400372352169514e-12 -1.674975725789481244e-12
1.480035677593669441e-13 1.582240385846469038e-13
-1.531865736415156668e-14 -1.358506100029603083e-14
1.552736823124522880e-15 1.036666086943251018e-15
-1.485351556478577065e-15 -1.659239123405856943e-15
1.883052258577125361e-14 1.833064226729986677e-14
-2.117822411786343854e-13 -1.695343366256117954e-13
2.139036047384478211e-12 1.376937298378279132e-12
-1.942484709141028421e-11 -9.579911717018320110e-12
1.568781882749443598e-10 5.415557984254455295e-11
-1.112000610176095290e-09 -2.164047521862077395e-10
6.800631366007197135e-09 2.345628512666194271e-10
-3.506236742381601997e-08 5.118736062956745800e-09
1.474056175292800020e-07 -5.412499897300328611e-08
-4.791784756856926065e-07 3.240567942527078016e-07
1.087092346370450192e-06 -1.330252874913961825e-06
-1.262611133750404522e-06 3.738917257457509310e-06
-9.092367811760372996e-07 -6.553380820617921652e-06
5.222914345777728976e-06 5.305574425681002154e-06
-4.964595752477570432e-06 9.921886663607521504e-07
-7.820777964442574763e-07 -2.107358739443736709e-06
2.992072730242393812e-07 -9.763196351524117696e-07
1.220682365235029301e-07 -4.724664656291698094e-07
-9.016784321760538803e-08 -7.085378267447883337e-08
-8.321140933223591956e-08 3.930633098671457205e-17
-9.016784335314982371e-08 7.085378250328030601e-08
1.220682360146349698e-07 4.724664660270806359e-07
2.992072732108357102e-07 9.763196348674728508e-07
-7.820777963474794093e-07 2.107358739625246976e-06
-4.964595752300006068e-06 -9.921886662318076895e-07
5.222914345747212073e-06 -5.305574425726913034e-06
-9.092367809929579043e-07 6.553380820209336675e-06
-1.262611133653917941e-06 -3.738917257528435190e-06
1.087092346162159073e-06 1.330252874822259073e-06
-4.791784757546269007e-07 -3.240567940844353892e-07
1.474056176548076908e-07 5.412499903841439961e-08
-3.506236729798653603e-08 -5.118736017262530238e-09
6.800631142749779996e-09 -2.345627491557770498e-10
-1.112000585270715438e-09 2.164048326066649060e-10
1.568781974104539395e-10 -5.415557603960991428e-11
-1.942486154173031613e-11 9.579783378426708102e-12
2.139013639848649971e-12 -1.376851212285861830e-12
-2.116908927278754148e-13 1.695942921059265733e-13
1.899139242697487610e-14 -1.835007609063562871e-14
-1.644841653369288843e-15 1.799558686635673740e-15
-1.805963402270676205e-15 1.795224137373838319e-15
1.834735490205010290e-14 -2.142896297295697458e-14
-1.635868412601268150e-13 2.333214061742734056e-13
1.269385899650722948e-12 -2.298853738980147396e-12
-8.284061923098918470e-12 2.030529644368242695e-11
4.191410404450066702e-11 -1.590466297173428875e-10
-1.235474505505061111e-10 1.089193984774592567e-09
-3.210187154699340319e-10 -6.401819738640976794e-09
7.567173991287659061e-09 3.148330991922573142e-08
-6.035253290585930030e-08 -1.247833914476000046e-07
3.171194789901151647e-07 3.744270568734041133e-07
-1.174939584489194969e-06 -7.446875085031562513e-07
2.970435140400836704e-06 5.687425777959878039e-07
-4.535668271568416108e-06 1.392371961738513667e-06
2.756089562148579536e-06 -4.077099438816072384e-06
1.393579991522180813e-06 2.717457518273128400e-06
-9.613518603876521322e-07 8.976681638756429912e-07
-5.796290769852533117e-07 9.103927004714437039e-08
-2.568705175833968732e-07 7.419711360909260330e-08
-1.235341299510969578e-08 5.703293083750300215e-08
2.851380264903496863e-08 -1.548277000484839714e-16
-1.235341307915950128e-08 -5.703293047098152928e-08
-2.568705174259105784e-07 -7.419711367898317114e-08
-5.796290767339389539e-07 -9.103926971107054898e-08
-9.613518606386847457e-07 -8.976681643730813007e-07
1.393579991875511713e-06 -2.717457518590072458e-06
2.756089561757033897e-06 4.077099438609364157e-06
-4.535668271611328491e-06 -1.392371961762565591e-06
2.970435140309220350e-06 -5.687425778792974118e-07
-1.174939584452012764e-06 7.446875083709944417e-07
3.171194795552600469e-07 -3.744270567215806044e-07
-6.035253282809810232e-08 1.247833915806199644e-07
7.567173922339885221e-09 -3.148330974697283334e-08
-3.210188744693111080e-10 6.401819833316718798e-09
-1.235473933799645775e-10 -1.089193914146145301e-09
4.191411886589784114e-11 1.590466240001311846e-10
-8.284049032963668291e-12 -2.030515970283760080e-11
1.269221368698812243e-12 2.298831280091061743e-12
-1.635272972540446767e-13 -2.333744213556028447e-13
1.843164170830137062e-14 2.146481920898426835e-14
-1.969753748999319908e-15 -1.814862899940200736e-15
2.547681977940498799e-15 2.309787968242823357e-15
-3.035624852577489378e-14 -2.233348935647998359e-14
3.167317635301900533e-13 1.867186961918543230e-13
-2.967369007338550439e-12 -1.335792123174395143e-12
2.488711950789814869e-11 7.752145402028510215e-12
-1.845490498719646222e-10 -3.131246766993671441e-11
1.191919640031233310e-09 2.224095184709944667e-11
-6.572306337683863115e-09 9.910160256575388254e-10
3.008927324235447967e-08 -1.069274173963384015e-08
-1.096112898820335174e-07 6.918961451735175186e-08
2.945835897572028572e-07 -3.180714399136909668e-07
-4.853650952293425938e-07 1.049111649725427446e-06
1.017662671825997118e-07 -2.347135083843076711e-06
1.531783043105347284e-06 3.053093397851499476e-06
-3.001987658456177354e-06 -1.233176973195685694e-06
1.335366610018084746e-06 -1.263721058275829731e-06
7.036614389233764678e-07 3.208166323009180847e-07
1.922572439140570302e-07 2.765680149011505074e-07
1.048992054227148175e-07 1.012281233968363861e-07
2.914350808609916675e-08 -6.761186278468107279e-09
-3.337166670822271522e-09 1.685772604187289416e-16
2.914350829508119683e-08 6.761186645093622930e-09
1.048992053793712284e-07 -1.012281237827064804e-07
1.922572433783332285e-07 -2.765680145533364388e-07
7.036614389649343394e-07 -3.208166324301693303e-07
1.335366610003100945e-06 1.263721058533645807e-06
-3.001987658316410141e-06 1.233176973361271741e-06
1.531783043193424099e-06 -3.053093398003070093e-06
1.017662668691102770e-07 2.347135083814159853e-06
-4.853650953936467627e-07 -1.049111649730326261e-06
2.945835901129152964e-07 3.180714397323587358e-07
-1.096112900858689521e-07 -6.918961437238309526e-08
3.008927304550912477e-08 1.069274177968405764e-08
-6.572305884318461279e-09 -9.910161856914303686e-10
1.191919665456836769e-09 -2.224103035354060201e-11
-1.845490787489695445e-10 3.131237169118784659e-11
2.488717066495026937e-11 -7.752171682060517888e-12
-2.967462119332857562e-12 1.335660746761947990e-12
3.165595965820095228e-13 -1.868117713957149495e-13
-3.053712445194439096e-14 2.233647016510459016e-14
2.757519789315047781e-15 -2.388251937807005881e-15
2.102781737317776194e-15 -2.728793978928132865e-15
-1.943035118903184093e-14 2.998647896596410072e-14
1.564454010098595179e-13 -3.058027391850029905e-13
-1.059014069336847561e-12 2.814021436434374661e-12
5.559518624595858190e-12 -2.311880110133616430e-11
-1.657324826713736000e-11 1.674600685001643182e-10
-5.775202027112917428e-11 -1.052314893553658618e-09
1.302607093843296788e-09 5.613835981065314334e-09
-1.117738859290403895e-08 -2.465066692260236435e-08
6.512985673549012514e-08 8.484750570754655013e-08
-2.766310116653471569e-07 -2.085848193041827827e-07
8.434419045869305288e-07 2.793780225363453145e-07
-1.714363540926328079e-06 1.503842605937013229e-07
1.913409188729560540e-06 -1.372501975423916120e-06
-3.834148010054544309e-07 2.036283725349351572e-06
-9.465237932643883935e-07 -5.347588592532814817e-07
1.399433408223954227e-08 -4.569109494252753189e-07
9.573689339922668011e-08 -1.686476121693375938e-07
2.016075459555585523e-08 -7.654117444527778848e-08
-1.011044747303988055e-08 -1.222702179230201360e-08
-2.062807078792554175e-09 6.785505528916249682e-17
-1.011044720429429275e-08 1.222702152387152702e-08
2.016075481007370222e-08 7.654117455766346988e-08
9.573689341615292626e-08 1.686476119335011749e-07
1.399433424779369187e-08 4.569109497565814036e-07
-9.465237933311566126e-07 5.347588591827967996e-07
-3.834148007275053867e-07 -2.036283725357040090e-06
1.913409188421968572e-06 1.372501975611782946e-06
-1.714363540931168661e-06 -1.503842605200369056e-07
8.434419047501566365e-07 -2.793780222131770459e-07
-2.766310118091720808e-07 2.085848192022971334e-07
6.512985680383156236e-08 -8.484750569001832825e-08
-1.117738850444360385e-08 2.465066695020917319e-08
1.302607004356819831e-09 -5.613836119213388675e-09
-5.775194575387699682e-11 1.052314854063002347e-09
-1.657341154386229143e-11 -1.674601502426143535e-10
5.559603150346091944e-12 2.311866612292556821e-11
-1.058846196686811970e-12 -2.813889870510865135e-12
1.562989786623979397e-13 3.058242999194399711e-13
-1.952857568757754294e-14 -2.994666658078215102e-14
2.171066699134486069e-15 2.665264452803497106e-15
-4.238008591229402515e-15 -2.895690716233392499e-15
4.641932679356150096e-14 2.526470895532419943e-14
-4.506964837010424570e-13 -1.864926139505048144e-13
3.923618596094931417e-12 1.110804112790144731e-12
-3.040736461319968174e-11 -4.521737995158313292e-12
2.069238408690427642e-10 1.150124207508766899e-12
-1.215162264199872979e-09 1.875880897263508862e-10
6.013781868280923210e-09 -2.074816901334143812e-09
-2.422217535069604164e-08 1.440775562212182603e-08
7.492093556513563319e-08 -7.312467966981359216e-08
-1.572885793505456254e-07 2.757419809760971991e-07
1.365015089200930617e-07 -7.459766527100362124e-07
3.247121478457635162e-07 1.320345964933756374e-06
-1.222470739119828687e-06 -1.192483592596842498e-06
1.364940002908684981e-06 -3.940184918449594462e-08
-1.410788543484916573e-07 6.410219846399585934e-07
-2.534294257129417477e-07 9.228436534941805283e-08
-1.111130494748878335e-07 -7.912490914816112666e-09
-4.168176988802657392e-08 1.037663981434087019e-08
-3.224360181311046317e-09 7.493755712974045689e-09
5.577384977999756595e-10 -1.704192700122130948e-16
-3.224360212432303626e-09 -7.493755982710001948e-09
-4.168176994925647471e-08 -1.037663996992329298e-08
-1.111130495057002584e-07 7.912490598729894802e-09
-2.534294255796555018e-07 -9.228436532636262333e-08
-1.410788541554508634e-07 -6.410219846305079291e-07
1.364940002789830165e-06 3.940184916235705110e-08
-1.222470739118554114e-06 1.192483592950891682e-06
3.247121477609849415e-07 -1.320345964974823072e-06
1.365015089986593381e-07 7.459766526563636521e-07
-1.572885794841073952e-07 -2.757419807912924506e-07
7.492093580732266837e-08 7.312467978980528532e-08
-2.422217538002492470e-08 -1.440775560694905058e-08
6.013782014705784957e-09 2.074817052044315639e-09
-1.215162230536026041e-09 -1.875880128121046365e-10
2.069239393371638845e-10 -1.149993078184914745e-12
-3.040746607716405315e-11 4.521760984472796915e-12
3.923766648407475409e-12 -1.110633083968262356e-12
-4.506131425014819700e-13 1.865068229431673581e-13
4.658486322553269848e-14 -2.534360033672006566e-14
-4.458933156545880509e-15 2.944567223086643658e-15
-2.071404665436817569e-15 3.407998291099701755e-15
1.710333836638500808e-14 -3.583134043852108350e-14
-1.207413844790439527e-13 3.445039286407760834e-13
6.596812040195349047e-13 -2.972033380434031504e-12
-2.010011507911476772e-12 2.278403922254125963e-11
-8.679597443990052652e-12 -1.530323249065247699e-10
1.962688576849611142e-10 8.840007911689681791e-10
-1.816481632832361481e-09 -4.280319515387461295e-09
1.169269844316502136e-08 1.671115550561240870e-08
-5.634342447531165807e-08 -4.915534516049371163e-08
2.025052011220053423e-07 9.282292703386577681e-08
-5.179294741531121412e-07 -4.175447633358810138e-08
8.437050795120087242e-07 -3.173750735761992130e-07
-6.316466153622791922e-07 8.775076036221638193e-07
-1.914397730169038621e-07 -7.902041836175227016e-07
3.739813157531227981e-07 -4.242218475461387726e-08
1.092408230809046548e-07 1.171658625321629090e-07
2.357931006632492487e-08 6.009947651402164681e-08
1.536448196526934555e-08 1.718404080989713330e-08
4.229562057536563179e-09 -9.304678598667606924e-11
7.338837454240933159e-10 -7.443323195071215150e-17
4.229561968405841300e-09 9.304679298643368998e-11
1.536448176925075107e-08 -1.718404060998399051e-08
2.357931023865470112e-08 -6.009947674792972902e-08
1.092408230834715881e-07 -1.171658622817727038e-07
3.739813156720962087e-07 4.242218476795420281e-08
-1.914397728613685224e-07 7.902041835959934534e-07
-6.316466151118352666e-07 -8.775076038228255010e-07
8.437050794494328947e-07 3.173750738371417943e-07
-5.179294742906125878e-07 4.175447641050953237e-08
2.025052013951751883e-07 -9.282292725885224627e-08
-5.634342440223064138e-08 4.915534517003399591e-08
1.169269823893025030e-08 -1.671115548332942693e-08
-1.816481549664759616e-09 4.280319567910257128e-09
1.962688559351614185e-10 -8.840006652299407137e-10
-8.679542807933668981e-12 1.530323160289544553e-10
-2.010140390021404811e-12 -2.278392763461498192e-11
6.595113971158614058e-13 2.971840034719477212e-12
-1.206002089495456607e-13 -3.444785486564496518e-13
1.715422553296980207e-14 3.586552059667646093e-14
-2.074348537470409965e-15 -3.375487137197336230e-15
6.943627090681550693e-15 3.497417116503538187e-15
-7.015366485961472906e-14 -2.685961544895795895e-14
6.358333756071259898e-13 1.653522919245558053e-13
-5.153801190966291057e-12 -6.817988669291089364e-13
3.695945513639475113e-11 -1.426992973694222562e-13
-2.308752798354518019e-10 3.585104468233761604e-11
1.230840559641607946e-09 -4.107708041302279997e-10
-5.439282939660333299e-09 3.057099672772520918e-09
1.902719137061780055e-08 -1.700375809932030428e-08
-4.823199789971235525e-08 7.215513527251720708e-08
6.835344849582673721e-08 -2.285109600706308360e-07
3.665706294076322615e-08 5.084055655283596080e-07
-4.055232645184589962e-07 -6.937629281596794948e-07
7.876079313499787229e-07 3.628348411267880325e-07
-5.181661593582771791e-07 2.614881546593465081e-07
-9.603027792631908834e-08 -2.211641161273884397e-07
4.234143153952119942e-08 -8.497544150463302374e-08
2.540923209957711776e-08 -2.601157134857257389e-08
4.595134221018511845e-09 -1.159004773949135958e-08
-1.050500931411699157e-09 -2.159696858224939443e-09
-6.609577326653956336e-10 1.690528510910503555e-16
-1.050501068873850931e-09 2.159696804038170547e-09
4.595134201604290873e-09 1.159004795575950752e-08
2.540923195079486406e-08 2.601157165014820250e-08
4.234143155020399880e-08 8.497544134374352263e-08
-9.603027792159436503e-08 2.211641161539279672e-07
-5.181661595161430505e-07 -2.614881546315588511e-07
7.876079315132607347e-07 -3.628348414358808899e-07
-4.055232645425109732e-07 6.937629280197106884e-07
3.665706267904990440e-08 -5.084055654147479258e-07
6.835344855858890075e-08 2.285109598071515762e-07
-4.823199799214224482e-08 -7.215513538461569137e-08
1.902719139425369908e-08 1.700375809335465785e-08
-5.439283253110086669e-09 -3.057099648631954949e-09
1.230840601199082925e-09 4.107707082010211113e-10
-2.308753181235918020e-10 -3.585105298810775814e-11
3.695952646190154948e-11 1.427468456720584022e-13
-5.153943088996401145e-12 6.817230292744130796e-13
6.357644012179236133e-13 -1.653406761597133441e-13
-7.024556104994168712e-14 2.703065566004292795e-14
7.076828324922800263e-15 -3.616288320337926461e-15
1.420806569967990523e-15 -3.165885194231131131e-15
-1.033600727712723778e-14 3.157203266680481032e-14
5.935778159801148442e-14 -2.867239875255993252e-13
-1.871184827528652932e-13 2.328074550710737570e-12
-9.415564859038104843e-13 -1.671517384109099576e-11
2.201360151525479204e-11 1.044445242381996378e-10
-2.203044024026872638e-10 -5.559048170075013355e-10
1.563130420908499051e-09 2.443109747087128737e-09
-8.488025671412976735e-09 -8.426569027722804250e-09
3.544568332198003368e-08 2.056905894160320872e-08
-1.104793533648640639e-07 -2.488904520378888085e-08
2.397790790562296879e-07 -3.633015272767975535e-08
-3.088949017929312050e-07 2.225486905682038395e-07
1.201312920591624779e-07 -3.867225976447857343e-07
1.676012742516599549e-07 2.063538983514576305e-07
-8.419976417718334828e-08 8.330548729047656571e-08
-5.319385928900335130e-08 -2.702610610512730038e-09
-2.078020500596833704e-08 -7.084806804427674351e-09
-7.238915503196297720e-09 7.144328834775884677e-10
-6.211463546309520946e-10 1.149537138814559007e-09
2.598666399054428927e-10 -2.469651792055503385e-16
-6.211462449869956794e-10 -1.149536985587877730e-09
-7.238914831289520794e-09 -7.144333332454602246e-10
-2.078020518280190659e-08 7.084806970740943319e-09
-5.319385933513103846e-08 2.702610573831150175e-09
-8.419976402354949169e-08 -8.330548719496854518e-08
1.676012742372896175e-07 -2.063538984182522399e-07
1.201312920167376946e-07 3.867225977767840666e-07
-3.088949017245549997e-07 -2.225486906922028720e-07
2.397790792268814687e-07 3.633015251202280456e-08
-1.104793535061088460e-07 2.488904506995166324e-08
3.544568321029253242e-08 -2.056905887687217334e-08
-8.488025770955446627e-09 8.426569093032027297e-09
1.563130517662399582e-09 -2.443109748551666487e-09
-2.203044366341524133e-10 5.559047415009051953e-10
2.201359382936473431e-11 -1.044444970678981332e-10
-9.415850720932427110e-13 1.671512003724444884e-11
-1.870363372744299168e-13 -2.327939005124848884e-12
5.928904274689199158e-14 2.866695687460080182e-13
-1.042565208233993473e-14 -3.158028572671761942e-14
1.425616987005704520e-15 3.144552777991428870e-15
-1.164724874520705578e-14 -4.171664571005316048e-15
1.101845441042399976e-13 2.668731845163993082e-14
-9.395511980667472949e-13 -1.141991704053910184e-13
7.133279820269182395e-12 -5.577467194477080357e-14
-4.761260820097966375e-11 7.183606971757221165e-12
2.744837929326897066e-10 -8.713729957526710669e-11
-1.333755828664911867e-09 7.012436691688484671e-10
5.264667057859610517e-09 -4.292768946106855350e-09
-1.581898585570107820e-08 2.049189867876975934e-08
3.097890533801100742e-08 -7.530463382026459232e-08
-1.488556764568273634e-08 2.044116824334539987e-07
-1.228910825849334163e-07 -3.764759126841511989e-07
4.015708996851220640e-07 3.825287771753256379e-07
-5.167451816784720746e-07 -4.668285267223528526e-08
1.765980312733497718e-07 -2.353763178211303501e-07
9.715223193637005437e-08 5.298373054360016892e-08
1.234572660831461012e-08 3.880693570812350161e-08
1.774691364185933075e-09 1.305938397243966679e-08
2.199103029023423992e-09 2.399365041592057142e-09
3.724925434245493110e-10 -1.974376289954510367e-10
-6.976437461292716423e-11 2.718268159361968045e-16
3.724921899923193779e-10 1.974373566103933673e-10
2.199102944237966657e-09 -2.399364963499995604e-09
1.774691540078899831e-09 -1.305938358118928209e-08
1.234572667670288230e-08 -3.880693560175326291e-08
9.715223193240185059e-08 -5.298373073922262661e-08
1.765980313986661788e-07 2.353763177146058191e-07
-5.167451818958847857e-07 4.668285262466537231e-08
4.015708998588222635e-07 -3.825287772848480568e-07
-1.228910826150261676e-07 3.764759126116406788e-07
-1.488556749748396922e-08 -2.044116821610514586e-07
3.097890544227626998e-08 7.530463373581678390e-08
-1.581898570159335299e-08 -2.049189889942082633e-08
5.264667115178288699e-09 4.292768847527086380e-09
-1.333755837402528004e-09 -7.012435794357054240e-10
2.744838553166513826e-10 8.713724444232620642e-11
-4.761269273340310844e-11 -7.183718033704591707e-12
7.133415084839326408e-12 5.584533839042066311e-14
-9.395330254093742960e-13 1.140968526645695964e-13
1.103420331393851774e-13 -2.692818682907308373e-14
-1.174273393702521409e-14 4.268093581125021009e-15
