-2.369927899411581964e-16 8.070714157011051183e-16
8.909052940159904614e-16 2.884433663174909400e-16
-7.222910343846934337e-17 2.572756244951754752e-16
1.911273994065413327e-16 -3.868102205264503463e-16
-8.458365979003059879e-17 3.108513101526357704e-17
3.935293394543315776e-16 7.317213134491069405e-15
1.946378353506195819e-14 -1.191335354669593281e-13
-4.828484439622974569e-13 1.737360583973049206e-12
9.230846302653410295e-12 -2.335375193612132280e-11
-1.534829676786413954e-10 2.871673783450157675e-10
2.257360720679374243e-09 -3.195427054732720789e-09
-2.954314949000163790e-08 3.166678689882895859e-08
3.438222100044992147e-07 -2.727440176482780483e-07
-3.538376091235558233e-06 1.952277468376835147e-06
3.186609993782712748e-05 -1.044701834409746780e-05
-2.476222913825181253e-04 2.554540122433493845e-05
1.626219179280526768e-03 2.361753727136574712e-04
-8.801013749825491519e-03 -4.247667733246402941e-03
4.447422240015018458e-02 3.962492025842777321e-02
-2.496575211670046812e-01 -1.775612617931884296e-01
8.061757186166355060e-01 0.000000000000000000e+00
-2.496575211670150063e-01 1.775612617932306736e-01
4.447422240014616696e-02 -3.962492025844578658e-02
-8.801013749820415719e-03 4.247667733246900806e-03
1.626219179277412939e-03 -2.361753727122512610e-04
-2.476222913839044946e-04 -2.554540122342842685e-05
3.186609993533839560e-05 1.044701834302510546e-05
-3.538376093751117338e-06 -1.952277468845472642e-06
3.438222107728718650e-07 2.727440192519589099e-07
-2.954315032915272851e-08 -3.166678581180807221e-08
2.257362431280281633e-09 3.195427272047204637e-09
-1.534837250880781087e-10 -2.871667958518868884e-10
9.229688063828274871e-12 2.335343022491493359e-11
-4.819066446120239748e-13 -1.738543090672577474e-12
2.075399482132497723e-14 1.194535759563336568e-13
-5.739710868023947588e-16 -7.552689273606457684e-15
2.280100924133147518e-16 -5.185198356805320829e-16
-2.605648849824927072e-16 3.604636344910671071e-16
8.136027297546735756e-16 -9.369601276238974295e-16
8.598310670786423879e-16 1.995471467817181143e-16
1.016936101944233343e-16 -7.292330529332935485e-16
3.256538191352074647e-16 2.038775158606130065e-16
1.515389540895562618e-16 -1.356086516429788450e-16
-6.144858370394126023e-17 -3.398595324972482558e-16
1.455590218421379738e-16 -1.300859756202202001e-17
-1.751697890908019559e-15 1.092093853694035849e-16
3.038652229751048294e-14 7.900921174190241175e-16
-4.590327580300243082e-13 -6.405109860350016961e-14
6.414456296435605229e-12 1.550259849674974781e-12
-8.238402820986262597e-11 -2.939867230322874694e-11
9.632813726566211379e-10 4.733910349688301957e-10
-1.013155946562101836e-08 -6.647202386099601934e-09
9.426165831083862288e-08 8.204009932624131792e-08
-7.564030668850915949e-07 -8.888905791660940521e-07
5.011050040098926045e-06 8.390808901715748964e-06
-2.487406737862486513e-05 -6.806721856513984743e-05
6.317512842938936054e-05 4.644709305531823920e-04
2.992059161667977329e-04 -2.578744915880356800e-03
-4.839152195685788964e-03 1.101649396578983919e-02
3.195304077517357316e-02 -3.240328179057751917e-02
-1.300924459896769247e-01 4.902737273210063668e-02
3.023027229901797952e-01 -2.447982600695197869e-14
-1.300924459896753704e-01 -4.902737273207063290e-02
3.195304077517645974e-02 3.240328179056747859e-02
-4.839152195687332868e-03 -1.101649396578826580e-02
2.992059161658327388e-04 2.578744915880028504e-03
6.317512842895237285e-05 -4.644709305519306264e-04
-2.487406737879704999e-05 6.806721856439126004e-05
5.011050040000699022e-06 -8.390808902508961438e-06
-7.564030679713941973e-07 8.888905789674939427e-07
9.426165800263549416e-08 -8.204009956326210063e-08
-1.013155948955104743e-08 6.647202332443986388e-09
9.632812282880706295e-10 -4.733913921665832495e-10
-8.238365936197555740e-11 2.939819095935698400e-11
6.414881890744367662e-12 -1.550671929573192816e-12
-4.590659612475027191e-13 6.416783896802226459e-14
3.066387749066643568e-14 -1.642199516744744401e-15
-1.707681344712274746e-15 7.607531450939399350e-17
2.924423289430395882e-16 -1.847825803298590527e-16
1.824657785757629662e-16 -1.100075976069774155e-16
-2.166637895492249475e-16 6.953395338262114177e-16
3.490650217031262195e-16 1.479177356174625662e-16
2.532424009713704931e-16 -5.309622775396206748e-16
-6.020890805011472164e-16 -1.514453560317385612e-17
-4.895691387155494757e-17 -1.136992282680475199e-16
-2.122102984318241177e-16 -1.542947275413907678e-16
4.537219970086250897e-16 5.403271592006862584e-15
9.974560601313117750e-16 -8.872444291563046907e-14
-1.415009818720337005e-13 1.287375351386434532e-12
3.617068549067641864e-12 -1.719573321565523492e-11
-6.784910631995143618e-11 2.102983447366160588e-10
1.056467982020657345e-09 -2.331988448581391713e-09
-1.414849366349409319e-08 2.314876742608892877e-08
1.646800529290499494e-07 -2.021088843082047197e-07
-1.663662986938842466e-06 1.511943926961407990e-06
1.445067055101887781e-05 -9.273497909084118163e-06
-1.060613375512554202e-04 4.250556222480635023e-05
6.397194405472933802e-04 -1.051940983769397828e-04
-3.030130167365751269e-03 -2.847199039288311013e-04
1.038772174597119013e-02 4.444805682923253128e-03
-2.143406993057778501e-02 -2.146395200291532912e-02
3.672215514576519357e-03 4.047063188804926603e-02
1.092145393512071322e-01 -2.238689612034657507e-14
3.672215514582541016e-03 -4.047063188802757505e-02
-2.143406993057651172e-02 2.146395200291249111e-02
1.038772174596954041e-02 -4.444805682925300969e-03
-3.030130167363954963e-03 2.847199039275172651e-04
6.397194405468537362e-04 1.051940983767803915e-04
-1.060613375502788251e-04 -4.250556222416404853e-05
1.445067055305986977e-05 9.273497909446263711e-06
-1.663662986336504420e-06 -1.511943927688397946e-06
1.646800529803521410e-07 2.021088836491413537e-07
-1.414849401743437725e-08 -2.314876793123470868e-08
1.056468498769733148e-09 2.331988071626352697e-09
-6.784895750565047024e-11 -2.102982101539049154e-10
3.616671943658077422e-12 1.719618890429619498e-11
-1.419963478710188711e-13 -1.287669508593205395e-12
1.433164546399632291e-15 8.904281082958693237e-14
2.551774197763378254e-16 -5.273568864841664994e-15
1.737498078288260910e-16 1.005562693897979777e-16
-4.277364332744123024e-16 6.858835552370643036e-16
-5.391292600207663505e-16 -8.774833845125709263e-17
5.624342515951477255e-18 1.998146871046748616e-16
-3.198226480495766191e-16 -2.449799544483702245e-16
-2.940906738286659384e-17 1.086179308803371846e-16
7.243126730835072394e-17 2.424959426970049327e-16
-8.426175143097319435e-16 2.145560185622651380e-16
1.405961181418507530e-14 -1.417512857384809457e-15
-2.130507333059664790e-13 2.840527547282182565e-15
2.966407889133271019e-12 2.370428751481726262e-13
-3.797166511394768755e-11 -6.781634909310897703e-12
4.433833639923099876e-10 1.280248766825576319e-10
-4.673550986615816677e-09 -1.943007550517353019e-09
4.387097264394737548e-08 2.494365427715503060e-08
-3.600299090095637060e-07 -2.748478532185484731e-07
2.513909359132214161e-06 2.597466992844668692e-06
-1.428229047575101827e-05 -2.082926225261612124e-05
6.029652471599423314e-05 1.388548059806435223e-04
-1.410174126599820674e-04 -7.439573799314228627e-04
-2.364080220460643459e-04 3.026896219604603873e-03
3.617922155759737985e-03 -8.400673667837426847e-03
-1.356718623728541545e-02 1.217322412581649423e-02
1.481565270478504663e-02 -1.015888351885811452e-03
3.627125523202010676e-02 -1.595331250224647473e-14
1.481565270478977549e-02 1.015888351897490912e-03
-1.356718623728585087e-02 -1.217322412581616636e-02
3.617922155759717602e-03 8.400673667837007044e-03
-2.364080220462787198e-04 -3.026896219604078252e-03
-1.410174126600015289e-04 7.439573799314510519e-04
6.029652471617261828e-05 -1.388548059803677555e-04
-1.428229047558087645e-05 2.082926225300822635e-05
2.513909359595032963e-06 -2.597466992366186980e-06
-3.600299088753576883e-07 2.748478528223908460e-07
4.387097296084930096e-08 -2.494365446964614314e-08
-4.673550759283395166e-09 1.943007736611695079e-09
4.433836940244495957e-10 -1.280243846476725566e-10
-3.797196670213088867e-11 6.781807231897741364e-12
2.966590521975403270e-12 -2.368813856997044447e-13
-2.134048679742382126e-13 -2.120247453753369969e-15
1.395690981974174179e-14 1.081545908769422879e-15
-1.003424418724813679e-15 -2.575627325356210037e-16
1.680684439067890106e-16 1.213300885818755543e-17
1.385880278424720896e-16 -5.584307007892957219e-16
-1.278992087232776692e-16 7.874774242228021310e-17
-2.498172977631243362e-16 3.777379505778545414e-16
4.298786152903428681e-16 6.517797855175018275e-17
-5.209394284923070554e-18 -1.790755315477229245e-17
5.851181396592555450e-16 1.791603993507507347e-15
-3.877309963738841655e-15 -3.096042477424421586e-14
1.779811101126305922e-14 4.503791012108545172e-13
3.096484776068312020e-13 -6.021934227907779752e-12
-1.098940569463319732e-11 7.381160245515148783e-11
2.113719168550782194e-10 -8.224575864578037417e-10
-3.138792649606081797e-09 8.239895331868437771e-09
3.870827751396608342e-08 -7.317065325712183981e-08
-4.045579290419878690e-07 5.648358997991329897e-07
3.584634738089727437e-06 -3.684730112384425503e-06
-2.661035154003857237e-05 1.940329686393635719e-05
1.616513528023464069e-04 -7.534538145452953468e-05
-7.724523551742276716e-04 1.636440538996479087e-04
2.712480858965251977e-03 1.818005004877017931e-04
-6.120596191389933265e-03 -2.727353931812081557e-03
6.102813440204561506e-03 7.942864087176365953e-03
1.768496954437791865e-03 -5.642311469408350412e-03
9.002997241862946767e-03 -1.048819969616115865e-14
1.768496954441031678e-03 5.642311469411119031e-03
6.102813440204136498e-03 -7.942864087175567980e-03
-6.120596191388861206e-03 2.727353931813232112e-03
2.712480858964390687e-03 -1.818005004870929594e-04
-7.724523551738540555e-04 -1.636440538996372022e-04
1.616513528013480464e-04 7.534538145389610311e-05
-2.661035154116210059e-05 -1.940329686412743765e-05
3.584634737788842276e-06 3.684730113308942907e-06
-4.045579293386660292e-07 -5.648358995442933866e-07
3.870827774176595958e-08 7.317065346863912222e-08
-3.138793064935241663e-09 -8.239895231492346839e-09
2.113720394691086111e-10 8.224574474457084392e-10
-1.098911185222995783e-11 -7.381155718283020776e-11
3.099243465513755225e-13 6.022149595466348183e-12
1.750548813597359471e-14 -4.506094054610645213e-13
-3.830325255970269851e-15 3.089426939247284968e-14
4.411377577574286488e-16 -1.949072475333607585e-15
3.258642615311597944e-16 -2.884198319727302928e-16
4.303256246459668502e-16 8.240608894052905688e-17
-1.570518111437719250e-17 -2.263027494171667326e-16
2.841045696665626330e-16 2.957045524596040813e-16
-2.969981818162438290e-17 -3.042727986321676011e-16
-2.812739568235281675e-16 -1.759311785850711406e-16
3.968303047296131576e-15 -1.009808279622371741e-15
-6.121790222550746619e-14 9.371737800886586486e-15
8.568330166590360667e-13 -5.787150175861510561e-14
-1.102259856860204664e-11 -2.490193120010003572e-13
1.296238597621854634e-10 1.544054243347493970e-11
-1.380779505352248484e-09 -3.116480049236318518e-10
1.316919950839265827e-08 4.571813078982585035e-09
-1.107812306236075380e-07 -5.443077234269220560e-08
8.053989809774583969e-07 5.414004471525324731e-07
-4.913854839910363750e-06 -4.509973025430741558e-06
2.399960901494474543e-05 3.107421211660435213e-05
-8.564773041424638105e-05 -1.725094000729310263e-04
1.708388370573168859e-04 7.376218233866634749e-04
1.350574809073452280e-04 -2.243404119597323856e-03
-1.939430747219664415e-03 4.118902071165258388e-03
4.377198462889565767e-03 -2.690825646257140238e-03
-1.477419224665452689e-03 -1.531820112241908619e-03
1.206139729487769839e-03 -5.874934457886785385e-15
-1.477419224662687974e-03 1.531820112240985096e-03
4.377198462889227495e-03 2.690825646257115952e-03
-1.939430747218996113e-03 -4.118902071164775268e-03
1.350574809076329752e-04 2.243404119597788328e-03
1.708388370574335461e-04 -7.376218233868954942e-04
-8.564773041404599339e-05 1.725094000727737898e-04
2.399960901472057646e-05 -3.107421211715803385e-05
-4.913854839830084508e-06 4.509973025261759332e-06
8.053989805650134909e-07 -5.414004468791434838e-07
-1.107812309906242406e-07 5.443077258931732284e-08
1.316919946786051709e-08 -4.571813272373548489e-09
-1.380779718919964394e-09 3.116475097812774985e-10
1.296243354031208514e-10 -1.544022398573511575e-11
-1.102280791623846819e-11 2.489301114439562681e-13
8.571524091846776917e-13 5.746465216995465220e-14
-6.114828096072248649e-14 -9.011294477724038197e-15
4.110672003795925935e-15 1.154699529052075444e-15
-3.898638660340085850e-16 -5.324749748242277545e-18
-1.753789558751210139e-16 3.764710786948020563e-16
9.878182188066511055e-17 -2.908870559771135423e-17
2.696437428502327415e-16 -3.001230249823746103e-16
-4.154565915488925661e-16 -7.572541494076264850e-19
1.730239959673138832e-16 4.903763342049072534e-16
-2.092546146888262385e-15 -7.526575632734346631e-15
2.009434037637425701e-14 1.121547758509571191e-13
-1.424538383770298896e-13 -1.510994002771918072e-12
9.037137699424753376e-14 1.869214683484621180e-11
1.915326859930424703e-11 -2.107936584490153839e-10
-4.207064304800217058e-10 2.146200765830463163e-09
6.143996387522167372e-09 -1.948969723834142670e-08
-7.084801709268758179e-08 1.553858634094195609e-07
6.721588625491505770e-07 -1.064714890342236634e-06
-5.275126432912483040e-06 6.080556283681142164e-06
3.381058819083742934e-05 -2.756295659495669754e-05
-1.719564218872208150e-04 9.035513198049003854e-05
6.596729050702355903e-04 -1.642288009959987094e-04
-1.741865875981998737e-03 -1.000580475683556094e-04
2.597601434212611776e-03 1.318240380661465927e-03
-1.008996191927194041e-03 -2.265533812531445902e-03
-8.622792881666621655e-04 1.875454715789388839e-04
-1.797901749318642532e-04 -2.820416817971566816e-15
-8.622792881650288149e-04 -1.875454715795607009e-04
-1.008996191926727400e-03 2.265533812530980996e-03
2.597601434212359808e-03 -1.318240380661464843e-03
-1.741865875981603220e-03 1.000580475683744339e-04
6.596729050700870546e-04 1.642288009960163277e-04
-1.719564218865820844e-04 -9.035513197986439968e-05
3.381058819149345297e-05 2.756295659518762244e-05
-5.275126432700661275e-06 -6.080556284039917368e-06
6.721588627036221756e-07 1.064714890261665590e-06
-7.084801702350588789e-08 -1.553858636169653705e-07
6.143996499717502106e-09 1.948969709479460423e-08
-4.207066219708275778e-10 -2.146200660646599987e-09
1.915305756730324413e-11 2.107935919664676835e-10
9.018664078150303321e-14 -1.869224784900158575e-11
-1.423717286761690529e-13 1.511107409816809392e-12
1.998975626586390437e-14 -1.118824723614272342e-13
-2.056086821892273419e-15 7.772733390281706734e-15
-2.196087912060942982e-16 -2.257483159435989574e-16
-3.356004831495545599e-16 -3.439177496699662093e-17
-2.191145318974104879e-17 2.514671158523314198e-16
-2.299060409591032473e-16 -2.309530690423886079e-16
5.408691337417985056e-17 1.621453929248101993e-16
9.933708423638270807e-16 -2.017198098175936274e-16
-1.348322289571017764e-14 3.937113189771157773e-15
1.907988381465452131e-13 -3.956829233881702128e-14
-2.482157746889907436e-12 3.030003354718373145e-13
2.958347801801518669e-11 -9.684411058424197725e-13
-3.204690157762882603e-10 -2.002762495845229777e-11
3.123419789714478397e-09 5.205600142287892960e-10
-2.704220909735759175e-08 -7.684047820816544269e-09
2.045774227853287559e-07 8.633774637152587623e-08
-1.322536688764935694e-06 -7.839825336483092635e-07
7.076300103326919532e-06 5.811099706729844809e-06
-2.978919562190423335e-05 -3.472353367809914867e-05
8.966904402999487176e-05 1.621387374269499736e-04
-1.476088695507267522e-04 -5.592742954756692265e-04
-7.546595309245769526e-05 1.283936044962159925e-03
8.629785138693824064e-04 -1.547157042341114948e-03
-1.108839867507487422e-03 2.821893343754764360e-04
-1.426306791810058236e-04 3.602708751100576522e-04
-1.151861495872300587e-04 -1.291126838472377479e-15
-1.426306791801934580e-04 -3.602708751103056634e-04
-1.108839867507002567e-03 -2.821893343757670022e-04
8.629785138698488301e-04 1.547157042340857559e-03
-7.546595309279568173e-05 -1.283936044962523566e-03
-1.476088695509640027e-04 5.592742954755718652e-04
8.966904403015469672e-05 -1.621387374265576822e-04
-2.978919562182981643e-05 3.472353367865259322e-05
7.076300103113428265e-06 -5.811099706566458082e-06
-1.322536688738883925e-06 7.839825334606106799e-07
2.045774226654222425e-07 -8.633774629191334216e-08
-2.704220909459052040e-08 7.684048090150707472e-09
3.123419980850741889e-09 -5.205599387004914521e-10
-3.204692429075679322e-10 2.002724090844309179e-11
2.958364286224281972e-11 9.685218025094297251e-13
-2.482386420222896095e-12 -3.027345857006262346e-13
1.907267094758895592e-13 3.922493565451272173e-14
-1.346391316976737530e-14 -4.053918026419132145e-15
1.019233197266424808e-15 2.780217762488126215e-16
1.011619041109129394e-16 -3.858393591236550032e-16
-5.081795214626617698e-17 2.526378274497037530e-17
-2.553133378206950241e-16 2.497716796889339590e-16
3.681494484263991763e-16 -3.544238529503000792e-17
-5.513379493647500106e-16 -1.612576370012469059e-15
7.275635336990651921e-15 2.248556335485889356e-14
-7.214119872118423278e-14 -3.083058584169692583e-13
5.746602734837866757e-13 3.870228942339580472e-12
-2.633741429316353299e-12 -4.440719588133317516e-11
-1.637635554300227554e-11 4.618706258894808796e-10
5.975171565493359260e-10 -4.308454283823093946e-09
-9.055519493826151402e-09 3.556865301919746339e-08
9.960579301264259097e-08 -2.554268215171472978e-07
-8.678356238665750812e-07 1.558873037642095589e-06
6.087502985075348535e-06 -7.819978407265500579e-06
-3.397569132959469846e-05 3.058931551504718226e-05
1.459290134457831610e-04 -8.452307134852821775e-05
-4.533659376231416243e-04 1.253572148177116462e-04
9.053610457783000222e-04 5.832298476920945744e-05
-8.738061081861871974e-04 -5.468412449352922679e-04
1.459160471710882197e-05 5.097667596269230342e-04
1.120334808409662221e-04 1.267897699084837091e-04
1.382398236756630442e-05 -2.764908114872609456e-16
1.120334808407015277e-04 -1.267897699082634806e-04
1.459160471719920716e-05 -5.097667596267121569e-04
-8.738061081865556093e-04 5.468412449353005078e-04
9.053610457779447292e-04 -5.832298476905705249e-05
-4.533659376231558816e-04 -1.253572148176387065e-04
1.459290134454748139e-04 8.452307134793715139e-05
-3.397569132969436374e-05 -3.058931551500432917e-05
6.087502984888848821e-06 7.819978407444520992e-06
-8.678356236818892879e-07 -1.558873037549136265e-06
9.960579284514406235e-08 2.554268218071884254e-07
-9.055519730833045746e-09 -3.556865290530882128e-08
5.975173194052430508e-10 4.308454168586315361e-09
-1.637623763442095825e-11 -4.618704115549850852e-10
-2.633643721754285654e-12 4.440734117355949642e-11
5.746136858811113333e-13 -3.870268415015871973e-12
-7.210388691627909224e-14 3.081606003354919807e-13
7.282271234432096348e-15 -2.271677804428613953e-14
-3.851155856629490318e-16 1.270464538453359616e-15
2.804256601504313329e-16 1.239088011354088025e-16
4.846010627170469002e-17 -2.655236157044734599e-16
1.912670742002968021e-16 2.061618593288585561e-16
2.307643438716402708e-17 -1.409513432827868563e-16
-2.550375574163593114e-15 9.120589033076999627e-16
3.562870622330023881e-14 -1.233814365645410088e-14
-4.713064362687543824e-13 1.235709195660190994e-13
5.720331416289690141e-12 -1.007042921898519403e-12
-6.330942877334763854e-11 5.481026537653245045e-12
6.332678404669888681e-10 5.140954135693409053e-12
-5.662065371125579736e-09 -6.274726649789491706e-10
4.462692450662542945e-08 1.006804148598156126e-08
-3.045407003370011611e-07 -1.093304388600051651e-07
1.756237004034871704e-06 9.175857229763093317e-07
-8.266200137484913356e-06 -6.106169687325869589e-06
3.006057141104062917e-05 3.189272603161525223e-05
-7.622100471793102992e-05 -1.262120605631927568e-04
1.013502663578745691e-04 3.536270525156881084e-04
4.588479142109988887e-05 -6.140571188693821035e-04
-3.364357679527891424e-04 4.680719650662671055e-04
2.179172438529756073e-04 5.567626441681833603e-05
7.502951833409635032e-05 -2.142354018751584406e-05
2.808208102802473699e-05 3.253205421627715574e-16
7.502951833399924646e-05 2.142354018758575138e-05
2.179172438522008906e-04 -5.567626441701821547e-05
-3.364357679532336111e-04 -4.680719650659452059e-04
4.588479142072400275e-05 6.140571188695498296e-04
1.013502663579225586e-04 -3.536270525159128093e-04
-7.622100471805317884e-05 1.262120605630052440e-04
3.006057141093257149e-05 -3.189272603208425099e-05
-8.266200137723392095e-06 6.106169687437588999e-06
1.756237004205365672e-06 -9.175857229401673887e-07
-3.045407002925628481e-07 1.093304389360171210e-07
4.462692459952816854e-08 -1.006804155834114411e-08
-5.662065501297308593e-09 6.274727401788222934e-10
6.332680756349338423e-10 -5.140696676478020087e-12
-6.330968853856724129e-11 -5.481262678818943790e-12
5.720406509174207118e-12 1.006752830472791866e-12
-4.713057133154133695e-13 -1.232976082257812213e-13
3.558506484804606723e-14 1.238970737838495284e-14
-2.556879145787579798e-15 -1.053395054769637846e-15
-8.498881493681149493e-17 2.976575964822298312e-16
6.710343941329582482e-17 -7.086515910629442886e-17
2.450389354922228553e-16 -1.940278537408172264e-16
-4.048629232422970611e-16 -1.391409278483672221e-16
1.769138643692002194e-15 4.021812635289855982e-15
-2.033268518563318586e-14 -5.419588733293276323e-14
2.004063188189032229e-13 6.943795538479204743e-13
-1.644612660423466590e-12 -8.139005241690799248e-12
9.760084078752318732e-12 8.680061512496726717e-11
-1.493433394594648834e-11 -8.344720825261999492e-10
-6.024073170391811798e-10 7.148951493197781430e-09
1.065113855173396003e-08 -5.379367379810765268e-08
-1.150180239619181653e-07 3.489294444309259835e-07
9.325663662808773347e-07 -1.902251138361801417e-06
-5.898538285080542890e-06 8.405371588824883758e-06
2.887732426778469015e-05 -2.842822150637794342e-05
-1.054424906876542841e-04 6.611863098663692934e-05
2.666857294462565567e-04 -7.843368129319007573e-05
-4.021503757682966230e-04 -3.627907355870658014e-05
2.369849468294663996e-04 2.012556097972841571e-04
5.617814194267329626e-05 -8.432652694187350948e-05
6.769867742579434334e-06 -3.349364889431578863e-05
8.051239326491361933e-06 2.005219320240570179e-16
6.769867742291400780e-06 3.349364889507853841e-05
5.617814194238278429e-05 8.432652694232777664e-05
2.369849468294142223e-04 -2.012556097969004851e-04
-4.021503757681000029e-04 3.627907355883705032e-05
2.666857294461492749e-04 7.843368129315712953e-05
-1.054424906873863913e-04 -6.611863098621224735e-05
2.887732426803384659e-05 2.842822150603738874e-05
-5.898538285104442771e-06 -8.405371588619334273e-06
9.325663661474759983e-07 1.902251138348808779e-06
-1.150180238278997257e-07 -3.489294445100163615e-07
1.065113895346513338e-08 5.379367353152579731e-08
-6.024074304097178796e-10 -7.148951414820086568e-09
-1.493444155713015189e-11 8.344720500606041590e-10
9.759974571552795356e-12 -8.680071059791486181e-11
-1.644564177360114106e-12 8.139133922821534754e-12
2.002960266698916797e-13 -6.944153484585206812e-13
-2.037275886418999166e-14 5.442673532834876327e-14
1.597713563868655164e-15 -3.703799399589151837e-15
-2.886903207192388075e-16 1.816768347991003779e-16
1.138702571613831407e-17 2.960679240435651945e-16
-1.492650330474446090e-16 -1.524659960303130813e-16
-2.919305665293455953e-16 1.845632179567076170e-16
5.959414836977966420e-15 -2.844665088470131115e-15
-7.877538609315638614e-14 3.177714216811902733e-14
9.770490067802342774e-13 -3.099604350897702533e-13
-1.108599460674206193e-11 2.545519701846942110e-12
1.141649497935741678e-10 -1.590920085371181365e-11
-1.056763028888424594e-09 4.703937471668183948e-11
8.688047544557051526e-09 4.999608178257187757e-10
-6.249419765002699713e-08 -1.066665769947912162e-08
3.857156540219321182e-07 1.161202401785448381e-07
-1.989594274217026103e-06 -9.140790575129801039e-07
8.258593513795713426e-06 5.509714704932628094e-06
-2.598680165357175986e-05 -2.532729395893546409e-05
5.541156965296355533e-05 8.543828697016954193e-05
-5.833086695927081772e-05 -1.951771368836364431e-04
-2.845738615082786164e-05 2.550033013245671973e-04
1.171109367861599239e-04 -1.123638878247922214e-04
-2.753121314416318870e-05 -3.905894251373818251e-05
-1.231761956853141520e-05 -8.767637362872436662e-06
-2.136298390074369990e-06 -3.315634909592460063e-16
-1.231761956886270334e-05 8.767637362910468441e-06
-2.753121314437190440e-05 3.905894251354793891e-05
1.171109367860504060e-04 1.123638878249610181e-04
-2.845738615059168852e-05 -2.550033013247828993e-04
-5.833086695897981108e-05 1.951771368835497340e-04
5.541156965279011009e-05 -8.543828696993028562e-05
-2.598680165336564286e-05 2.532729395915187423e-05
8.258593513848603857e-06 -5.509714704965328648e-06
-1.989594274412368418e-06 9.140790573778418205e-07
3.857156538827806985e-07 -1.161202404082599352e-07
-6.249419768582889605e-08 1.066665781678503543e-08
8.688047567311681755e-09 -4.999609134761093942e-10
-1.056763178294778623e-09 -4.703950831721268867e-11
1.141651096403921334e-10 1.590930768355327863e-11
-1.108613450406585313e-11 -2.545201336396304848e-12
9.770297017591406906e-13 3.097429111398232232e-13
-7.867005441463295057e-14 -3.180972879470661445e-14
5.871433879209945674e-15 2.834585694321381383e-15
-2.353229206853007865e-16 -3.471068450760357980e-16
-7.588486228531824654e-17 4.526200344423058987e-17
-2.029455523326130949e-16 9.864487987881330972e-17
5.526419575730552108e-16 5.418057021817549795e-16
-4.434060444781562079e-15 -8.567525855869128845e-15
4.802808067394943362e-14 1.114141806643894652e-13
-4.599446612971168437e-13 -1.339097933223574218e-12
3.747950365207997683e-12 1.468323185300141929e-11
-2.399966705691693717e-11 -1.458101894852653619e-10
9.039763362265863223e-11 1.298229034798935467e-09
3.298073575351081165e-10 -1.023604463797922934e-08
-1.018458141932585785e-08 7.036439968709826280e-08
1.132075504220682979e-07 -4.132486990599326799e-07
-8.682166325772439406e-07 2.017387338013078155e-06
4.996236872267013206e-06 -7.869447535182763187e-06
-2.159418780858205446e-05 2.304311699701627511e-05
6.736718365135724491e-05 -4.501791610923239835e-05
-1.390309992278189520e-04 4.180262934812396618e-05
1.568436929571109524e-04 2.193492298701111423e-05
-4.890793180595606878e-05 -6.624590445237094885e-05
-2.290266895075978128e-05 5.835836197179502381e-06
-6.223292007548502648e-06 3.475595413123343671e-06
-2.260428948159183717e-06 -4.666441436737140631e-16
-6.223292007346819021e-06 -3.475595413073325529e-06
-2.290266895044375668e-05 -5.835836197140362683e-06
-4.890793180552400067e-05 6.624590445228834619e-05
1.568436929569818510e-04 -2.193492298700001810e-05
-1.390309992276947296e-04 -4.180262934811598374e-05
6.736718365135125469e-05 4.501791610927264258e-05
-2.159418780869396106e-05 -2.304311699679707315e-05
4.996236872334658951e-06 7.869447535348126041e-06
-8.682166324294798900e-07 -2.017387337995419212e-06
1.132075502548595869e-07 4.132486992481581180e-07
-1.018458150626826266e-08 -7.036439961449474108e-08
3.298073782658679414e-10 1.023604455608350969e-08
9.039767765885526698e-11 -1.298229096001159623e-09
-2.399947686897704316e-11 1.458102225509557419e-10
3.747973919154497250e-12 -1.468328719187569590e-11
-4.598209186737046840e-13 1.339084943807031853e-12
4.800371670937067711e-14 -1.115542035457167037e-13
-4.280382871567150111e-15 8.373544275997718142e-15
5.191573881885421701e-16 -5.514189419538345068e-16
-1.490981919788426873e-17 -1.980864468388407401e-16
8.167256379112108624e-17 1.655500054978691951e-16
7.619455554324938764e-16 -4.996192751581650865e-16
-1.201055408826533307e-14 6.559281045033882533e-15
1.509585906237004007e-13 -6.973242788745932493e-14
-1.761019633524440018e-12 6.563025036393047677e-13
1.871437406846233429e-11 -5.298197720939356319e-12
-1.796614710723228623e-10 3.439638731301409465e-11
1.542007193905784960e-09 -1.477641882428050680e-10
-1.168157979123403787e-08 -7.390560178980618224e-11
7.685586895321605229e-08 9.124831591442331740e-09
-4.300117767083909725e-07 -1.063338225585914353e-07
1.988500358487145933e-06 8.000407812209019410e-07
-7.293835300673799557e-06 -4.408742169773979535e-06
1.987901672120344942e-05 1.794640925666354564e-05
-3.555419831029477936e-05 -5.182707805612350559e-05
2.891936153237431174e-05 9.661877002572259005e-05
1.651568424798141244e-05 -9.366672819544622419e-05
-3.637087068310728333e-05 1.865635826595195526e-05
-1.094212982880351961e-06 1.189729750001145891e-05
2.897093525647302564e-07 3.240574185715308948e-06
-3.384922006869678561e-07 -1.140330317010276703e-16
2.897093524583942696e-07 -3.240574185793021680e-06
-1.094212983079375904e-06 -1.189729750050796082e-05
-3.637087068322282540e-05 -1.865635826606329266e-05
1.651568424805476210e-05 9.366672819534154447e-05
2.891936153224257779e-05 -9.661877002595418919e-05
-3.555419831026464532e-05 5.182707805615406653e-05
1.987901672130914558e-05 -1.794640925668212954e-05
-7.293835300887267953e-06 4.408742169736566937e-06
1.988500358646564310e-06 -8.000407809787396683e-07
-4.300117766179105425e-07 1.063338228862890802e-07
7.685586901951914442e-08 -9.124831757996043087e-09
-1.168157973916993354e-08 7.390576520094184013e-11
1.542007404600264197e-09 1.477643723013253591e-10
-1.796615436477447381e-10 -3.439642162919457179e-11
1.871454270305485342e-11 5.297950557585090285e-12
-1.761066684399474016e-12 -6.561601415142688211e-13
1.509588356711409305e-13 6.968733625093759192e-14
-1.189231043372433943e-14 -6.539271211392173873e-15
7.229654158180762987e-16 6.656984069802167301e-16
-2.459351021328277515e-17 9.375874187611970980e-18
2.252358556983116980e-16 1.963282664219502565e-18
-9.849458391795293598e-16 -1.194662936657680194e-15
9.529672203622800018e-15 1.630910102584989557e-14
-9.855025656250972463e-14 -2.015729928275919157e-13
9.080186905054037932e-13 2.277520462967303366e-12
-7.213611855181224545e-12 -2.339766218695918335e-11
4.681957517623547578e-11 2.166997346932573058e-10
-2.149513412729644163e-10 -1.789986479243647734e-09
2.325059829915435724e-10 1.301332159315328585e-08
7.719167297167258676e-09 -8.188378526030035317e-08
-9.692543971821987613e-08 4.363133496425018531e-07
7.185389604327049415e-07 -1.911179550419733784e-06
-3.798018243409980567e-06 6.592797523603481562e-06
1.457634677106752635e-05 -1.672455958121736279e-05
-3.899165098387256115e-05 2.735750004650167196e-05
6.562947514216133831e-05 -1.932789225004511859e-05
-5.432445874025809809e-05 -1.211016056857619057e-05
5.406953070516230456e-06 1.932597087904442862e-05
5.532448438949398061e-06 2.414626669580671370e-06
1.492638972622595720e-06 4.123257503611840358e-07
3.452770382271876642e-07 -1.784206889634068403e-16
1.492638972642141852e-06 -4.123257494459083439e-07
5.532448438825306040e-06 -2.414626669645432545e-06
5.406953070380851721e-06 -1.932597087964174271e-05
-5.432445874019700330e-05 1.211016056866070752e-05
6.562947514224578411e-05 1.932789224986320979e-05
-3.899165098371545348e-05 -2.735750004646892567e-05
1.457634677105292011e-05 1.672455958113077570e-05
-3.798018243254548750e-06 -6.592797523712042387e-06
7.185389602713350006e-07 1.911179550410058126e-06
-9.692543953172509842e-08 -4.363133497396341387e-07
7.719167473971278023e-09 8.188378516958160251e-08
2.325059932883453782e-10 -1.301332143785118298e-08
-2.149513453658157008e-10 1.789986469707813266e-09
4.681939167521682295e-11 -2.166998344744423972e-10
-7.213622733364663683e-12 2.339777137083326988e-11
9.079111674621174333e-13 -2.277483800569842096e-12
-9.851794060108147575e-14 2.017130976611058003e-13
9.367136293939172269e-15 -1.626280820178985362e-14
-9.767473567088462983e-16 1.123140114114315217e-15
8.063189062484044843e-17 6.022774542456252946e-17
-9.532590321541737112e-18 -1.877011085052434013e-16
-1.547424512103430929e-15 1.082974918303028084e-15
2.147803305917657545e-14 -1.317722387944619762e-14
-2.573150964440734896e-13 1.341057373409796610e-13
2.827356610868915189e-12 -1.212954954886525874e-12
-2.818822756743966972e-11 9.495993063023171908e-12
2.527152099728622671e-10 -6.146981445309578476e-11
-2.014885454471271505e-09 2.945970297778613191e-10
1.409202537423616732e-08 -6.098700138768788234e-10
-8.497144017131005277e-08 -5.880139418692481215e-09
4.318437155431789992e-07 8.506910921718768222e-08
-1.793712788210328116e-06 -6.281565393490303814e-07
5.822879916008086801e-06 3.197225823537243602e-06
-1.375036271643130616e-05 -1.158995038174383839e-05
2.054739588756228334e-05 2.873864427903613931e-05
-1.247739167793613525e-05 -4.363759417975035998e-05
-8.635978624295355678e-06 3.057777826831890628e-05
9.893302105265910020e-06 -3.067487244225614381e-07
2.005065222487288657e-06 -2.260750897524655691e-06
4.500696713893358657e-07 -5.824774436892714205e-07
1.785082130176587885e-07 1.261119507638370650e-16
4.500696716838602329e-07 5.824774441752034226e-07
2.005065221713687961e-06 2.260750897597691954e-06
9.893302104983875154e-06 3.067487237428688493e-07
-8.635978624436534048e-06 -3.057777826833863198e-05
-1.247739167827497892e-05 4.363759417974743263e-05
2.054739588750614538e-05 -2.873864427904992901e-05
-1.375036271651676840e-05 1.158995038173925594e-05
5.822879916039707388e-06 -3.197225823392172693e-06
-1.793712788416521558e-06 6.281565391580281575e-07
4.318437155434503674e-07 -8.506910947504900915e-08
-8.497144018572775791e-08 5.880139643346132079e-09
1.409202540324734851e-08 6.098697958380508008e-10
-2.014885576508123234e-09 -2.945971884708961913e-10
2.527152552770406637e-10 6.146992506184911908e-11
-2.818836615840731226e-11 -9.495764419083036169e-12
2.827439885726764128e-12 1.212852280335418477e-12
-2.573065384598577895e-13 -1.340881821577206073e-13
2.144252141212062549e-14 1.314397752333622678e-14
-1.510808321553064481e-15 -1.265937391444235988e-15
1.151760217747231881e-16 5.479875563269980653e-17
-2.405702703110248626e-16 -1.001367647741826512e-16
1.738901766942505483e-15 2.176068222736019887e-15
-1.807412062758845558e-14 -2.810886799099127936e-14
1.796910390362406847e-13 3.279239000553603245e-13
-1.585876602345475837e-12 -3.489368752325148348e-12
1.215479968107728514e-11 3.363129014474977586e-11
-7.768521632052833506e-11 -2.909091691711158664e-10
3.784532055203146266e-10 2.232690300728196627e-09
-9.938808478506213744e-10 -1.499055182924883954e-08
-3.994676616879416824e-09 8.648565474994296023e-08
7.274291503293356841e-08 -4.188210097986670433e-07
-5.379005373288490091e-07 1.648768610014808095e-06
2.639354321118477341e-06 -5.035837313118448519e-06
-9.042200236600835217e-06 1.106670806935586121e-05
2.078735238034570365e-05 -1.508511626333666597e-05
-2.843677280108632125e-05 7.768471140542917790e-06
1.667534343349486432e-05 5.988179144498782394e-06
1.202746122267513712e-06 -4.843248866308079095e-06
-7.530670994701038329e-07 -1.299402382765134774e-06
-1.828594652833991477e-07 -2.875835076724828044e-07
-1.534730124212724495e-08 -2.116700025825166459e-16
-1.828594649377808002e-07 2.875835078787558676e-07
-7.530670993388268550e-07 1.299402382863057501e-06
1.202746122199716771e-06 4.843248866610579125e-06
1.667534343391147578e-05 -5.988179144693435648e-06
-2.843677280104796421e-05 -7.768471140646198212e-06
2.078735238037036925e-05 1.508511626337374738e-05
-9.042200236718920080e-06 -1.106670806930743803e-05
2.639354321092590320e-06 5.035837313167457846e-06
-5.379005372981870517e-07 -1.648768609854209589e-06
7.274291472860993000e-08 4.188210099375237484e-07
-3.994676596269254814e-09 -8.648565468792627832e-08
-9.938808965898974276e-10 1.499055174808065999e-08
3.784532282786015112e-10 -2.232690235516857998e-09
-7.768506265563559130e-11 2.909093221363149606e-10
1.215485223756187025e-11 -3.363137019383752425e-11
-1.585890281169717418e-12 3.489389450846089064e-12
1.796402091571940648e-13 -3.280855946141847265e-13
-1.799132323233438857e-14 2.812962756181743135e-14
1.754686011549586149e-15 -2.140094578716429429e-15
-1.395732640987738429e-16 8.251179624312165622e-17
-1.741006876361734243e-16 2.838510622793843228e-16
2.787322556818101172e-15 -2.147884212509327232e-15
-3.498747329357769555e-14 2.374128805664027299e-14
3.967967317619540837e-13 -2.312104552804561637e-13
-4.113336682688162772e-12 2.001889244671252851e-12
3.853725525709085131e-11 -1.508136882697380371e-11
-3.232006041956025131e-10 9.537828606878645639e-11
2.397996731801763056e-09 -4.701444395675861863e-10
-1.551212768053886503e-08 1.422174241157963655e-09
8.588099021330797954e-08 1.858111642269493853e-09
-3.971792308587393923e-07 -5.941877941267244343e-08
1.484235153814008034e-06 4.486254038108286562e-07
-4.269022235749352679e-06 -2.134283063261059490e-06
8.731492257273044814e-06 6.926191619978140148e-06
-1.083943130251115408e-05 -1.477191977269200656e-05
4.650781140944662168e-06 1.817619510655864572e-05
4.037646207102362773e-06 -8.781374144144539099e-06
-2.238635988082245779e-06 -1.317847622097704047e-06
-7.358442624280163945e-07 1.448644598335525404e-07
-1.622979435738605272e-07 3.502762228940018810e-08
-4.305268666145731372e-08 -3.822438075424212217e-16
-1.622979437950245620e-07 -3.502762239086881257e-08
-7.358442622060799980e-07 -1.448644591262044318e-07
-2.238635988294237797e-06 1.317847622253616132e-06
4.037646207184164133e-06 8.781374144087315247e-06
4.650781141209310836e-06 -1.817619510670581600e-05
-1.083943130224642240e-05 1.477191977255371657e-05
8.731492257283935963e-06 -6.926191620020363894e-06
-4.269022235797822446e-06 2.134283063261051866e-06
1.484235153966981973e-06 -4.486254035697969608e-07
-3.971792308692198898e-07 5.941877975294922909e-08
8.588099019376359425e-08 -1.858111768179579096e-09
-1.551212780039747806e-08 -1.422174123677794115e-09
2.397996813704396694e-09 4.701446608662852333e-10
-3.232005402400541800e-10 -9.537844967589373835e-11
3.853733820999102835e-11 1.508119901450336665e-11
-4.113369808019136534e-12 -2.001715597058388991e-12
3.967910956155386017e-13 2.311573458300118671e-13
-3.488019710125106200e-14 -2.369951168672854068e-14
2.731525024953875838e-15 2.278603283196938286e-15
-2.140517375486085539e-16 -1.511585941874144053e-16
2.768011788127223465e-16 2.157079123285427732e-16
-3.033900257098222696e-15 -3.622739150013448037e-15
3.139424030987189003e-14 4.423493664721668801e-14
-2.968024763603419085e-13 -4.879475741047941516e-13
2.501482484790340674e-12 4.895123314588379965e-12
-1.837567698458115729e-11 -4.431207548652843251e-11
1.138520232614265401e-10 3.584018198997742104e-10
-5.579192173697052514e-10 -2.558921898407833529e-09
1.799487106672646243e-09 1.588775534116456656e-08
2.058600570902788938e-11 -8.415742148416319454e-08
-4.754635246973679253e-08 3.708895271060593636e-07
3.687233738458044207e-07 -1.313789091321352176e-06
-1.699992342244774089e-06 3.555386125612728647e-06
5.223537239721255467e-06 -6.762816822843261219e-06
-1.032995607693544085e-05 7.629432306338975221e-06
1.140492665421631292e-05 -2.660992994708882947e-06
-4.441166790491916878e-06 -2.648711158713467893e-06
-1.011629479086668917e-06 9.538789933365408168e-07
-5.431991440222627906e-08 3.758614852001342107e-07
-1.243630621757273543e-08 7.808870663945116279e-08
-1.032793560106187414e-08 -4.105020639863790150e-17
-1.243630596410724811e-08 -7.808870704263275763e-08
-5.431991449291852686e-08 -3.758614852315069876e-07
-1.011629479065424272e-06 -9.538789932154576687e-07
-4.441166790861027579e-06 2.648711159019986246e-06
1.140492665441869281e-05 2.660992994651212709e-06
-1.032995607689314002e-05 -7.629432306325519255e-06
5.223537239793370158e-06 6.762816822667998243e-06
-1.699992342329827843e-06 -3.555386125560295613e-06
3.687233740076570645e-07 1.313789091217203334e-06
-4.754635227238102749e-08 -3.708895272580183979e-07
2.058591183099395238e-11 8.415742151986830671e-08
1.799487223133087997e-09 -1.588775523150575223e-08
-5.579192686660586909e-10 2.558921749498417766e-09
1.138519425289935657e-10 -3.584018895552379256e-10
-1.837569982681713531e-11 4.431220367361702495e-11
2.501466965521244175e-12 -4.895134574782513476e-12
-2.968164279212605274e-13 4.880684489636022402e-13
3.128738598631230611e-14 -4.427050887891803645e-14
-3.026447171829749281e-15 3.616586256340077213e-15
2.478489443623176479e-16 -1.997882323635746771e-16
3.031674984219344536e-16 -4.073943369497884092e-16
-4.319465731371052024e-15 3.787824687644455845e-15
5.195885238497144104e-14 -3.891295393509434209e-14
-5.602861006886590600e-13 3.625123513137115283e-13
5.488520653218891862e-12 -2.998332183336624139e-12
-4.840474682752021081e-11 2.163880478889806386e-11
3.804274627601571081e-10 -1.322130916007939021e-10
-2.631407224297340737e-09 6.468585759902941549e-10
1.577259174357089726e-08 -2.197699287382307864e-09
-8.032321535770960686e-08 1.963532991873409015e-09
3.386198402931507967e-07 3.541260217440082777e-08
-1.140120892348934456e-06 -2.939975164946168968e-07
2.907780106944676757e-06 1.326517542553437802e-06
-5.145794086139270714e-06 -3.873494262914302604e-06
5.264488221207822603e-06 7.109291357104966594e-06
-1.440518405248655173e-06 -7.025064730999858490e-06
-1.690377478102421937e-06 2.135399517324711528e-06
3.547659817977031504e-07 6.658470885015735986e-07
1.739220250184980070e-07 8.973587140250363651e-08
3.449509108606218512e-08 1.803074406780023171e-08
6.584662326891509154e-09 -1.115690060130637910e-16
3.449509133532524090e-08 -1.803074445677955896e-08
1.739220249933376874e-07 -8.973587125805333760e-08
3.547659819234286743e-07 -6.658470881835116681e-07
-1.690377478266114654e-06 -2.135399517192200847e-06
-1.440518405073077737e-06 7.025064730769605289e-06
5.264488221133699597e-06 -7.109291356962093311e-06
-5.145794086249711105e-06 3.873494262979113330e-06
2.907780106970093252e-06 -1.326517542479036122e-06
-1.140120892456041560e-06 2.939975163620409940e-07
3.386198404147233181e-07 -3.541260234433404011e-08
-8.032321529450243338e-08 -1.963532895796954517e-09
1.577259188393529783e-08 2.197699196787683924e-09
-2.631407309383196983e-09 -6.468587135615283048e-10
3.804273712743299647e-10 1.322132295256593702e-10
-4.840479879652266842e-11 -2.163864282794991346e-11
5.488583413789882724e-12 2.998170800039108108e-12
-5.602926907285071001e-13 -3.624051108189193603e-13
5.194065642394785367e-14 3.893259924742880110e-14
-4.334569607451290421e-15 -3.809359138807462596e-15
3.524122231724768396e-16 3.064232267630635152e-16
-4.181002930942174901e-16 -3.591204398964451695e-16
4.952214965658044845e-15 5.573151602915659051e-15
-5.003970866784842703e-14 -6.445509911245722386e-14
4.511489015551596538e-13 6.734600055494256241e-13
-3.622367345313424192e-12 -6.375065614346514422e-12
2.539114821364386223e-11 5.424473534292422584e-11
-1.510512030525199599e-10 -4.105929518126828036e-10
7.250751420230899121e-10 2.729622140767579716e-09
-2.490445918183801136e-09 -1.568653863631501091e-08
3.331585802833830177e-09 7.636038651635313834e-08
2.621611557383666609e-08 -3.065314239503097219e-07
-2.335950673928817799e-07 9.777019187244288945e-07
1.026234348961641476e-06 -2.344527365900882446e-06
-2.839471639505522197e-06 3.853122836304545448e-06
4.827364837563597902e-06 -3.562749246294083825e-06
-4.251862470067723167e-06 7.223038424320984160e-07
9.595110665331072866e-07 1.049949117537099014e-06
3.973185429091265689e-07 -9.682066742454875561e-08
7.301597872138311016e-08 -7.137736055381825193e-08
1.444621286781973519e-08 -1.320039294797702668e-08
4.424851558134471557e-09 -1.859198187782430987e-16
1.444621350027349504e-08 1.320039314907725803e-08
7.301597905705452474e-08 7.137736039050815565e-08
3.973185433753098920e-07 9.682066762071754956e-08
9.595110668254789195e-07 -1.049949117480947929e-06
-4.251862469965356694e-06 -7.223038425830442400e-07
4.827364837584473029e-06 3.562749246410948114e-06
-2.839471639557569407e-06 -3.853122836149506231e-06
1.026234348873675199e-06 2.344527365933333549e-06
-2.335950674170573443e-07 -9.777019187457468080e-07
2.621611533896453465e-08 3.065314239071889686e-07
3.331585775420721811e-09 -7.636038658061755451e-08
-2.490446083541664916e-09 1.568653866851181519e-08
7.250751668762343420e-10 -2.729622072421739417e-09
-1.510510827082880324e-10 4.105930232074573316e-10
2.539118144717083964e-11 -5.424484170272450503e-11
-3.622420683268402703e-12 6.375092850428667854e-12
4.512482176578094322e-13 -6.735277329339792405e-13
-4.998188123291170072e-14 6.453310814352251271e-14
5.012674756186169312e-15 -5.626031506546618758e-15
-4.508363305020455906e-16 3.962217026661373078e-16
-4.729384707736366084e-16 6.038718093753765417e-16
6.297283499094424565e-15 -5.971981881966713974e-15
-7.120656639713360130e-14 5.865939815000069630e-14
7.296489659537954427e-13 -5.216224038045483882e-13
-6.767422031397782619e-12 4.119365394036535700e-12
5.629003788725421903e-11 -2.841090992455952280e-11
-4.153914050605381984e-10 1.666641728353544501e-10
2.683974976297129341e-09 -7.948260137141749995e-10
-1.493674058583041269e-08 2.790838706867418727e-09
7.010682139825606473e-08 -4.882024974133766118e-09
-2.699034887112587555e-07 -1.654632446952361950e-08
8.200022436861644178e-07 1.773948312737095950e-07
-1.855635281698169706e-06 -7.738884911234350231e-07
2.836553631015112882e-06 2.044103140249232247e-06
-2.364907482013645109e-06 -3.226463776836623164e-06
3.211431472723330135e-07 2.524203582327074554e-06
6.339994939617357666e-07 -3.868435506621011456e-07
9.291369329869554293e-10 -2.198083439644524450e-07
-2.416598628933763205e-08 -4.759509949427550714e-08
-4.004956759781577410e-09 -8.729904468660444766e-09
-2.350692007556830488e-10 -2.160795998788233236e-16
-4.004956605117630321e-09 8.729904375416326581e-09
-2.416598640914914542e-08 4.759509909313553963e-08
9.291371232316915152e-10 2.198083438042804999e-07
6.339994937703271787e-07 3.868435505690273125e-07
3.211431470515320118e-07 -2.524203582393428574e-06
-2.364907482003970298e-06 3.226463776740273590e-06
2.836553631051327353e-06 -2.044103140189482966e-06
-1.855635281862540896e-06 7.738884909959557175e-07
8.200022437386479556e-07 -1.773948311311351035e-07
-2.699034888370471186e-07 1.654632453504343115e-08
7.010682128119310710e-08 4.882024935824174868e-09
-1.493674074037039271e-08 -2.790838629757472039e-09
2.683975013966539457e-09 7.948260502641417411e-10
-4.153912928508069030e-10 -1.666642038813235119e-10
5.629002397340471632e-11 2.841080454955165465e-11
-6.767506949929812397e-12 -4.119254418652283402e-12
7.296689847102353190e-13 5.216309086959475126e-13
-7.121448696843823074e-14 -5.868909384356655946e-14
6.295101991872312166e-15 5.957621140884832692e-15
-4.993124627159804251e-16 -5.479310693126477596e-16
7.359874622235817756e-16 6.807149413333337564e-16
-7.781040815909506698e-15 -8.104232035899818115e-15
7.460712401540222261e-14 8.832647715060308652e-14
-6.404873523949795022e-13 -8.740493997314805867e-13
4.888552031291861041e-12 7.810969172286855382e-12
-3.258568242816702125e-11 -6.250340550936617452e-11
1.849029368943455758e-10 4.429591580668220084e-10
-8.559729656072648926e-10 -2.743143035617604971e-09
2.956594752792034304e-09 1.459712901621543136e-08
-5.566422127272647456e-09 -6.532355528596373300e-08
-1.095100376683240280e-08 2.389071673837956114e-07
1.379908174466698074e-07 -6.860973862669704151e-07
-5.867860656448432133e-07 1.456720826539119228e-06
1.465737464942806281e-06 -2.062087217468365413e-06
-2.136413065488268600e-06 1.541026965991680371e-06
1.474091318908829139e-06 -1.103722868593801953e-07
-1.270535222326481146e-07 -3.722386390939197970e-07
-1.130586134990141936e-07 -2.868724745927784074e-08
-2.739693349192795210e-08 4.855405588553226251e-09
-4.849755026985660789e-09 6.208746055158145139e-10
-1.114405112696697733e-09 -3.919185750161392328e-16
-4.849755125879089203e-09 -6.208745048037810296e-10
-2.739693348203546754e-08 -4.855406292701612519e-09
-1.130586137663801699e-07 2.868724722787505369e-08
-1.270535225898924393e-07 3.722386391117120946e-07
1.474091318738210869e-06 1.103722871289951631e-07
-2.136413065446659377e-06 -1.541026966008780696e-06
1.465737464904714362e-06 2.062087217294013845e-06
-5.867860654664090526e-07 -1.456720826586715915e-06
1.379908175829166187e-07 6.860973863387587867e-07
-1.095100362172647392e-08 -2.389071672553163834e-07
-5.566422097333633488e-09 6.532355527698873071e-08
2.956594779914415154e-09 -1.459712898965120262e-08
-8.559729177957029156e-10 2.743143056881236769e-09
1.849028660750658031e-10 -4.429591642752734003e-10
-3.258581459511432385e-11 6.250351723497630330e-11
4.888670853186873753e-12 -7.811004376775480823e-12
-6.405685814937714541e-13 8.740644473564459310e-13
7.461221343323099534e-14 -8.840667260600863205e-14
-7.845407760812455169e-15 8.135395207390201701e-15
7.402621410981261631e-16 -6.188708217813198943e-16
6.942870281718500840e-16 -8.811487985419367033e-16
-8.326195223346920238e-15 8.685521203570586954e-15
8.987927224127044115e-14 -8.146191786700399246e-14
-8.774988632353501317e-13 6.916545387901413233e-13
7.723053797962573843e-12 -5.215286792513011223e-12
-6.072578861043118564e-11 3.434729874205584398e-11
4.217701508135073466e-10 -1.928554351417973443e-10
-2.551903138481003341e-09 8.880972340205561695e-10
1.321854968467784847e-08 -3.108439095567182724e-09
-5.732280338857783685e-08 6.584334077207706803e-09
2.020073266105768261e-07 3.808241391360663575e-09
-5.548653220195504362e-07 -9.805051037528758721e-08
1.115170271771378694e-06 4.254361612232033729e-07
-1.469547279450193515e-06 -1.022941026017572694e-06
9.830007949577296410e-07 1.386578327692039720e-06
-9.794630378755722822e-09 -8.402637530342680314e-07
-2.117329467047514995e-07 1.847787331504965399e-08
-2.970159259227997566e-08 5.406672955446909074e-08
-1.641402603360356449e-09 1.428246187209846020e-08
-4.549528255709898382e-10 2.368932808662721003e-09
-2.685912781074491858e-10 2.214171455644026417e-16
-4.549526236627029196e-10 -2.368932874327061372e-09
-1.641402707012802461e-09 -1.428246197494660355e-08
-2.970159267285449432e-08 -5.406672945596263975e-08
-2.117329468387879254e-07 -1.847787303337889928e-08
-9.794630320350321222e-09 8.402637531165649055e-07
9.830007949523096890e-07 -1.386578327670802699e-06
-1.469547279470330029e-06 1.022941025896069841e-06
1.115170271975697017e-06 -4.254361610713055897e-07
-5.548653220890881354e-07 9.805051029482803343e-08
2.020073266316540763e-07 -3.808241384720371946e-09
-5.732280332151577673e-08 -6.584334103367899171e-09
1.321854967497755106e-08 3.108439056994206414e-09
-2.551903147276076477e-09 -8.880972049831137512e-10
4.217700960883480448e-10 1.928554492005378646e-10
-6.072577047846076407e-11 -3.434722072296033452e-11
7.723140088378206304e-12 5.215197310389141196e-12
-8.775162192693435293e-13 -6.916141708235640828e-13
8.988034542888769394e-14 8.145153963887446892e-14
-8.337160933026067869e-15 -8.606007421335311226e-15
6.726936595809930029e-16 8.259448638409258616e-16
-1.144015732442885858e-15 -9.892592482128939582e-16
1.163082232316412455e-14 1.113081869531991853e-14
-1.058134848818477613e-13 -1.155678912339929957e-13
8.633706936857412155e-13 1.084057386336478414e-12
-6.254435727457331569e-12 -9.149122127844063546e-12
3.952836045865272932e-11 6.886231288887410662e-11
-2.128375816852640570e-10 -4.569509989592151081e-10
9.401454662315470971e-10 2.635763230090982134e-09
-3.168066243827512347e-09 -1.298379883976456328e-08
6.613011275230557664e-09 5.338896673361277880e-08
1.740924401089409872e-09 -1.777529340396230257e-07
-7.708793049558371033e-08 4.590264348644615863e-07
3.221456155678258321e-07 -8.609335400328718638e-07
-7.260783137698554565e-07 1.044245142414385197e-06
9.018163022855648138e-07 -6.177046164292406641e-07
-4.736906707203371971e-07 -3.100164684008972050e-08
-1.752552101243364005e-08 1.167000241362935574e-07
2.327235112543123379e-08 2.260182224180851633e-08
6.814228737181137344e-09 2.944143338380077322e-09
1.077137291356211613e-09 5.540116166341076981e-10
1.866332259362451001e-10 -4.172535700670500944e-16
1.077137327970073715e-09 -5.540114753140151184e-10
6.814228764736553449e-09 -2.944143517116416222e-09
2.327235095050515266e-08 -2.260182224241032332e-08
-1.752552095039773778e-08 -1.167000240886585685e-07
-4.736906704591459058e-07 3.100164664093278622e-08
9.018163023542121755e-07 6.177046165411689742e-07
-7.260783139204077278e-07 -1.044245142233739963e-06
3.221456155046212395e-07 8.609335400362778891e-07
-7.708793045722488364e-08 -4.590264349071609936e-07
1.740924369905332125e-09 1.777529340098326917e-07
6.613011256126376394e-09 -5.338896679748479373e-08
-3.168066348936992961e-09 1.298379883039868838e-08
9.401454496945793811e-10 -2.635763272573407579e-09
-2.128375261871907580e-10 4.569510125407394424e-10
3.952851729749394499e-11 -6.886236425386863471e-11
-6.254515157604893289e-12 9.149133877143155929e-12
8.635504643064789070e-13 -1.084087437829606244e-12
-1.058383302468688874e-13 1.157054307583821936e-13
1.167340468438482010e-14 -1.121760403686121313e-14
-1.163506445041848969e-15 9.208291506341699866e-16
-8.777322084105688929e-16 1.150328678814922601e-15
1.002649915070672636e-14 -1.139231378283347402e-14
-1.034624728002813060e-13 1.031891975441968435e-13
9.645757420055236291e-13 -8.385743875213130664e-13
-8.079180431040672777e-12 6.045499563708981605e-12
6.023207002157245784e-11 -3.804985165329960773e-11
-3.949801903810054735e-10 2.043941075707056676e-10
2.245268821042615004e-09 -9.052587554461346633e-10
-1.086259031619318330e-08 3.106055212679113397e-09
4.367843816973838458e-08 -7.065541285126243293e-09
-1.413994260975949951e-07 3.454638740597885884e-09
3.522955438246831129e-07 4.836077193254072660e-08
-6.302454743419978263e-07 -2.191594863928493017e-07
7.149903369674209194e-07 4.844860716714489010e-07
-3.754273788248246818e-07 -5.634402601293822826e-07
-4.186502818118446379e-08 2.555547098688738681e-07
6.165205064168780648e-08 2.574319287608170325e-08
1.505509624410604686e-08 -8.703356978125962982e-09
2.484276332779826078e-09 -2.921695588347520975e-09
4.408166259764533604e-10 -4.244542521377860764e-10
1.194658656674947004e-10 -3.369716398876441500e-16
4.408171420702085061e-10 4.244544044775543748e-10
2.484276433364175859e-09 2.921695285938499621e-09
1.505509621774750981e-08 8.703357115052900363e-09
6.165205055534645592e-08 -2.574319316101715455e-08
-4.186502822521432165e-08 -2.555547098963029125e-07
-3.754273788911937366e-07 5.634402601447268138e-07
7.149903367383612935e-07 -4.844860716231812579e-07
-6.302454743849836896e-07 2.191594863089039426e-07
3.522955439116890137e-07 -4.836077182470496871e-08
-1.413994261334454529e-07 -3.454638728168626986e-09
4.367843820563840698e-08 7.065541244889498233e-09
-1.086259030664458254e-08 -3.106055155483015524e-09
2.245268875850855034e-09 9.052587249313832398e-10
-3.949801896033094935e-10 -2.043940994268541206e-10
6.023206160130396889e-11 3.804985386015448705e-11
-8.079181467050239718e-12 -6.045439036049742750e-12
9.646028870475517942e-13 8.384421437393495805e-13
-1.034590405312385519e-13 -1.031562072642492628e-13
1.000382824816608162e-14 1.141881193896016094e-14
-8.699691649546804996e-16 -1.125708265406210533e-15
1.770904807937638302e-15 1.397780478797671573e-15
-1.689633609111711960e-14 -1.499138632303760111e-14
1.462032481924349755e-13 1.478365819057923385e-13
-1.133249656922500308e-12 -1.315211898812564755e-12
7.780605172971348378e-12 1.048905318264443753e-11
-4.651795759537325093e-11 -7.428736938475743582e-11
2.367104574100451666e-10 4.616210246313838865e-10
-9.898571552696137045e-10 -2.479605972718922738e-09
3.192690395717974022e-09 1.129996675814789655e-08
-6.770705430978439471e-09 -4.264390338144838386e-08
2.779931023810103016e-09 1.290002320418756660e-07
4.202767306802905000e-08 -2.986628927306205086e-07
-1.741674537212723800e-07 4.924904725235269273e-07
3.519038787709919474e-07 -5.072767642668010725e-07
-3.679595751415413901e-07 2.298738901688102871e-07
1.404422149314891366e-07 3.877551714559458499e-08
2.123962840985261538e-08 -3.139978721626618407e-08
-2.214487008363208080e-09 -9.070985487859717616e-09
-1.052199229818153264e-09 -1.698860937434442993e-09
-1.416033134819341403e-10 -2.702049948076136378e-10
-1.316799877421709671e-11 -2.773028930110758254e-16
-1.416030575518547942e-10 2.702051402387378205e-10
-1.052198860580575774e-09 1.698860946405290148e-09
-2.214487081665118803e-09 9.070985435100968514e-09
2.123962821951598077e-08 3.139978723850545100e-08
1.404422147261524154e-07 -3.877551720529744419e-08
-3.679595751212906853e-07 -2.298738902397384438e-07
3.519038787950320130e-07 5.072767642456548949e-07
-1.741674537522952528e-07 -4.924904724750816190e-07
4.202767311797025815e-08 2.986628927619350520e-07
2.779930869879471392e-09 -1.290002321242191270e-07
-6.770705352978860448e-09 4.264390348893933317e-08
3.192690445596242416e-09 -1.129996677649504047e-08
-9.898570840240218721e-10 2.479606043205863390e-09
2.367103933184106301e-10 -4.616210258475394096e-10
-4.651803270171920099e-11 7.428739588332642543e-11
7.780630114880171219e-12 -1.048911846920068839e-11
-1.133386395494256349e-12 1.315260246789875757e-12
1.462207288182115818e-13 -1.479983141324783606e-13
-1.696232700341178102e-14 1.508383196412831269e-14
1.793489441984912071e-15 -1.317043929028266229e-15
9.730364816592732383e-16 -1.365065251222942248e-15
-1.053568108347445251e-14 1.320056405354649394e-14
1.042354370151184503e-13 -1.149015625446950801e-13
-9.310574712788084907e-13 8.960580214469100918e-13
7.449768465007112536e-12 -6.193451843499801375e-12
-5.287317355428874952e-11 3.734912812303351273e-11
3.287867905333655206e-10 -1.923449127699881270e-10
-1.764234997309652504e-09 8.196914097604786496e-10
8.012896408456889854e-09 -2.741135313017793414e-09
-3.004180644113861985e-08 6.406260256520821767e-09
8.987433372096201085e-08 -6.432315371567578632e-09
-2.043645431659559101e-07 -1.936703441040525881e-08
3.272377855162938678e-07 1.021429161175469740e-07
-3.200835973298130998e-07 -2.117578340121002257e-07
1.277987379748655357e-07 2.120471858852759576e-07
3.121917634530050467e-08 -6.787177068934591891e-08
-1.462548700456826706e-08 -1.612289400366247200e-08
-5.191860674687342382e-09 -2.267313357598900160e-10
-1.011957746481203861e-09 2.858955220887065414e-10
-1.577298439077402761e-10 3.067406067437024560e-11
-3.746822201217297933e-11 -3.528876899511385698e-16
-1.577296551510012479e-10 -3.067456148338442522e-11
-1.011957862879186034e-09 -2.858954982538532919e-10
-5.191860729102942523e-09 2.267313359703201368e-10
-1.462548711004108262e-08 1.612289407599944304e-08
3.121917630345647489e-08 6.787177044031753097e-08
1.277987381402524774e-07 -2.120471860091050542e-07
-3.200835972814747294e-07 2.117578340201663352e-07
3.272377855643371001e-07 -1.021429159911910988e-07
-2.043645432539447927e-07 1.936703423723794233e-08
8.987433375186345360e-08 6.432315367929982405e-09
-3.004180645900589314e-08 -6.406260272393260497e-09
8.012896452134085877e-09 2.741135301707264449e-09
-1.764235106935437312e-09 -8.196913717178037983e-10
3.287867669508625353e-10 1.923448486358170941e-10
-5.287314538265967116e-11 -3.734912615933718265e-11
7.449776694256957206e-12 6.193442038406517530e-12
-9.311099391697664765e-13 -8.960187112024365656e-13
1.042072095932550522e-13 1.148425106417556971e-13
-1.048967091312799023e-14 -1.323769039502668783e-14
9.624717281683867806e-16 1.367351975638824158e-15
-2.732767214526306519e-15 -2.004059180066114253e-15
2.477065766976493967e-14 2.033894766111244703e-14
-2.045705968459238209e-13 -1.911817570125769467e-13
1.508906137729933260e-12 1.617542941146926302e-12
-9.830267050917744560e-12 -1.222201258433025664e-11
5.563055763385467183e-11 8.165548244888307387e-11
-2.673765890884932041e-10 -4.762502468885309280e-10
1.055347242134688039e-09 2.386971105208361357e-09
-3.227808168893492239e-09 -1.007805591722781033e-08
6.692032126662625953e-09 3.492909900205872326e-08
-4.730302193981438382e-09 -9.595609196542838199e-08
-2.366024345834017802e-08 1.986997136583231026e-07
9.794278157838712268e-08 -2.864591143103205797e-07
-1.755386941530927575e-07 2.474173517663527949e-07
1.515443525510927943e-07 -8.153187318349980916e-08
-3.882048261921436455e-08 -2.357473214033681734e-08
-1.019406955641386748e-08 6.818028661502371859e-09
-7.637866771333398290e-10 2.676324008546880231e-09
-2.093522344597674345e-11 5.634565513077212349e-10
-1.447793986478667853e-11 8.783925044149268248e-11
-9.418968648516846411e-12 -4.032222748682289896e-17
-1.447748665778387097e-11 -8.783981187752443181e-11
-2.093489869589961688e-11 -5.634565416918841327e-10
-7.637866721644401434e-10 -2.676324055411708975e-09
-1.019406949906910333e-08 -6.818028830375729255e-09
-3.882048246284854216e-08 2.357473214598214966e-08
1.515443528254965291e-07 8.153187313152155294e-08
-1.755386942181502083e-07 -2.474173517490511941e-07
9.794278169041568705e-08 2.864591142742742986e-07
-2.366024355616424471e-08 -1.986997137130124466e-07
-4.730302046203427439e-09 9.595609194200499609e-08
6.692032053664087442e-09 -3.492909903518685681e-08
-3.227808191683831442e-09 1.007805594235847054e-08
1.055347138944448633e-09 -2.386971176783240970e-09
-2.673764559110824087e-10 4.762502792897765127e-10
5.563065403332085348e-11 -8.165549169297759609e-11
-9.830277685314765598e-12 1.222204492634828775e-11
1.508980264327486178e-12 -1.617525345431039227e-12
-2.045950136364676595e-13 1.913180161100288200e-13
2.485474103260316157e-14 -2.037787726191271417e-14
-2.756028833153028673e-15 1.933532359213432366e-15
-7.830089092359597907e-16 1.235929519548380717e-15
8.196083995009576499e-15 -1.149087624760936664e-14
-7.838088149178981206e-14 9.638194359497997216e-14
6.741466851336089499e-13 -7.240076355923605658e-13
-5.178156896353185295e-12 4.817673725685688843e-12
3.517512424073287880e-11 -2.796246382385138800e-11
-2.086506245629457239e-10 1.387148987648830317e-10
1.063848769107030924e-09 -5.713364050402815509e-10
-4.569994219503225966e-09 1.865758192508241138e-09
1.611147256927337980e-08 -4.414990244102558281e-09
-4.497590476408759103e-08 5.735334211855938753e-09
9.436784532088553658e-08 4.128506142419137693e-09
-1.368433842580711329e-07 -3.673330623744210918e-08
1.163559096427321347e-07 7.461252934635667556e-08
-3.346209435705878705e-08 -6.544491818076022740e-08
-1.457744497230640338e-08 1.304468605257449082e-08
1.972048647448919996e-09 6.172547484349012182e-09
1.362580911488484612e-09 9.446837850723120215e-10
3.065087993045026009e-10 1.113771831069365039e-10
3.469671279687456540e-11 1.829452604030841524e-11
1.169401544132154139e-12 -5.353241646767315103e-17
3.469691332999643074e-11 -1.829465415361803203e-11
3.065091643990223297e-10 -1.113770288048641045e-10
1.362580930409964019e-09 -9.446838686418868546e-10
1.972048692828057086e-09 -6.172547450650115741e-09
-1.457744497935534705e-08 -1.304468599027287663e-08
-3.346209436781211516e-08 6.544491833513961857e-08
1.163559095925386695e-07 -7.461252945984044253e-08
-1.368433842196280661e-07 3.673330622654889490e-08
9.436784537346017016e-08 -4.128506060996801928e-09
-4.497590470479904343e-08 -5.735334292055183758e-09
1.611147254212484557e-08 4.414990251210872836e-09
-4.569994249997144949e-09 -1.865758182698250891e-09
1.063848814050970510e-09 5.713363740263762585e-10
-2.086506221201248828e-10 -1.387148225657811055e-10
3.517515932252866680e-11 2.796242772272960039e-11
-5.178141692317246797e-12 -4.817662436319198954e-12
6.741426047551030645e-13 7.239838425423383264e-13
-7.837792588856091172e-14 -9.635393369002840324e-14
8.175163504822673792e-15 1.152697330666441351e-14
-7.845453980879897413e-16 -1.237607718171153219e-15
4.457455757851060490e-15 2.940361341822928251e-15
-3.874450220581238825e-14 -2.889185893583889151e-14
3.069114440450494046e-13 2.611156392328846245e-13
-2.168702290329052152e-12 -2.116866489831952240e-12
1.351329075917243143e-11 1.527286971159257273e-11
-7.302753778906368921e-11 -9.706810541912157782e-11
3.348213169909835678e-10 5.362395758633743863e-10
-1.261394786902278256e-09 -2.532679934172069761e-09
3.704124434797844330e-09 1.001397441558694113e-08
-7.588059442558759089e-09 -3.224581177517060484e-08
7.091321892329413206e-09 8.143831002395522063e-08
1.349405424648263267e-08 -1.527075481698090838e-07
-6.280169164273382774e-08 1.945739034304500186e-07
1.024759063323242319e-07 -1.413556538508035117e-07
-7.315152526423064706e-08 3.145357596577676083e-08
1.069967247760790949e-08 1.407079399270277435e-08
4.590096077531653773e-09 -9.762756645144134307e-10
6.087487028625886781e-10 -6.683406543965888160e-10
6.221675823570115615e-11 -1.024105547701130553e-10
5.796185289042293468e-12 -4.932408943664011969e-12
8.415849845388372811e-14 -5.490592828663653433e-17
5.796237183165328769e-12 4.932427794234787974e-12
6.221698142640120289e-11 1.024103759509367600e-10
6.087486674681872552e-10 6.683407614180564700e-10
4.590096098646218113e-09 9.762756262555744684e-10
1.069967236509798721e-08 -1.407079421460298828e-08
-7.315152556041558263e-08 -3.145357594441130765e-08
1.024759062366495841e-07 1.413556537615158893e-07
-6.280169181949860564e-08 -1.945739035478423794e-07
1.349405439232398137e-08 1.527075482871667957e-07
7.091321844217972408e-09 -8.143831000644375412e-08
-7.588059255365156034e-09 3.224581174420699120e-08
3.704124396238801877e-09 -1.001397436994643689e-08
-1.261394674598278252e-09 2.532679974168439443e-09
3.348212251504082830e-10 -5.362396670420690064e-10
-7.302760027149157534e-11 9.706808782957059071e-11
1.351331413706476029e-11 -1.527291261069640224e-11
-2.168732270280268064e-12 2.116775255630920421e-12
3.068464073918774938e-13 -2.613304744318403433e-13
-3.882879337320389051e-14 2.899049798882713896e-14
4.457185837140698820e-15 -2.843364940424600060e-15
