1.029803411936552146e-16 -4.036168529480771493e-16
-5.029350839497042220e-17 -1.159387267859014878e-16
-8.233232871898807676e-16 -3.878021790772069928e-16
-4.257977221753380353e-16 2.103661492219946172e-15
6.977933516892223030e-16 -1.222201480156728074e-15
-1.472373294993447819e-14 2.756666726554527882e-14
2.265025831070893597e-13 -4.264383444187528077e-13
-3.299312312794393627e-12 6.270457886719539253e-12
4.476642837792210093e-11 -8.647401219918906155e-11
-5.644988387581281731e-10 1.108707694261326844e-09
6.581758986022997583e-09 -1.314293265669835954e-08
-7.053673371054248414e-08 1.431075436113571436e-07
6.905312425530975150e-07 -1.421238687945076470e-06
-6.126561934179946337e-06 1.276597718252204913e-05
4.907398146105100339e-05 -1.027301108359903294e-04
-3.582788397155911835e-04 7.318439720479871661e-04
2.442192812607844876e-03 -4.485061703604182118e-03
-1.530163158300444637e-02 2.200523968744783759e-02
7.828246990812132156e-02 -7.559887205752853501e-02
-2.762669583884801439e-01 1.405057258279087118e-01
4.969069514416417088e-01 0.000000000000000000e+00
-2.762669583884885260e-01 -1.405057258279153454e-01
7.828246990810543149e-02 7.559887205753582085e-02
-1.530163158300296318e-02 -2.200523968743224243e-02
2.442192812612711209e-03 4.485061703614141165e-03
-3.582788397145526805e-04 -7.318439720387650508e-04
4.907398145938474728e-05 1.027301108346709773e-04
-6.126561934068497130e-06 -1.276597717802778210e-05
6.905312414283686276e-07 1.421238687363853473e-06
-7.053673337475327903e-08 -1.431075423294127738e-07
6.581760419421646933e-09 1.314293171975200302e-08
-5.644980522179395013e-10 -1.108708089093674706e-09
4.476492603874714573e-11 8.647431110362399170e-11
-3.301041149072212430e-12 -6.269900266861154604e-12
2.265251126282869342e-13 4.246189738626467275e-13
-1.464814277019260602e-14 -2.638542809625791329e-14
6.392757317249170295e-16 4.631886195788280411e-16
-1.110487726542514791e-15 1.974400909076975923e-16
1.531600518757092238e-15 -1.099997922216980083e-16
2.322607057429027910e-17 -1.291136987266511236e-15
-1.169412997424364911e-16 4.061837701646535991e-16
-8.665429391789431803e-17 -2.308363331311462145e-17
-1.263423366354913731e-16 4.181785926128334674e-16
1.833473255893552581e-17 4.237629748105169061e-16
1.088898195218786168e-15 1.946948968981516083e-16
-6.895764133875032977e-15 -3.146579454103985400e-15
1.124942246730752768e-13 4.929282510531343576e-14
-1.705194594151310383e-12 -7.191245834268958108e-13
2.417342352296743651e-11 9.802434053120051540e-12
-3.186147330173068002e-10 -1.236791745178439448e-10
3.881894177452510496e-09 1.435197048146683285e-09
-4.342960863440711699e-08 -1.519715043780242729e-08
4.426769209718643104e-07 1.454516815962838833e-07
-4.072504159365619996e-06 -1.243559915897068251e-06
3.342924906369298374e-05 9.356112860438772958e-06
-2.413661169343905486e-04 -6.073084763152116855e-05
1.505180178274255660e-03 3.309175832330662971e-04
-7.914720937975409237e-03 -1.454069172241042717e-03
3.395293859592119629e-02 4.835452726348982329e-03
-1.131842832774941077e-01 -1.086906783675436160e-02
2.708904846156383606e-01 1.262990802925914591e-02
-4.022037452283148129e-01 -1.324784258881248888e-14
2.708904846156396928e-01 -1.262990802924470607e-02
-1.131842832774922619e-01 1.086906783674905161e-02
3.395293859591407004e-02 -4.835452726348391655e-03
-7.914720937977761522e-03 1.454069172241000000e-03
1.505180178272844246e-03 -3.309175832325313518e-04
-2.413661169348072888e-04 6.073084763241228109e-05
3.342924906286600176e-05 -9.356112860450052049e-06
-4.072504159052413470e-06 1.243559916856021991e-06
4.426769202703355828e-07 -1.454516812354683354e-07
-4.342960881955824899e-08 1.519715127073844012e-08
3.881893836623116902e-09 -1.435196521436646020e-09
-3.186155725928714519e-10 1.236792011289243223e-10
2.417340826685588938e-11 -9.801736703071720976e-12
-1.705123064105898114e-12 7.190041664325547098e-13
1.123623740033052788e-13 -4.928748818535152989e-14
-7.239595424384931833e-15 2.936876604204430551e-15
6.760593739078106370e-16 -9.476134793515973755e-17
-9.301280030239121135e-17 3.958636055957782541e-16
7.772526955684766035e-16 -3.060022904295204888e-16
7.491898003596353149e-17 -1.285085678613286689e-16
-1.035669173256494633e-16 2.436683115214561900e-16
5.302383293854632723e-16 -7.372230462236690756e-17
4.033429224406061980e-16 2.461779744620126975e-16
5.517247656684970503e-16 -2.685379532133895126e-15
-7.509074995117945204e-15 2.179363260512959350e-14
1.137439760852546785e-13 -3.432429003977269243e-13
-1.547894168596993361e-12 4.978894794392889521e-12
1.946586021821571235e-11 -6.728887845348789576e-11
-2.238390432984286408e-10 8.421768870927570866e-10
2.327789174646515148e-09 -9.696753954182348487e-09
-2.156770395893877746e-08 1.019190472455123006e-07
1.741724381795041289e-07 -9.688009976918841026e-07
-1.182168426476062703e-06 8.233159619691315635e-06
6.261592525930339692e-06 -6.164431843043480621e-05
-2.054225326593333206e-05 3.988718099512564242e-04
-2.358114525185915503e-05 -2.171120527322260851e-03
9.173255282886791633e-04 9.540804305582416961e-03
-7.560546867100136938e-03 -3.161097660975385054e-02
3.990988128211112040e-02 6.987204972261099045e-02
-1.393760124331662464e-01 -7.895625763193037105e-02
2.612818864582388545e-01 1.218762779550401112e-14
-1.393760124331583083e-01 7.895625763191875535e-02
3.990988128211315350e-02 -6.987204972260867286e-02
-7.560546867098476807e-03 3.161097660974436507e-02
9.173255282884539745e-04 -9.540804305587137144e-03
-2.358114525172810548e-05 2.171120527319233325e-03
-2.054225326553888915e-05 -3.988718099504598609e-04
6.261592525724588613e-06 6.164431842860461873e-05
-1.182168426279925872e-06 -8.233159619577864042e-06
1.741724372449996244e-07 9.688009972683593704e-07
-2.156770489332776120e-08 -1.019190470688256218e-07
2.327788653092649088e-09 9.696754050716117645e-09
-2.238379200391099919e-10 -8.421774866405470462e-10
1.946697757309607189e-11 6.728867493944611274e-11
-1.547272342088237639e-12 -4.978238607132719857e-12
1.135804155429668536e-13 3.425489186452045077e-13
-7.720927416693347013e-15 -2.163277798795411608e-14
8.344436486842304382e-16 1.303559331853747345e-15
-1.121458916385538020e-15 -2.557832443389952490e-16
-5.190277004378450747e-17 7.015345562264779925e-16
1.905573790244885773e-16 -1.103674248404074997e-16
7.750005172753193749e-17 1.556309193840464128e-17
2.087996648733283860e-16 -3.913483286665280087e-16
1.726273590484293729e-16 -3.400941997627702021e-16
-4.364567248433873205e-15 -1.172285164434549874e-15
5.665038725244151979e-14 1.453406645442614764e-14
-8.473436665882320303e-13 -1.995701142814148254e-13
1.179955953643228956e-11 2.484542484280985909e-12
-1.524070800727788025e-10 -2.796190593628977178e-11
1.814504258061109575e-09 2.788693848034585674e-10
-1.976573528347387412e-08 -2.384684428814698330e-09
1.952617859675773089e-07 1.630769514136037390e-08
-1.730374179333621735e-06 -7.116424863454133954e-08
1.356814036442361393e-05 -1.121191649712505926e-07
-9.246784778797782149e-05 6.231249487765752719e-06
5.344986668067824289e-04 -7.531351274873764956e-05
-2.528596443764660577e-03 6.010045066085197094e-04
9.234369360599818319e-03 -3.490992392132844045e-03
-2.312228571193798363e-02 1.452405662919507671e-02
2.631920364242133770e-02 -3.947996630631743498e-02
4.245285411660839475e-02 5.424219333131184706e-02
-1.643049355662252187e-01 -1.136458861826474167e-14
4.245285411660602165e-02 -5.424219333130434612e-02
2.631920364242154239e-02 3.947996630631619291e-02
-2.312228571193381682e-02 -1.452405662919311648e-02
9.234369360600434146e-03 3.490992392132532228e-03
-2.528596443763830946e-03 -6.010045066076078954e-04
5.344986668069804043e-04 7.531351274912789458e-05
-9.246784778794307281e-05 -6.231249486776794319e-06
1.356814036399500001e-05 1.121191644766975156e-07
-1.730374178926409375e-06 7.116424845191587451e-08
1.952617857085407106e-07 -1.630769569830580519e-08
-1.976573470418612574e-08 2.384684405134693705e-09
1.814504944213496299e-09 -2.788692127932972006e-10
-1.524069341921516727e-10 2.796159967494590988e-11
1.179922411599279582e-11 -2.484713184754165923e-12
-8.470907619382873281e-13 1.994867108315235029e-13
5.678789989476462646e-14 -1.457383223099470390e-14
-3.545889789524560786e-15 1.097163795109408668e-15
2.866030970649179152e-16 -4.426169946922811189e-16
-5.727342190524186728e-16 2.892154869846883656e-16
-1.462126998866704567e-17 1.289293615130477379e-17
4.342968141113209951e-17 -1.335027595821996377e-16
-3.478554788507631478e-16 2.830801427378180384e-17
-1.649090891648108150e-16 -6.005155426895360181e-16
-1.649254682412230224e-15 9.464103285982496574e-15
2.160204678019163150e-14 -1.277731349326354359e-13
-2.622987364285863158e-13 1.835999899696749645e-12
2.776730093077976213e-12 -2.446287507910219389e-11
-2.451389288583872236e-11 3.012541620621259996e-10
1.554749590523583941e-10 -3.404953485074098868e-09
-1.920236394492824389e-10 3.502951275901094431e-08
-1.312674056844233242e-08 -3.247209843168618251e-07
2.515169767878540446e-07 2.678289829558359988e-06
-3.052472047587330452e-06 -1.933860354948837196e-05
2.834757081690912923e-05 1.196126488444984538e-04
-2.089970906916428805e-04 -6.145875677401551164e-04
1.214620570928819868e-03 2.502817504315435395e-03
-5.359136636392463487e-03 -7.442323060812967329e-03
1.647715209255014648e-02 1.346756644233368383e-02
-2.758266335701438712e-02 -6.246296301233877392e-03
-7.435316736971369321e-03 -1.816258473177738419e-02
1.018670317393219893e-01 6.536252043022967928e-15
-7.435316736969553933e-03 1.816258473177199614e-02
-2.758266335701466815e-02 6.246296301233754227e-03
1.647715209254881769e-02 -1.346756644232914579e-02
-5.359136636392619613e-03 7.442323060815385534e-03
1.214620570929324239e-03 -2.502817504313739269e-03
-2.089970906917157118e-04 6.145875677395739841e-04
2.834757081710943897e-05 -1.196126488430350248e-04
-3.052472047613216626e-06 1.933860354918054663e-05
2.515169776485248046e-07 -2.678289829223219120e-06
-1.312674041824928414e-08 3.247209846009316881e-07
-1.920236430375760388e-10 -3.502951277632959833e-08
1.554741487666558822e-10 3.404953304284469799e-09
-2.451424412818128607e-11 -3.012541004010448021e-10
2.776476506066694779e-12 2.446254577343041084e-11
-2.619269397508680289e-13 -1.835533045634805237e-12
2.165414643108532203e-14 1.278218822275100160e-13
-1.854918985437666302e-15 -8.136789836551883717e-15
9.843847367889487535e-16 7.490274741780679020e-16
-5.448240180985375745e-17 -6.881760228621358663e-16
-2.640443612019601466e-16 -5.645138921280303218e-18
-4.911292438196608733e-17 -1.811197578728055054e-17
-1.200400660567257374e-16 4.196167666601694536e-16
-1.073247794371535262e-15 2.014669888629429393e-16
1.815911460339852964e-14 2.088471879689467518e-15
-2.571470986867685461e-13 -2.201408690452282839e-14
3.548579008182208126e-12 1.951151596805811506e-13
-4.531676382153859835e-11 -9.533012655086545131e-13
5.327296782588051811e-10 -8.865716911926240129e-12
-5.720756297154600086e-09 3.373250295682115136e-10
5.559978688110085676e-08 -5.960685029420200579e-09
-4.834999961410523671e-07 7.891915854661788699e-08
3.707843182386199209e-06 -8.522695225865316247e-07
-2.460209098122776599e-05 7.668960408095342162e-06
1.375797584362298406e-04 -5.737127666594640883e-05
-6.238438014755239795e-04 3.506406358657154321e-04
2.152858183555057120e-03 -1.692369649632788310e-03
-4.987971789529029726e-03 6.074412638956615436e-03
5.281741762999473885e-03 -1.443935864542209360e-02
3.749075560620544929e-03 1.695278515679550860e-02
1.170078756806158717e-03 5.663370894472993756e-04
-6.033186935642792514e-02 -2.231554613961435924e-15
1.170078756805852755e-03 -5.663370894442537433e-04
3.749075560618970234e-03 -1.695278515679670556e-02
5.281741762998663769e-03 1.443935864542106491e-02
-4.987971789529586572e-03 -6.074412638955628378e-03
2.152858183555036303e-03 1.692369649632657555e-03
-6.238438014758410002e-04 -3.506406358657711058e-04
1.375797584360904935e-04 5.737127666566985596e-05
-2.460209098140967818e-05 -7.668960407878625395e-06
3.707843182021017047e-06 8.522695229378174696e-07
-4.834999963586529078e-07 -7.891915849642053078e-08
5.559978667508399455e-08 5.960684684737623501e-09
-5.720756606431128003e-09 -3.373252405596157102e-10
5.327295603183326875e-10 8.866104129427920350e-12
-4.531659000131835229e-11 9.533242612174339005e-13
3.548396315253458075e-12 -1.949245710390255752e-13
-2.574208253716471393e-13 2.198049887849377730e-14
1.719123629561511542e-14 -1.996751054359472714e-15
-1.161677326036162156e-15 4.416355179376594209e-16
5.815865918475301595e-16 -4.186677036823962858e-17
-1.073883002315708864e-16 5.485345355543243046e-18
-4.763499537089153087e-17 7.269520867513558678e-17
2.374644562103270052e-16 -3.698161899724672068e-19
-2.929968840894295515e-17 2.426875907868159857e-15
1.117329335765393354e-15 -3.444810528980280966e-14
-1.227446723038658933e-15 4.773877541114372798e-13
-2.030655633505734056e-13 -6.320289907002293775e-12
5.482096471754233164e-12 7.721704751885579957e-11
-9.909712301170550942e-11 -8.651396416788172559e-10
1.446179499157087767e-09 8.813862711405855776e-09
-1.789307875271861968e-08 -8.080934288891346134e-08
1.904246539215281431e-07 6.581892387065338270e-07
-1.742904149248486841e-06 -4.683572904975673855e-06
1.359126017830733740e-05 2.846959137036600459e-05
-8.869229708489156949e-05 -1.431708313418638388e-04
4.706082841950113465e-04 5.667145421562700281e-04
-1.939352418458477811e-03 -1.613744618918557536e-03
5.735720539183644488e-03 2.646474872558565554e-03
-1.036480231310311917e-02 -1.554055186607626203e-04
7.112522142203584440e-03 -6.772142347679657726e-03
-1.407410967244347982e-03 3.822949019138952107e-03
3.325723661034551970e-02 1.117575233833475859e-15
-1.407410967245440857e-03 -3.822949019140012457e-03
7.112522142204448332e-03 6.772142347678144179e-03
-1.036480231310121271e-02 1.554055186581872064e-04
5.735720539183024325e-03 -2.646474872558844411e-03
-1.939352418458101376e-03 1.613744618918365415e-03
4.706082841946880374e-04 -5.667145421559412980e-04
-8.869229708420222019e-05 1.431708313405808211e-04
1.359126017781633442e-05 -2.846959136973563928e-05
-1.742904149847723476e-06 4.683572904461428295e-06
1.904246539240887502e-07 -6.581892390610425264e-07
-1.789307888806215304e-08 8.080934287247363710e-08
1.446179872114161877e-09 -8.813862273942877139e-09
-9.909666330168670713e-11 8.651398115369318261e-10
5.482250025128187958e-12 -7.721692907465086324e-11
-2.032751036278389177e-13 6.319775433147164529e-12
-1.182201342181301492e-15 -4.777249627823616615e-13
1.218465644652958840e-15 3.333049975681649817e-14
-7.395024514040630937e-16 -2.359430153338125402e-15
-3.427943227022037663e-17 6.250591080177533808e-16
1.765222251971539176e-16 -3.094368524532625600e-17
4.880855089494371558e-17 -2.848098903554916817e-17
-1.045287020494064290e-16 -1.914949215329710459e-16
4.095956400740134010e-15 -2.531380780347193643e-16
-6.016684462576771001e-14 2.401778421496443143e-15
8.182676532710500506e-13 -6.382372824319469474e-14
-1.040979626920297186e-11 1.224171119360086357e-12
1.218205155374936571e-10 -1.974389081624934745e-11
-1.301870718965138815e-09 2.766742827218708685e-10
1.258716640152451430e-08 -3.407215400387022432e-09
-1.088423960249175355e-07 3.691772426285808493e-08
8.295129362771594281e-07 -3.501251439842886900e-07
-5.465543262101230639e-06 2.876096627630358133e-06
3.031380546911451507e-05 -2.013300341359434669e-05
-1.360105017647367687e-04 1.172622713706528537e-04
4.617448672149040978e-04 -5.483715712749703342e-04
-1.029932997562493444e-03 1.945971108891098511e-03
8.639762670159571115e-04 -4.737710650668433207e-03
2.072266167621081637e-03 6.280932391630033446e-03
-4.877989268495197539e-03 -1.133577022601626495e-03
1.920765093178501866e-03 -3.224591985890370386e-03
-1.669640214480963905e-02 -1.025597489341447280e-15
1.920765093179403271e-03 3.224591985891190910e-03
-4.877989268495312031e-03 1.133577022601230328e-03
2.072266167620628440e-03 -6.280932391628840823e-03
8.639762670166387494e-04 4.737710650668411523e-03
-1.029932997562625716e-03 -1.945971108890810980e-03
4.617448672154331342e-04 5.483715712751847894e-04
-1.360105017648102776e-04 -1.172622713705353262e-04
3.031380546950204619e-05 2.013300341312587309e-05
-5.465543261531587430e-06 -2.876096627475093606e-06
8.295129363787858058e-07 3.501251439481611466e-07
-1.088423956867057102e-07 -3.691772395658796480e-08
1.258716690180282434e-08 3.407215520039007817e-09
-1.301870490619589799e-09 -2.766746874529072968e-10
1.218204939578735396e-10 1.974370731989420319e-11
-1.040937442620233230e-11 -1.224083616609220870e-12
8.185354427680406461e-13 6.374221379537639212e-14
-5.948344047795113415e-14 -2.553393397154917572e-15
4.119544359772273887e-15 -2.061128889126898246e-16
-7.220417939931427741e-16 -1.077323150232179929e-16
4.068855644176675768e-17 4.056365039025386770e-17
4.822491793827220452e-17 -7.557547548096792806e-17
-1.911460125025962773e-16 4.259738288961585199e-16
-7.331371276798307453e-16 -7.221310119501800191e-15
1.204979262815500347e-14 1.010078643018715564e-13
-2.120279285485555474e-13 -1.325252548455576339e-12
3.312298876433582448e-12 1.617293912152697905e-11
-4.626417640139154803e-11 -1.809764806814976038e-10
5.783763267629192603e-10 1.841799754167012407e-09
-6.452937862860363914e-09 -1.687257988634869593e-08
6.382748677964396795e-08 1.373559821479621406e-07
-5.540225153836434017e-07 -9.772599333265669609e-07
4.159691534003423872e-06 5.941613245473474983e-06
-2.648012991720837683e-05 -2.988763020746807965e-05
1.389306388209622743e-04 1.181688790643057474e-04
-5.759844181335634517e-04 -3.333209851451669000e-04
1.762763796676835269e-03 5.113660427880874952e-04
-3.502597286722612755e-03 2.436921796486790951e-04
3.203898876233483069e-03 -2.455640714539422675e-03
8.463162292472441867e-04 2.262995789696352865e-03
-1.795966167487942971e-03 1.577009863876381764e-03
7.459204138810290180e-03 1.003308561035028885e-15
-1.795966167487507989e-03 -1.577009863876500375e-03
8.463162292462809815e-04 -2.262995789695360169e-03
3.203898876232241875e-03 2.455640714541179517e-03
-3.502597286722810947e-03 -2.436921796485795383e-04
1.762763796676629271e-03 -5.113660427874755715e-04
-5.759844181334524294e-04 3.333209851451155088e-04
1.389306388201976407e-04 -1.181688790637117265e-04
-2.648012991672247130e-05 2.988763020751583198e-05
4.159691534169460117e-06 -5.941613244849088881e-06
-5.540225154264079776e-07 9.772599335196051343e-07
6.382748682979357267e-08 -1.373559821286027791e-07
-6.452937992702705316e-09 1.687257968511267627e-08
5.783760945404221724e-10 -1.841799803719258937e-09
-4.626425654108738117e-11 1.809764630496124176e-10
3.312399883261248092e-12 -1.617243165566527008e-11
-2.119346750410493017e-13 1.325237542465641662e-12
1.206497273580967697e-14 -1.000438492798749026e-13
-1.228846040713534069e-16 7.193581372563314551e-15
3.399284374286584213e-17 -7.850704385767146473e-16
-1.564803833451825276e-16 8.448079504491782406e-19
-5.533751468507345815e-17 -1.963326884088764275e-17
5.508037173206521949e-16 5.201317408577789399e-17
-1.160959192097402059e-14 1.858797596193411842e-15
1.588741109911748874e-13 -3.107788200852095490e-14
-2.017742783719698810e-12 4.883064766541634683e-13
2.365767117673419019e-11 -6.930478674107971954e-12
-2.533905081100208111e-10 8.904344518945738464e-11
2.457008323729289962e-09 -1.030870528986730903e-09
-2.132458577463328661e-08 1.068154483208278548e-08
1.632811274427941251e-07 -9.813202900500607804e-08
-1.082131699185773686e-06 7.893482579478660135e-07
6.044327896782368187e-06 -5.466443900928494949e-06
-2.732929180992298179e-05 3.185465051967087624e-05
9.325126236270364372e-05 -1.512146048917106334e-04
-2.043799898454995412e-04 5.568617107097626005e-04
1.177413172741039311e-04 -1.466077376926177862e-03
7.710929766575654997e-04 2.338119314543049641e-03
-1.991271660982936974e-03 -1.289745260256235961e-03
6.748132659864064216e-04 -9.492305085195896271e-04
1.211045568883983110e-03 -3.494723698263281757e-04
-2.892777817573843283e-03 -1.413118216682189576e-15
1.211045568882478237e-03 3.494723698255829494e-04
6.748132659865449827e-04 9.492305085189778118e-04
-1.991271660982737481e-03 1.289745260255774524e-03
7.710929766573137480e-04 -2.338119314543453398e-03
1.177413172740386351e-04 1.466077376926088523e-03
-2.043799898460756863e-04 -5.568617107099275076e-04
9.325126236242152076e-05 1.512146048916388050e-04
-2.732929181032932043e-05 -3.185465051951015005e-05
6.044327896590481343e-06 5.466443900969376994e-06
-1.082131699299603903e-06 -7.893482579929825882e-07
1.632811272050347032e-07 9.813202889396891280e-08
-2.132458620118124815e-08 -1.068154490020954782e-08
2.457008012008378815e-09 1.030870819613761983e-09
-2.533905044768482944e-10 -8.904334942437331447e-11
2.365734295291415238e-11 6.930377538191795211e-12
-2.017863276971843806e-12 -4.881597863078391602e-13
1.585122790896275972e-13 3.125601962720833118e-14
-1.164997436252729050e-14 -1.608709722763137881e-15
1.124419227034701812e-15 1.743954383366133349e-16
-7.697332388181933717e-17 -5.510362488256002619e-17
-4.101483015797143539e-17 6.027890765097035343e-17
-1.124523537124548094e-16 -1.156092524265030084e-15
4.319144966147755643e-15 1.832453288131423503e-14
-6.652826950200060874e-14 -2.409315025264595744e-13
9.640934776804353271e-13 2.944230344547389855e-12
-1.276164116538940166e-11 -3.309451854526201103e-11
1.534289145089889044e-10 3.385958348433431125e-10
-1.664547545109279171e-09 -3.121827424540821463e-09
1.615723272456503751e-08 2.561222575514621780e-08
-1.387794820336786946e-07 -1.839421123879506219e-07
1.039813115993448960e-06 1.130941596026869745e-06
-6.668891526638396635e-06 -5.762805698416202592e-06
3.568201362072707250e-05 2.308222294596158183e-05
-1.535252701432548842e-04 -6.533877335049782028e-05
5.019670839892373046e-04 9.184852492337767908e-05
-1.130088803331727324e-03 1.366948422759298046e-04
1.405413156612017513e-03 -8.972677276138876388e-04
-2.948010553829582278e-04 1.316322268531610338e-03
-5.803828033370290063e-04 -6.121758442219983144e-06
-5.799315592530390620e-04 -1.735306539229804082e-04
9.496466163297870734e-04 1.069431080550894611e-15
-5.799315592513776306e-04 1.735306539226633062e-04
-5.803828033366976741e-04 6.121758442492817539e-06
-2.948010553823387147e-04 -1.316322268532028189e-03
1.405413156611990842e-03 8.972677276134478864e-04
-1.130088803331585293e-03 -1.366948422757251072e-04
5.019670839891304023e-04 -9.184852492322006319e-05
-1.535252701426542362e-04 6.533877335018464848e-05
3.568201362033171818e-05 -2.308222294566061408e-05
-6.668891526742992498e-06 5.762805697980609123e-06
1.039813115801404145e-06 -1.130941596034902370e-06
-1.387794820579423240e-07 1.839421124883475313e-07
1.615723312572242544e-08 -2.561222581813310316e-08
-1.664547331289122627e-09 3.121827439798636046e-09
1.534292045599590752e-10 -3.385957366330749979e-10
-1.276167589863895130e-11 3.309421630665765990e-11
9.641259716837775413e-13 -2.944197990320308210e-12
-6.653311797928080364e-14 2.403398228027411797e-13
3.871327762246985235e-15 -1.826298151854267939e-14
-1.937391717686756211e-16 1.502663410005817872e-15
1.482345527611564095e-16 -2.559055797952003586e-17
1.232095075533373503e-16 -4.348182203474762271e-17
-1.807624846568937737e-15 4.140975749523462012e-16
2.711410170889998300e-14 -8.296761325317600235e-15
-3.460167837005110876e-13 1.234969460017690032e-13
4.078608069191145782e-12 -1.693411267487544950e-12
-4.401748282954167108e-11 2.121502309890485324e-11
4.305687780199521116e-10 -2.414411063989501924e-10
-3.775435730664503289e-09 2.476733975432756094e-09
2.925789944915729971e-08 -2.267974894604465108e-08
-1.966506129441855887e-07 1.831301010455277514e-07
1.116325146047217387e-06 -1.283487206693423989e-06
-5.136404497553775076e-06 7.646970378269534908e-06
1.777013248973834160e-05 -3.764016061933836470e-05
-3.812480555897007091e-05 1.468556338863086935e-04
5.095994901617902095e-06 -4.253548830130724585e-04
2.684370383150268833e-04 8.107756778666744832e-04
-7.998614594893229107e-04 -7.467659981578763772e-04
7.366384360430680437e-04 -1.125830125990711354e-04
1.712828571090597020e-04 2.504293557616688601e-04
1.618981449642124283e-04 2.336647988791763168e-04
-2.631594500789524661e-04 -1.024496797894499643e-15
1.618981449635886597e-04 -2.336647988793790897e-04
1.712828571093304001e-04 -2.504293557615452611e-04
7.366384360429533351e-04 1.125830125996277376e-04
-7.998614594891485709e-04 7.467659981578362617e-04
2.684370383151720037e-04 -8.107756778669388117e-04
5.095994901879333732e-06 4.253548830133412322e-04
-3.812480555885943486e-05 -1.468556338864945800e-04
1.777013249021960539e-05 3.764016061941984249e-05
-5.136404497537553548e-06 -7.646970378481377848e-06
1.116325146088141361e-06 1.283487206771907309e-06
-1.966506127055327323e-07 -1.831301009002037909e-07
2.925789982162937094e-08 2.267974900515165239e-08
-3.775435409373721259e-09 -2.476734104728020091e-09
4.305688216224215681e-10 2.414411362414677002e-10
-4.401714006739261825e-11 -2.121497167858584268e-11
4.078730705386668336e-12 1.693288151063662472e-12
-3.457335420757975049e-13 -1.235792363643249968e-13
2.705634599800130915e-14 8.004311427222549174e-15
-2.210254060911958341e-15 -6.176604100997054979e-16
2.058061845579679370e-16 9.166317106718408888e-17
1.927669158315795910e-17 -1.636671657798110414e-16
8.612288959826025756e-16 2.855838384908877663e-15
-1.517530725742355875e-14 -3.924249585813159293e-14
2.138639170669224708e-13 4.827877328109589919e-13
-2.784995191428624441e-12 -5.468341823052282024e-12
3.314633424078175568e-11 5.650774511652831044e-11
-3.580305981316117246e-10 -5.270188631743047677e-10
3.479820237479591756e-09 4.381953853389841713e-09
-3.011158250762783560e-08 -3.196253249526333677e-08
2.288975599621701401e-07 2.000554343763418072e-07
-1.502465593246903574e-06 -1.039769070597391176e-06
8.323465751637110203e-06 4.244560429081899946e-06
-3.770434346400009667e-05 -1.205582803526899564e-05
1.332767018139702903e-04 1.434686791074738002e-05
-3.405543316406663373e-04 5.339943473051587638e-05
5.411342984372127405e-04 -3.087286204780929260e-04
-3.321918654154423973e-04 6.135268492110748130e-04
-2.090044616529174388e-04 -3.438462701760220991e-04
5.911134909112400612e-05 -1.535280859667828438e-04
1.861224964011230719e-05 -1.306676874364763152e-04
7.177038448402525076e-05 7.837667087127725835e-16
1.861224964120587416e-05 1.306676874354212238e-04
5.911134909097561950e-05 1.535280859672801131e-04
-2.090044616528188577e-04 3.438462701760013908e-04
-3.321918654148576329e-04 -6.135268492113174574e-04
5.411342984372857073e-04 3.087286204779688390e-04
-3.405543316409340810e-04 -5.339943473034876016e-05
1.332767018138207517e-04 -1.434686791078677214e-05
-3.770434346406735109e-05 1.205582803479741513e-05
8.323465751558271764e-06 -4.244560428896800377e-06
-1.502465593196965053e-06 1.039769070609165145e-06
2.288975600397371558e-07 -2.000554344328044941e-07
-3.011158285669347482e-08 3.196253248620738328e-08
3.479820045951687609e-09 -4.381953728298771156e-09
-3.580306792895494435e-10 5.270188636391318819e-10
3.314634893624025503e-11 -5.650752835542106739e-11
-2.785030911833195915e-12 5.468381445237913336e-12
2.138936352448188733e-13 -4.822661975860430708e-13
-1.487594302745643037e-14 3.917861797043561962e-14
9.213723191520421692e-16 -3.098128969064763492e-15
-1.371471146416462489e-16 1.776344618588536684e-16
-2.537181358544798833e-16 1.381792023678716701e-16
4.008774471584153237e-15 -1.663505931895427878e-15
-5.390102220628844728e-14 2.509418590282796614e-14
6.409273004549491680e-13 -3.409939024239865194e-13
-6.993052011853100661e-12 4.253108545087384248e-12
6.930217846926443362e-11 -4.841078780132559560e-11
-6.167520738054828548e-10 4.991243658009977972e-10
4.861145223194755280e-09 -4.618146997184991152e-09
-3.330730147715626610e-08 3.790879870353513092e-08
1.931561987003286039e-07 -2.721179442779006414e-07
-9.084292960434242322e-07 1.676578695862809015e-06
3.189174795590585297e-06 -8.647990741064018132e-06
-6.541170695695853072e-06 3.606023579046526117e-05
-4.385705955739141172e-06 -1.152914609128731938e-04
8.611662911845457014e-05 2.582845813467217477e-04
-2.910862670247250559e-04 -3.338160157270471775e-04
4.210392722061029325e-04 1.014646123524448227e-04
-1.214817127669797674e-04 1.764005359808282745e-04
-8.823431424981624180e-05 1.970651327070638417e-05
-5.110564024820439435e-05 3.416211304765013490e-05
-2.999241764361663059e-05 -8.608565227939323933e-17
-5.110564024877197419e-05 -3.416211304765157146e-05
-8.823431424959093103e-05 -1.970651327058825695e-05
-1.214817127665916908e-04 -1.764005359808735942e-04
4.210392722057569636e-04 -1.014646123525356382e-04
-2.910862670243192932e-04 3.338160157270011531e-04
8.611662911877207875e-05 -2.582845813468534783e-04
-4.385705955876850942e-06 1.152914609127770793e-04
-6.541170695857763420e-06 -3.606023579044003314e-05
3.189174795492096965e-06 8.647990741132412655e-06
-9.084292962508934118e-07 -1.676578695952361997e-06
1.931561983252620178e-07 2.721179441325103477e-07
-3.330730161164915008e-08 -3.790879873440596798e-08
4.861145040765659614e-09 4.618146976707948972e-09
-6.167520117269368370e-10 -4.991243744604090738e-10
6.930184695892374466e-11 4.841072071339963762e-11
-6.993154532415225191e-12 -4.253013881740549091e-12
6.406893997281184214e-13 3.410575218626536286e-13
-5.378120475306713366e-14 -2.480021682748076272e-14
4.386396117256285320e-15 1.774010745541976700e-15
-3.807161832478692262e-16 -1.318958900105488048e-16
8.477686821938708740e-17 3.829131937988960747e-16
-2.737618240715529206e-15 -5.823079741586856817e-15
4.041607108260216205e-14 7.280891339657375090e-14
-5.248929424160714805e-13 -8.336668983280407383e-13
6.263961078666429712e-12 8.726300981144961438e-12
-6.813416277284075299e-11 -8.261482629545872388e-11
6.699821038081295851e-10 6.987072742268219972e-10
-5.897079336822071788e-09 -5.195801403569026489e-09
4.589433746363277997e-08 3.322918023879809318e-08
-3.109554423306598079e-07 -1.766994784187882560e-07
1.797648661909550510e-06 7.356910046856689169e-07
-8.628981495930793696e-06 -2.075193369782803744e-06
3.308230706733164425e-05 1.675127110413908940e-06
-9.537698138937300899e-05 1.755841247453047009e-05
1.856089531477512935e-04 -9.833754277741064032e-05
-1.871619732456085406e-04 2.439230679635790214e-04
-7.901651838682546006e-06 -2.621416617617389091e-04
1.123145822672866822e-04 1.729588345121153554e-05
3.538616679062650636e-05 3.508613189514549018e-05
2.908171407109380431e-05 9.261257818470064151e-06
1.790781687780270518e-05 1.241078846530149903e-16
2.908171407071707794e-05 -9.261257818685972849e-06
3.538616679168960047e-05 -3.508613189566495854e-05
1.123145822673713719e-04 -1.729588345072540978e-05
-7.901651839073223012e-06 2.621416617618589303e-04
-1.871619732454130860e-04 -2.439230679634003449e-04
1.856089531477409936e-04 9.833754277726886733e-05
-9.537698138926247458e-05 -1.755841247443503997e-05
3.308230706733564225e-05 -1.675127110267585693e-06
-8.628981495952703050e-06 2.075193369704226191e-06
1.797648662026702790e-06 -7.356910046628954832e-07
-3.109554423532781817e-07 1.766994784386333380e-07
4.589433788458486797e-08 -3.322918006669594711e-08
-5.897079274598263859e-09 5.195801344592781757e-09
6.699821079655760499e-10 -6.987072820032096981e-10
-6.813407742104372977e-11 8.261473948296752274e-11
6.264072511419672455e-12 -8.726223411982764025e-12
-5.248609014013901296e-13 8.333927399025948710e-13
4.023849923652714352e-14 -7.269084964538142836e-14
-2.799026855957435571e-15 5.937511201424295758e-15
2.468051067499619518e-16 -4.696064619209269875e-16
4.885061709086874206e-16 -3.588631351691061945e-16
-7.517370657812705641e-15 4.398519629019495197e-15
9.334224610913410607e-14 -6.019089774635715822e-14
-1.031751513460140390e-12 7.556595688300322351e-13
1.038783684825079986e-11 -8.683721757862987335e-12
-9.412922522538185053e-11 9.074682215119375014e-11
7.570192517686307534e-10 -8.550744286845075931e-10
-5.303986335572293916e-09 7.188436329865867735e-09
3.150363655671661841e-08 -5.321552487481503765e-08
-1.515867439985898131e-07 3.411954743637621153e-07
5.373120127063858573e-07 -1.853907968075852909e-06
-1.001797817486821499e-06 8.286953097583833584e-06
-2.246636879392457324e-06 -2.918615181528940616e-05
2.545524684498842892e-05 7.557758266863263345e-05
-9.620468355503100774e-05 -1.260495869898696194e-04
1.875705471590810862e-04 9.156864436403737602e-05
-1.480178462145279635e-04 4.672996129671905816e-05
-1.928142992350370929e-05 -5.772551546202732382e-05
5.939260084944876774e-06 -2.682871806923278890e-05
-5.990092926026518489e-06 -1.431978153228593039e-05
-9.181431542768454709e-06 2.269888070903937216e-16
-5.990092926148094822e-06 1.431978153173142536e-05
5.939260084338006466e-06 2.682871806914393514e-05
-1.928142992309207161e-05 5.772551546232537100e-05
-1.480178462147060709e-04 -4.672996129639732116e-05
1.875705471588192785e-04 -9.156864436444025199e-05
-9.620468355514501160e-05 1.260495869898446014e-04
2.545524684508723362e-05 -7.557758266860966192e-05
-2.246636879317987034e-06 2.918615181513253904e-05
-1.001797817489744186e-06 -8.286953097534868303e-06
5.373120126930894517e-07 1.853907968281306467e-06
-1.515867437044181822e-07 -3.411954741093078064e-07
3.150363648650968377e-08 5.321552489134107397e-08
-5.303986255891947581e-09 -7.188436309929744600e-09
7.570191379793637503e-10 8.550742990943780060e-10
-9.412899194759423271e-11 -9.074673232463442164e-11
1.038790242798039231e-11 8.683671784191385508e-12
-1.031601063520046551e-12 -7.558125091690738531e-13
9.315255182480235551e-14 6.000428568279775026e-14
-7.915502316010663856e-15 -4.493523809153876273e-15
7.020510213826648609e-16 3.176519981328596970e-16
-3.887036306246971488e-16 -7.289199407718253856e-16
6.756064538784168472e-15 1.020503563701860657e-14
-8.913628072499587505e-14 -1.189175503998635071e-13
1.072951708414296830e-12 1.263486009421547408e-12
-1.182888449275218708e-11 -1.216722006271066041e-11
1.183929859830854450e-10 1.049067185601775886e-10
-1.065975705510299579e-09 -7.969800917073863562e-10
8.537989153346588235e-09 5.216433796850762438e-09
-5.999465696146640864e-08 -2.839143849697077699e-08
3.633349259725276910e-07 1.201642287089248569e-07
-1.852466378249026688e-06 -3.295133387647816831e-07
7.697070803027519713e-06 4.002283204954226209e-08
-2.483431091525718659e-05 5.122846974076884160e-06
5.740455953028515663e-05 -2.893418654157745717e-05
-8.035600155829617712e-05 8.548287756707923218e-05
3.459668217546629473e-05 -1.343934562897472907e-04
5.029572765664319086e-05 7.461638290409603575e-05
-2.286013363090081034e-05 2.411333290910442208e-05
-1.421364794761597944e-05 5.121450779169031643e-06
-3.396029415952054708e-06 6.635822185702348248e-06
3.033088745622364615e-06 3.805004510275647306e-16
-3.396029415746921540e-06 -6.635822185538732823e-06
-1.421364794751256688e-05 -5.121450778423646884e-06
-2.286013363124442111e-05 -2.411333290939141039e-05
5.029572765663425975e-05 -7.461638290397478129e-05
3.459668217545089228e-05 1.343934562899038495e-04
-8.035600155816371472e-05 -8.548287756697535206e-05
5.740455953016747326e-05 2.893418654133690320e-05
-2.483431091533693983e-05 -5.122846974146711862e-06
7.697070802941156234e-06 -4.002283204638977089e-08
-1.852466378138457760e-06 3.295133387742020659e-07
3.633349259060607509e-07 -1.201642287707271072e-07
-5.999465725830537277e-08 2.839143844766060176e-08
8.537989129716167297e-09 -5.216433875143538937e-09
-1.065975698980989532e-09 7.969800728462335418e-10
1.183929911438861730e-10 -1.049067085420927780e-10
-1.182894397723404333e-11 1.216704845616911690e-11
1.072872855632572362e-12 -1.263183860529497134e-12
-8.901842000087320219e-14 1.188142663221261909e-13
6.745070618235748533e-15 -1.033553847318753783e-14
-5.060789176414412114e-16 8.810018301376140078e-16
-9.081572209907068012e-16 7.340146854380467833e-16
1.247323838291121408e-14 -9.594350342814560387e-15
-1.427598660449845353e-13 1.222478787012262084e-13
1.462577316478025543e-12 -1.426109948441105071e-12
-1.352320647667762656e-11 1.518729532910473500e-11
1.112063998730983182e-10 -1.464646852293987301e-10
-7.981129360787932306e-10 1.266877690415142842e-09
4.859234265719547722e-09 -9.712761375659891909e-09
-2.388431420582298249e-08 6.503259740836708222e-08
8.459989585086301133e-08 -3.731147841091330751e-07
-1.289440376103551285e-07 1.788384195632199611e-06
-7.504884094018445447e-07 -6.910191851869522212e-06
6.950649946858788615e-06 2.038435018081389462e-05
-2.903596455723228564e-05 -4.173267425189610254e-05
7.075761827857583882e-05 4.740146778667814296e-05
-9.034980655623951957e-05 -4.263632203135095152e-06
3.204989284276650769e-05 -3.997265925486492816e-05
1.787333952683252164e-05 4.910735006801496014e-06
6.544374391142065567e-06 5.102802222057470649e-06
3.461302790734499075e-06 -5.561971735299432845e-07
-2.532679157297144879e-07 -1.988184232382563729e-16
3.461302790565050134e-06 5.561971737422555868e-07
6.544374391514249303e-06 -5.102802222561337515e-06
1.787333952647067255e-05 -4.910735006895151600e-06
3.204989284311981530e-05 3.997265925484059460e-05
-9.034980655622917899e-05 4.263632203396793604e-06
7.075761827864178542e-05 -4.740146778662405482e-05
-2.903596455718953419e-05 4.173267425165986166e-05
6.950649946857286825e-06 -2.038435018074292003e-05
-7.504884094681638363e-07 6.910191851777864777e-06
-1.289440376464081594e-07 -1.788384195682543861e-06
8.459989561066933585e-08 3.731147839428132325e-07
-2.388431424038451416e-08 -6.503259735182924765e-08
4.859234204266050911e-09 9.712761370784739187e-09
-7.981127946345505602e-10 -1.266877521362959545e-09
1.112061998270435133e-10 1.464646524734762709e-10
-1.352325865515048482e-11 -1.518729441834330858e-11
1.462491284327781836e-12 1.426207102366442948e-12
-1.424998623121857440e-13 -1.220737338982174558e-13
1.286769174571805071e-14 9.682691986912198837e-15
-1.154494469323103242e-15 -7.204657301674366443e-16
9.853504342511188100e-16 1.265466355607013377e-15
-1.395118989530497621e-14 -1.603209451429454194e-14
1.702499406765268521e-13 1.732355254643899129e-13
-1.909636269889780967e-12 -1.698829538542269865e-12
1.952486378937699825e-11 1.494801275146119417e-11
-1.804304412085457582e-10 -1.161064921836129168e-10
1.491710936610147118e-09 7.777709899617960003e-10
-1.089677726289805445e-08 -4.325212636808433592e-09
6.923752383982223963e-08 1.847792993549983994e-08
-3.749647143529205302e-07 -4.740797046094987094e-08
1.683931780354769761e-06 -5.467374694898288713e-08
-6.029090596193097878e-06 1.358035572217920859e-06
1.617517521382159774e-05 -7.883423387207189352e-06
-2.896351148097042183e-05 2.690358009143336418e-05
2.508396645163796007e-05 -5.532903928286713894e-05
9.285697294768219514e-06 5.711112828664544901e-05
-2.695233788494723361e-05 -1.003737690005536746e-05
-2.214782178307370783e-06 -1.027096170205541691e-05
4.680852679584301029e-07 -4.543362287139595773e-06
-1.168678466858642964e-06 -1.226549916665551315e-06
-3.130049230101336652e-07 -1.313161245565413141e-16
-1.168678466351622382e-06 1.226549916572303576e-06
4.680852681042253842e-07 4.543362286640006423e-06
-2.214782177778901845e-06 1.027096170176008193e-05
-2.695233788492607812e-05 1.003737689994818560e-05
9.285697294745696908e-06 -5.711112828687015669e-05
2.508396645171844175e-05 5.532903928282876496e-05
-2.896351148079060351e-05 -2.690358009120968650e-05
1.617517521389565891e-05 7.883423387035919290e-06
-6.029090595974390583e-06 -1.358035572331858861e-06
1.683931780172056707e-06 5.467374700317799400e-08
-3.749647143412685862e-07 4.740797064648672056e-08
6.923752388272443194e-08 -1.847792993178669896e-08
-1.089677723566875099e-08 4.325212716419779829e-09
1.491710947156455289e-09 -7.777711386414447709e-10
-1.804305383499424590e-10 1.161065141041248405e-10
1.952503824745909137e-11 -1.494785320114786718e-11
-1.909541386102633808e-12 1.698614089069475961e-12
1.701912813165264575e-13 -1.730772231429382710e-13
-1.379780952055908954e-14 1.613347015143375609e-14
1.088486677461513714e-15 -1.436847926924566050e-15
1.569090582617813336e-15 -1.402571735898122197e-15
-1.843944958471077713e-14 1.829018905910602898e-14
1.943647598198790165e-13 -2.172479248091738624e-13
-1.836052335669489869e-12 2.365743560957036750e-12
1.545875377970907733e-11 -2.343130279534329883e-11
-1.137365407778150350e-10 2.091727813351970645e-10
7.095550825524978884e-10 -1.665189766621467151e-09
-3.550216909170783961e-09 1.166631381558594140e-08
1.235943700200815666e-08 -7.073922444169127375e-08
-1.148095410897328073e-08 3.632142780751975618e-07
-2.069972191379737106e-07 -1.532747614560689526e-06
1.758434644775592562e-06 5.088499987827563600e-06
-8.047881672535360466e-06 -1.237177260814359879e-05
2.344021747251278900e-05 1.905326616544778413e-05
-4.114909337801566242e-05 -1.097543380158266051e-05
3.383269394978685257e-05 -1.327979837683538745e-05
-2.709133811580772237e-07 1.599331491537200908e-05
-4.669884913997364963e-06 3.767093558263102867e-06
-2.264850717686385064e-06 1.092408946195825508e-06
-1.808748448515333126e-07 7.845664833738426938e-07
1.360264744391226607e-07 1.597285307449154574e-17
-1.808748449830502655e-07 -7.845664838899839143e-07
-2.264850717856363824e-06 -1.092408945886686646e-06
-4.669884914094548441e-06 -3.767093558156993356e-06
-2.709133809289695816e-07 -1.599331491500379708e-05
3.383269394961851663e-05 1.327979837673048241e-05
-4.114909337830633703e-05 1.097543380170069285e-05
2.344021747252699882e-05 -1.905326616542524627e-05
-8.047881672525910966e-06 1.237177260808691196e-05
1.758434644780876142e-06 -5.088499987698937412e-06
-2.069972190359401217e-07 1.532747614589978443e-06
-1.148095390667670468e-08 -3.632142780513575548e-07
1.235943699800073956e-08 7.073922449931605012e-08
-3.550216796223707900e-09 -1.166631382983236886e-08
7.095549407791257392e-10 1.665189633165797760e-09
-1.137363911184710340e-10 -2.091727197972331709e-10
1.545886638725003745e-11 2.343125338474128347e-11
-1.836069002155873095e-12 -2.365897155859931047e-12
1.941697814390613021e-13 2.170572406335148344e-13
-1.872279522965537006e-14 -1.824590436166328811e-14
1.728345430185521355e-15 1.407369285639752744e-15
-2.131505580865084793e-15 -1.962990107289629684e-15
2.543161069038908569e-14 2.262798615858377716e-14
-2.907323248448515257e-13 -2.267784479612446604e-13
3.043592306395208040e-12 2.036223340681213336e-12
-2.892004645049476843e-11 -1.616557060482011360e-11
2.471579574698048604e-10 1.106863911889492987e-10
-1.878569672546224089e-09 -6.266015014813447675e-10
1.252355783498447061e-08 2.671222397242172129e-09
-7.194335437420028125e-08 -5.960129676665370661e-09
3.479052812420083023e-07 -2.251899428772527616e-08
-1.370919730013752715e-06 3.319864460804450175e-07
4.191698796040138675e-06 -1.998694949397791466e-06
-9.141968096176893711e-06 7.708444950535554759e-06
1.175048581719217578e-05 -1.949692930626720740e-05
-2.773323174963430713e-06 2.927281466752886817e-05
-1.254141891592185138e-05 -1.862633749754354426e-05
8.357462191907279636e-06 -2.989003363251662079e-06
3.100761496338070868e-06 1.452489897597499108e-06
1.155713272129845149e-06 7.598201024467591469e-07
3.706337412132616629e-07 -1.104078168074583100e-07
2.810417092180190803e-08 3.177271754253444359e-16
3.706337412034519097e-07 1.104078166046861266e-07
1.155713272261800177e-06 -7.598201017820288657e-07
3.100761496482671250e-06 -1.452489897634329371e-06
8.357462191933227644e-06 2.989003363311539261e-06
-1.254141891602559766e-05 1.862633749768004870e-05
-2.773323174771871671e-06 -2.927281466778179221e-05
1.175048581704691302e-05 1.949692930607985049e-05
-9.141968096092593603e-06 -7.708444950472086580e-06
4.191698795930558022e-06 1.998694949309892739e-06
-1.370919729908345605e-06 -3.319864462400272423e-07
3.479052810928406652e-07 2.251899411283476710e-08
-7.194335434716170579e-08 5.960129524191040136e-09
1.252355788362756934e-08 -2.671222405513352493e-09
-1.878569667097956385e-09 6.266016368296415531e-10
2.471580410683626029e-10 -1.106862959291050917e-10
-2.892027261268145206e-11 1.616548750034849203e-11
3.043482793881407889e-12 -2.036051314624054757e-12
-2.907752578557712172e-13 2.265839978523012112e-13
2.527732989631858347e-14 -2.275248883458673320e-14
-2.071889190671370305e-15 2.090816830684450925e-15
-2.240739753208346848e-15 2.546692661977322346e-15
2.423244240290404010e-14 -3.088822361698586599e-14
-2.356358576084957489e-13 3.447552533607848179e-13
2.032762858689886495e-12 -3.514120235996576326e-12
-1.533531893527165452e-11 3.244873660411187866e-11
9.791265275660342402e-11 -2.687106741981211918e-10
-4.960654587631267196e-10 1.972195739415152618e-09
1.653990819198552072e-09 -1.264116785315099754e-08
1.857376002185104674e-10 6.943432222499609286e-08
-5.020276368730107235e-08 -3.186589566067620932e-07
4.128684709071761768e-07 1.178941792687070599e-06
-2.056572220262746607e-06 -3.326233923622529766e-06
6.955169700168625320e-06 6.465842997338803868e-06
-1.550054477859242976e-05 -6.618103272355021379e-06
1.990657516572235026e-05 -1.447685876555201441e-06
-9.319327846029151776e-06 9.955022889678158187e-06
-3.279354711922552747e-06 -3.706244407854713867e-06
-1.506299579253096862e-08 -1.947160065906676399e-06
4.133754357697003054e-08 -7.575337826595348878e-07
-1.395331210773255832e-07 -1.363580555450870595e-07
-4.959742413107551650e-08 -1.231315991976600000e-17
-1.395331208740380464e-07 1.363580554533674733e-07
4.133754362619147245e-08 7.575337824178623060e-07
-1.506299608035890178e-08 1.947160066144066700e-06
-3.279354712045877779e-06 3.706244407944985133e-06
-9.319327845834618802e-06 -9.955022889575463913e-06
1.990657516581815646e-05 1.447685876552242543e-06
-1.550054477868739570e-05 6.618103272343630480e-06
6.955169700168847243e-06 -6.465842997358280544e-06
-2.056572220201710260e-06 3.326233923578265942e-06
4.128684709260385417e-07 -1.178941792743224225e-06
-5.020276377242064406e-08 3.186589565602059331e-07
1.857375577175306378e-10 -6.943432223128870063e-08
1.653990758259352119e-09 1.264116790805707608e-08
-4.960653281047715400e-10 -1.972195659204635210e-09
9.791248220433147240e-11 2.687105937076205166e-10
-1.533539889961244532e-11 -3.244869466388976098e-11
2.032772582969802709e-12 3.514227701011506530e-12
-2.355330467978382448e-13 -3.444682298122665773e-13
2.444247358757928161e-14 3.088006085768324978e-14
-2.408754410483476222e-15 -2.548888243474455234e-15
3.772443166660742758e-15 2.800491944913008679e-15
-4.235882781969355127e-14 -2.920331103604710778e-14
4.539213574022661010e-13 2.675953410850047383e-13
-4.439363604852720330e-12 -2.168226188868095504e-12
3.923593683239222345e-11 1.513709420058268904e-11
-3.102556451387594021e-10 -8.674033241128699618e-11
2.167954554793260132e-09 3.625336471186883520e-10
-1.318083265981161885e-08 -5.930812061722367042e-10
6.833906396615681968e-08 -6.363887474530426994e-09
-2.940342482444352300e-07 7.580741178912271461e-08
1.009234670434470083e-06 -4.751080358445289487e-07
-2.592870592846382671e-06 2.036194899140045788e-06
4.394211428520968200e-06 -6.086776900592181444e-06
-3.214479709619022132e-06 1.194585042887926299e-05
-3.210109221088338624e-06 -1.299984707565174719e-05
7.099637832004020636e-06 4.050039996752344835e-06
-1.221710887791026375e-06 2.511360833416830751e-06
-9.912956834721675575e-07 4.797362049047690165e-07
-3.711404969588179229e-07 1.841757122032559667e-07
-2.537701429298822399e-08 9.348108996390961754e-08
1.660396172403544366e-08 -3.516130567012373742e-17
-2.537701441936170491e-08 -9.348108961745818669e-08
-3.711404969418931987e-07 -1.841757122638591888e-07
-9.912956835608544482e-07 -4.797362049877903156e-07
-1.221710887745545788e-06 -2.511360833626296069e-06
7.099637832206171825e-06 -4.050039996771754595e-06
-3.210109221258869650e-06 1.299984707568502880e-05
-3.214479709387057501e-06 -1.194585042882989452e-05
4.394211428553303683e-06 6.086776900691712050e-06
-2.592870592790954105e-06 -2.036194898977607738e-06
1.009234670356405409e-06 4.751080359225654589e-07
-2.940342481346524015e-07 -7.580741158689959386e-08
6.833906400444112071e-08 6.363887457608667471e-09
-1.318083273136612500e-08 5.930812003245040433e-10
2.167954572273750794e-09 -3.625337582028026613e-10
-3.102556498465173929e-10 8.674035008298470832e-11
3.923617011863110034e-11 -1.513697653679329898e-11
-4.439335386108810757e-12 2.168035159938695973e-12
4.539709745843516787e-13 -2.674037870320112764e-13
-4.218937005941128677e-14 2.924965344895722615e-14
3.663266236720444056e-15 -2.919385450192139621e-15
2.834744453282493591e-15 -4.119893326708295024e-15
-2.830346370362850569e-14 4.685581183506808430e-14
2.513968299219500736e-13 -4.926079300410123002e-13
-1.943933368586693932e-12 4.712906318285805521e-12
1.267886114377512684e-11 -4.065512944422407197e-11
-6.457338709153559984e-11 3.128624975671798385e-10
1.975801632437525504e-10 -2.119955444701850259e-09
3.994902541226640473e-10 1.244101862085317990e-08
-1.094289773844309780e-08 -6.187902431549251109e-08
8.976100735727950743e-08 2.531968034980334171e-07
-4.843838024793777419e-07 -8.154468856281883162e-07
1.865594204299918824e-06 1.918111283269670154e-06
-5.040123321851177089e-06 -2.795240066523619472e-06
8.801761324036032829e-06 1.104392188863459034e-06
-8.063362367267186510e-06 3.530727520962245325e-06
1.296176181962147763e-06 -4.634759527689542745e-06
1.599077892531565187e-06 7.804338839883231628e-08
4.845191152189203960e-07 3.906057188364050726e-07
1.850167128007663227e-07 1.281907334473602630e-07
4.791186200973449455e-08 -9.625411955782827890e-09
4.537003937630504039e-09 -1.946626666054541467e-16
4.791186262614436512e-08 9.625411863928654377e-09
1.850167127183935862e-07 -1.281907336242327861e-07
4.845191155467031943e-07 -3.906057188335026613e-07
1.599077892397845154e-06 -7.804338844915823621e-08
1.296176182001680061e-06 4.634759527848736658e-06
-8.063362367223906514e-06 -3.530727520971801974e-06
8.801761324176321814e-06 -1.104392188898858871e-06
-5.040123321901290099e-06 2.795240066567126049e-06
1.865594204222826120e-06 -1.918111283226245740e-06
-4.843838025873267971e-07 8.154468857348885272e-07
8.976100752113342533e-08 -2.531968034396302307e-07
-1.094289757012488613e-08 6.187902430581527878e-08
3.994901694078510386e-10 -1.244101871257047488e-08
1.975801080179813963e-10 2.119955395152496172e-09
-6.457332488865733084e-11 -3.128623542139823651e-10
1.267891780635682061e-11 4.065508215288510713e-11
-1.943975415116848613e-12 -4.712941936955033195e-12
2.512893979909007633e-13 4.924546228159729062e-13
-2.845637456899951664e-14 -4.684650525584836874e-14
2.957310747075310214e-15 4.097664847170874533e-15
-6.145833836459946472e-15 -3.635993845375967400e-15
6.585510943064289149e-14 3.430966693449795492e-14
-6.621503504939295779e-13 -2.836178235692279701e-13
6.051808231827457924e-12 2.012091342907013624e-12
-4.975160685921539109e-11 -1.158224417974522591e-11
3.638456494330267805e-10 4.618791886365842233e-11
-2.334864881172105172e-09 -2.701655135020432532e-11
1.292009928758265526e-08 -1.532301572512605299e-09
-6.024074098502177418e-08 1.642527605991783862e-08
2.291133082216240536e-07 -1.072681602797344997e-07
-6.762718493045447046e-07 5.039111314868383179e-07
1.416212204629260037e-06 -1.730096911632142891e-06
-1.672384411370388831e-06 4.173170701220788919e-06
-1.159240663723550227e-07 -6.395848903038361141e-06
3.202653487778108815e-06 4.806967108293529528e-06
-2.823042063125957318e-06 -5.043088261239118778e-08
-3.159598374950004652e-07 -8.743920242470674603e-07
8.127432730859147883e-08 -3.414898410382544182e-07
1.353310419872868753e-08 -1.213523727630066566e-07
-1.596934923019428379e-08 -1.984501418136021406e-08
-6.093155452400217861e-09 -1.566472905850717669e-16
-1.596934950803019940e-08 1.984501409948968206e-08
1.353310395911067682e-08 1.213523729614983458e-07
8.127432748893654588e-08 3.414898407146145110e-07
-3.159598373205496358e-07 8.743920241307514137e-07
-2.823042063387512622e-06 5.043088264996380908e-08
3.202653487749186875e-06 -4.806967108263607242e-06
-1.159240665397325844e-07 6.395848903048302767e-06
-1.672384411347190504e-06 -4.173170701428714332e-06
1.416212204665223997e-06 1.730096911481409566e-06
-6.762718493443064428e-07 -5.039111314843837222e-07
2.291133082241080041e-07 1.072681601719187199e-07
-6.024074104088923512e-08 -1.642527602946882066e-08
1.292009935087812861e-08 1.532301609047042966e-09
-2.334864924845666563e-09 2.701667696919791549e-11
3.638456232952040644e-10 -4.618796078654993649e-11
-4.975179264120819000e-11 1.158216141355253927e-11
6.051813596621219529e-12 -2.012012217243559000e-12
-6.621964196402468720e-13 2.835380364558593130e-13
6.571527575447150023e-14 -3.436739519279677694e-14
-6.021305929195069171e-15 3.702441896793397094e-15
-3.140507046416585892e-15 5.891318966654035267e-15
2.864065563550789808e-14 -6.355950913715192757e-14
-2.276047483009671597e-13 6.310947298005050126e-13
1.512253172290748182e-12 -5.677823755005155057e-12
-7.663763710800948579e-12 4.585308759077102381e-11
1.985106617702889346e-11 -3.285267201422119624e-10
1.187292822335328866e-10 2.058221462962378456e-09
-2.141410251071967787e-09 -1.106705222095770529e-08
1.784351552112466115e-08 4.980918221835128781e-08
-1.040153069487283783e-07 -1.810224233105140634e-07
4.503663841793176567e-07 5.017290884694930586e-07
-1.433251707089970090e-06 -9.491663323582892231e-07
3.176012234067862453e-06 8.661118271043597279e-07
-4.345621540218376263e-06 6.767204659889293162e-07
2.636141806422675667e-06 -2.524902896914534360e-06
4.137298500863147995e-07 1.560339860385479694e-06
-4.019856035894341340e-07 3.724203399037705570e-07
-1.951497907451297780e-07 4.089435011512943404e-08
-6.142563645089734308e-08 2.416335417816469148e-08
-5.222729938463097551e-09 1.187481098413860803e-08
1.492233451088895170e-09 2.304227066355558768e-16
-5.222729909002253534e-09 -1.187481078334412581e-08
-6.142563620647649673e-08 -2.416335425298017356e-08
-1.951497908406196932e-07 -4.089435034935279118e-08
-4.019856032642950844e-07 -3.724203398329966132e-07
4.137298499836248660e-07 -1.560339860443834971e-06
2.636141806497547874e-06 2.524902896717190083e-06
-4.345621540321473726e-06 -6.767204659313464282e-07
3.176012234129796232e-06 -8.661118272044611287e-07
-1.433251707156669700e-06 9.491663323588152306e-07
4.503663842279670470e-07 -5.017290884306192227e-07
-1.040153069956249265e-07 1.810224233261216248e-07
1.784351538653395810e-08 -4.980918214926767106e-08
-2.141410099932707598e-09 1.106705223415197721e-08
1.187293365498827276e-10 -2.058221398662648697e-09
1.985103496530857920e-11 3.285266271823654593e-10
-7.663793990735310860e-12 -4.585305239250766919e-11
1.512239981148743698e-12 5.677837978300260015e-12
-2.275340104807983911e-13 -6.309438744410526443e-13
2.877368751168293102e-14 6.359781023035213476e-14
-3.238418447323546958e-15 -5.883377627348121198e-15
9.607024510170678376e-15 4.370716356228180716e-15
-9.809331249665232202e-14 -3.693016643504098860e-14
9.265821583870995782e-13 2.652312910367575333e-13
-7.916728819431301836e-12 -1.519546089285188933e-12
6.052436557511394937e-11 5.540226359699595821e-12
-4.090300270623463908e-10 7.374528474633477007e-12
2.406339413433663370e-09 -3.403520699093025270e-10
-1.208068092811539750e-08 3.461734644550853862e-09
5.036801421792866928e-08 -2.356867394712668750e-08
-1.675541840792635682e-07 1.200722743469246372e-07
4.158446205768117821e-07 -4.634839874598180579e-07
-6.657192770933210933e-07 1.318970122603934945e-06
3.552729283016989592e-07 -2.590718835700853970e-06
9.536219071190649012e-07 3.051691409736879708e-06
-1.941366393698725648e-06 -1.397524431489117656e-06
8.165650188560717342e-07 -4.824377711981510082e-07
2.885630121314020261e-07 1.408584601694815295e-07
6.828034264226947853e-08 9.004854325959311005e-08
2.706251453766052872e-08 2.352852565111934109e-08
6.707125832672736378e-09 -1.817775191169550027e-10
9.228796363857868981e-10 1.126743369004796134e-16
6.707125557740174258e-09 1.817774066474057858e-10
2.706251441167115077e-08 -2.352852576068146463e-08
6.828034236373864187e-08 -9.004854280736694437e-08
2.885630118808258575e-07 -1.408584599960564569e-07
8.165650190942528461e-07 4.824377710888966752e-07
-1.941366393648240791e-06 1.397524431649375654e-06
9.536219071454702005e-07 -3.051691409720943207e-06
3.552729282017834821e-07 2.590718835768129985e-06
-6.657192770922699254e-07 -1.318970122672305539e-06
4.158446205404581338e-07 4.634839875064662799e-07
-1.675541842101811129e-07 -1.200722743262787649e-07
5.036801420879242632e-08 2.356867390475903585e-08
-1.208068097162652544e-08 -3.461734669318890506e-09
2.406339612008635139e-09 3.403520113518964075e-10
-4.090299163270416347e-10 -7.374458098240573282e-12
6.052457849864292430e-11 -5.540174840334317179e-12
-7.916661469202051533e-12 1.519484925304968042e-12
9.266310695440348954e-13 -2.651412374553990177e-13
-9.805817568214250934e-14 3.693157816896438815e-14
9.539206841577051698e-15 -4.420274889368411381e-15
2.895757419573256241e-15 -7.256155880404270614e-15
-2.337933904347955457e-14 7.435679424949081186e-14
1.580271705154810714e-13 -6.990313558285732646e-13
-7.848916737604231600e-13 5.929896081875410305e-12
1.411011837700623926e-12 -4.494591046827263959e-11
2.412155518207739943e-11 3.005275355771044491e-10
-3.629113924875897992e-10 -1.744282353012012788e-09
3.109197587913436277e-09 8.603290252722147224e-09
-1.954845722784496496e-08 -3.501093295322110676e-08
9.435394035776790330e-08 1.124026826750035619e-07
-3.473479635457032189e-07 -2.630030741405545757e-07
9.391794177719895596e-07 3.694493104770774386e-07
-1.725930298416650285e-06 -5.044084989710702345e-08
1.822219086505460440e-06 -8.463377125308798639e-07
-5.933403704847190610e-07 1.264629352927096296e-06
-3.959388600903518706e-07 -3.378288194651961118e-07
1.081907585305806455e-08 -1.907801362757731840e-07
3.045116894446055599e-08 -5.769388329136902330e-08
4.853326700071807976e-09 -1.868637811270806091e-08
-1.649995001842339206e-09 -3.115529016214486997e-09
-8.184259663573384015e-10 -1.758459537446417132e-16
-1.649994760658414172e-09 3.115529245422550886e-09
4.853326439212873636e-09 1.868637841261637796e-08
3.045116897165030698e-08 5.769388327714410419e-08
1.081907571318171047e-08 1.907801360752727032e-07
-3.959388598552099658e-07 3.378288196513053440e-07
-5.933403704732654815e-07 -1.264629352936072939e-06
1.822219086552800688e-06 8.463377122763649921e-07
-1.725930298591979329e-06 5.044085001403317203e-08
9.391794179466088957e-07 -3.694493103023128364e-07
-3.473479635303664168e-07 2.630030740220000328e-07
9.435394037423268855e-08 -1.124026827050591629e-07
-1.954845705110327863e-08 3.501093278280958551e-08
3.109197462418553516e-09 -8.603290255149411124e-09
-3.629113754461453071e-10 1.744282256273336930e-09
2.412148740509486606e-11 -3.005274818086637431e-10
1.411007903559602394e-12 4.494589526522675793e-11
-7.849553167211225979e-13 -5.929921980621765991e-12
1.580636051109186759e-13 6.989682664309830066e-13
-2.342078273777068285e-14 -7.443104375181025389e-14
2.998831501660099779e-15 7.274830690702371573e-15
-1.500426255737970237e-14 -4.939892692044356897e-15
1.453619969685634878e-13 3.574349310242449770e-14
-1.292163060123704950e-12 -2.019255208753960210e-13
1.033669682407282460e-11 6.272770477347770425e-13
-7.357460731623095546e-11 3.218662234879131966e-12
4.596988935909664453e-10 -7.408168475212596015e-11
-2.477794960717122320e-09 7.393539558865209729e-10
1.125716484970875459e-08 -5.265333152947627326e-09
-4.170720300516165272e-08 2.894289361383286098e-08
1.195816467491497980e-07 -1.239979160355940543e-07
-2.398076177955595618e-07 4.058224479634460315e-07
2.466369108126400261e-07 -9.684795376596329580e-07
1.705467324003590485e-07 1.542063094192896910e-06
-9.058417843901299585e-07 -1.342761835885423472e-06
9.650998499864919071e-07 2.431946029211324090e-07
-1.393028720454045119e-07 2.974969345613384808e-07
-1.077782442744672084e-07 3.019752767793467275e-08
-3.620342999367715853e-08 -2.662363409059047299e-09
-1.030148057358041048e-08 2.142915420317996090e-09
-1.164456199735741806e-09 1.538286899271130541e-09
1.456877400747508682e-10 -5.815062927621654810e-17
-1.164456180786377728e-09 -1.538286957767680414e-09
-1.030148061720051118e-08 -2.142915703379990009e-09
-3.620342980362612623e-08 2.662363262729337378e-09
-1.077782441869749518e-07 -3.019752787213615988e-08
-1.393028722246481714e-07 -2.974969344694296885e-07
9.650998499182934728e-07 -2.431946030205814885e-07
-9.058417843426405270e-07 1.342761836000560237e-06
1.705467324752238703e-07 -1.542063094125594849e-06
2.466369108051996886e-07 9.684795376232780922e-07
-2.398076178441242487e-07 -4.058224478625131620e-07
1.195816469572952011e-07 1.239979161417847220e-07
-4.170720306879912555e-08 -2.894289352078477302e-08
1.125716496241977936e-08 5.265333266552581222e-09
-2.477795114602672601e-09 -7.393539254141203696e-10
4.596989151408043901e-10 7.408151168185564586e-11
-7.357478532231437709e-11 -3.218603970296869858e-12
1.033668334156942675e-11 -6.272116667062220589e-13
-1.292249290305312027e-12 2.019286150631647183e-13
1.453787487831488512e-13 -3.581398182920209430e-14
-1.498129092718508155e-14 4.892790445551178980e-15
-1.803289500341656302e-15 6.623133506774916687e-15
1.219620901821884083e-14 -6.438719242432265611e-14
-5.793136573972912021e-14 5.742544363104934165e-13
2.338395368944929955e-14 -4.607387222113780882e-12
3.312792817104439559e-12 3.288227603584351554e-11
-4.554550090341127777e-11 -2.058378533539993409e-10
4.044847017140888167e-10 1.109945522310278204e-09
-2.740691137326425376e-09 -5.031187251225307425e-09
1.466427170092863472e-08 1.849927502308880199e-08
-6.171243991820178835e-08 -5.203115823718508253e-08
1.988088198339967087e-07 9.905727710468792256e-08
-4.648608909974996623e-07 -7.994010065390603913e-08
7.128660168866255477e-07 -1.467859404014819660e-07
-5.613701860727098276e-07 4.886042528194396180e-07
1.833495793060781006e-08 -4.379112455949234885e-07
1.536672014896080557e-07 2.218015711115254404e-09
4.020027281778222283e-08 4.746099388574839967e-08
8.170824217094274049e-09 2.040683739546232189e-08
3.768104590318415547e-09 4.866613692176168373e-09
9.708966661679485839e-10 9.801137368998045893e-11
4.251640234935172123e-11 7.919887561108220388e-17
9.708965511689114268e-10 -9.801158173463799232e-11
3.768105256034658795e-09 -4.866613731994488256e-09
8.170823853185423016e-09 -2.040683755906833046e-08
4.020027278588293556e-08 -4.746099371201594016e-08
1.536672014050471684e-07 -2.218015756031030144e-09
1.833495792907084561e-08 4.379112456024772753e-07
-5.613701861651641090e-07 -4.886042526958319941e-07
7.128660170054995279e-07 1.467859403245281757e-07
-4.648608911484306632e-07 7.994010060410852218e-08
1.988088198472087022e-07 -9.905727711960116844e-08
-6.171243993650667326e-08 5.203115820633464043e-08
1.466427164312742900e-08 -1.849927489979897760e-08
-2.740691143383062914e-09 5.031187291479510959e-09
4.044847514653007184e-10 -1.109945527100159565e-09
-4.554546974437623576e-11 2.058378007416142131e-10
3.312748827861696885e-12 -3.288224403978938770e-11
2.336896851152511765e-14 4.607379129064417374e-12
-5.794267379115536272e-14 -5.741875011933487621e-13
1.222905241670415230e-14 6.438592419920284584e-14
-1.830348100851101043e-15 -6.623557643650934574e-15
2.456351946238052556e-14 5.206128301539496336e-15
-2.252078113632470998e-13 -2.821775784460603104e-14
1.892791066037733404e-12 6.429980935140973151e-14
-1.425260843514356246e-11 9.334355122681718730e-13
9.497777336556146475e-11 -1.681902341409778287e-11
-5.516892871696306444e-10 1.692021157296871223e-10
2.738309248350844632e-09 -1.272345762531690271e-09
-1.129906364995735428e-08 7.579155457034097753e-09
3.717947522480280308e-08 -3.604736354870497699e-08
-9.063897982969234164e-08 1.348384172865561794e-07
1.367898420564768269e-07 -3.832572707568846621e-07
-2.940024189677110832e-08 7.784767560395567612e-07
-3.692090331719990345e-07 -1.005326927119035750e-06
7.446791862309548956e-07 6.081429855498945504e-07
-4.819407576979265937e-07 7.557684959316561615e-08
-3.152533974539423949e-08 -1.402451287676566003e-07
2.575782479908469339e-08 -3.960969073489898926e-08
9.352527725388553061e-09 -8.913264949154351149e-09
9.479767325268144457e-10 -2.433132552007892676e-09
-1.940997428265722990e-10 -1.980010026722264045e-10
-9.280535304948819321e-12 1.204812835643335031e-16
-1.941000903290280143e-10 1.980011692521749382e-10
9.479764253752473476e-10 2.433132497171224930e-09
9.352527846252263331e-09 8.913265403288175650e-09
2.575782488160716613e-08 3.960969061105414322e-08
-3.152533969076557086e-08 1.402451287281128936e-07
-4.819407577590976190e-07 -7.557684956531292291e-08
7.446791862566082413e-07 -6.081429857383861686e-07
-3.692090333438290911e-07 1.005326927063615655e-06
-2.940024195622746440e-08 -7.784767559678975621e-07
1.367898421765800902e-07 3.832572704875069561e-07
-9.063897997886455806e-08 -1.348384174319664578e-07
3.717947535134681225e-08 3.604736354179103085e-08
-1.129906371267780475e-08 -7.579155535437578315e-09
2.738309461006846207e-09 1.272345737009615633e-09
-5.516894167825903130e-10 -1.692020109943104438e-10
9.497795945297164738e-11 1.681896059105007137e-11
-1.425262313992151803e-11 -9.334480883161384103e-13
1.892823999756722762e-12 -6.430870227008624567e-14
-2.251903846346362549e-13 2.822742545461095635e-14
2.449429408005087042e-14 -5.110471971097890886e-15
