5.092464176713924522e-16 -6.479756583643262215e-16
-1.987528274879702991e-16 3.792378262572647900e-16
6.108525606417928652e-16 -2.491569918701268010e-16
-2.368396766128427084e-17 9.628959419674369148e-16
-1.178807844955691421e-16 3.915746988094965429e-16
-2.231331529332712157e-16 6.703952028305205741e-15
2.263109600550895846e-14 -1.029613582528058180e-13
-4.921337091732515017e-13 1.489299565807172572e-12
9.199798403857058704e-12 -1.995616582981989801e-11
-1.507669964936056948e-10 2.440074141283442445e-10
2.197048685971388605e-09 -2.688402135167178619e-09
-2.857513777919451537e-08 2.619301616133916658e-08
3.310631095262391267e-07 -2.187575461765070020e-07
-3.394921865335225046e-06 1.468867504589614442e-06
3.048110914917904275e-05 -6.536107592160315803e-06
-2.362101295804587390e-04 -3.012710289586066251e-06
1.546823310383784551e-03 4.301409337383174311e-04
-8.509423682438600756e-03 -5.563509673389826875e-03
4.700329198781373619e-02 4.584813308837273199e-02
-2.707232084574869302e-01 -1.770341496403699810e-01
7.553891084966039005e-01 0.000000000000000000e+00
-2.707232084574859865e-01 1.770341496403514681e-01
4.700329198781311169e-02 -4.584813308837569490e-02
-8.509423682442181225e-03 5.563509673384176880e-03
1.546823310384020256e-03 -4.301409337444803073e-04
-2.362101295805591904e-04 3.012710289259605777e-06
3.048110914858683459e-05 6.536107592738539456e-06
-3.394921863049896273e-06 -1.468867506944809669e-06
3.310631098288702345e-07 2.187575462072846853e-07
-2.857513811540985415e-08 -2.619301744627946217e-08
2.197048959318050276e-09 2.688402140129402027e-09
-1.507675936174981725e-10 -2.440087514996058476e-10
9.200501631829531862e-12 1.995759914855006872e-11
-4.927151626731232670e-13 -1.489188781895659646e-12
2.204590080358976303e-14 1.019498298307300161e-13
-1.337627296673188079e-15 -6.351684963696168915e-15
-3.627612215085952892e-16 1.080587989246211890e-15
-2.151301465996821505e-16 -8.529915718008176852e-16
-2.132958649029886616e-16 2.030155299955865670e-17
-1.166324634293650196e-17 1.704284408367705484e-16
2.277938731287590628e-16 -2.859145988899306183e-16
-2.020358082270746970e-16 -1.294799879145725988e-16
5.535571708952805909e-16 1.351720994502598223e-16
-1.770584634298679357e-16 -2.888091495707733449e-16
2.831823480604902287e-16 4.004742005805646587e-16
-1.123295998990976557e-15 -1.025367649349199628e-16
2.605449732414597656e-14 2.704120059421596375e-15
-3.934599992095320618e-13 -7.424501660958250822e-14
5.487647257506092924e-12 1.641717137497597379e-12
-7.016684978530969796e-11 -2.994525991997726918e-11
8.146177534258904454e-10 4.717799538513341995e-10
-8.470521830867895591e-09 -6.532421169387414967e-09
7.734332276087472441e-08 7.982742305730800249e-08
-6.006235597551267297e-07 -8.582357946197840960e-07
3.726971379802473615e-06 8.046404980404619605e-06
-1.550609659483651682e-05 -6.482194543705059641e-05
3.474369680289779983e-06 4.386288222004217758e-04
6.268830883543074399e-04 -2.405701366529003002e-03
-6.372147172808185177e-03 1.005442723951013861e-02
3.818185915295930349e-02 -2.814515272252368985e-02
-1.526173028251754382e-01 3.743264851051496950e-02
3.537664660102906589e-01 -8.435869532418892513e-15
-1.526173028251606723e-01 -3.743264851050277786e-02
3.818185915295729815e-02 2.814515272251930100e-02
-6.372147172806921431e-03 -1.005442723951078740e-02
6.268830883534901683e-04 2.405701366527770481e-03
3.474369680066932814e-06 -4.386288222009145457e-04
-1.550609659479543234e-05 6.482194543680011860e-05
3.726971379965472400e-06 -8.046404979746066735e-06
-6.006235600219254851e-07 8.582357945733255035e-07
7.734332391655382509e-08 -7.982742338063753823e-08
-8.470521724866678708e-09 6.532421151219665017e-09
8.146178706846360401e-10 -4.717800646119373957e-10
-7.016701220397580724e-11 2.994466063453871090e-11
5.487251702532971874e-12 -1.641705414365705121e-12
-3.937262397408829972e-13 7.396220606012748464e-14
2.618501945174517070e-14 -2.435676012023424768e-15
-1.896911630143283168e-15 -1.200629129612767169e-16
1.025829577899328760e-16 -7.826774252250540042e-17
-7.051685395555515948e-17 -1.866846317657769199e-16
-8.998335229640863055e-16 1.481446306021214934e-17
3.427748304804864650e-16 2.421096978062837848e-16
-3.288492347126238874e-16 4.510216085232680505e-16
1.430668704412654422e-16 -2.945248302002185376e-16
-1.496698717337492265e-16 1.133468273589760875e-16
-1.253708333808921567e-16 -9.001057426126202718e-16
1.818677049626135930e-16 4.383727319000229667e-15
4.866650377740499075e-15 -7.662932484054809981e-14
-1.791011403863322322e-13 1.100412670414858178e-12
3.983080409030068877e-12 -1.465258838937739560e-11
-7.075250990351531660e-11 1.783135301659227485e-10
1.069309133324601995e-09 -1.961757102776655026e-09
-1.405171444818160703e-08 1.923263144629166995e-08
1.613556157612876817e-07 -1.645809231490856819e-07
-1.612516979989003388e-06 1.189527685966181636e-06
1.386869708378630195e-05 -6.822558080265053647e-06
-1.007265866536059134e-04 2.629963791083841040e-05
5.995388640685261937e-04 -1.415702155898233354e-05
-2.782891931184833679e-03 -7.041200218291230641e-04
9.179412279020112211e-03 5.923888231263870451e-03
-1.675037530034272082e-02 -2.465885882543321361e-02
-1.266124262228486216e-02 4.219896041174385493e-02
1.456089082673567570e-01 -9.506727110767299255e-15
-1.266124262227961983e-02 -4.219896041172352397e-02
-1.675037530034324124e-02 2.465885882542702759e-02
9.179412279022296228e-03 -5.923888231261038514e-03
-2.782891931185264758e-03 7.041200218300173140e-04
5.995388640680716962e-04 1.415702155779084618e-05
-1.007265866533940603e-04 -2.629963791127514736e-05
1.386869708322239993e-05 6.822558080826771170e-06
-1.612516979766158760e-06 -1.189527685846741731e-06
1.613556150697339317e-07 1.645809237206788407e-07
-1.405171447689877846e-08 -1.923263137938168202e-08
1.069309562778952979e-09 1.961757744964713138e-09
-7.075247928289583823e-11 -1.783145889064955896e-10
3.983794994917238063e-12 1.465246392052129095e-11
-1.783362489218161224e-13 -1.100172107808590987e-12
5.148818002184760019e-15 7.628674536772796050e-14
3.743289445953150490e-16 -5.245243348199069404e-15
1.925602877963658367e-16 8.908718620288105004e-16
7.274615255895441172e-17 -8.049145039253066614e-17
2.424505811813636474e-16 -3.951777533895486504e-16
-3.994198232139596197e-16 1.138771450054738170e-16
2.132648665950278163e-16 1.300954365278808560e-16
-4.547251965577906211e-16 -1.508947978318905181e-16
1.989668407820987489e-16 1.566321077693188222e-16
-1.060528251585576713e-15 -3.063504948828162389e-16
1.167294229574021688e-14 -5.715776957913559064e-16
-1.823344355553310233e-13 -7.161602055225906767e-15
2.529592740359467950e-12 3.444255780353569260e-13
-3.226681715052617250e-11 -7.877682744160564899e-12
3.746270897448039663e-10 1.374723878705156544e-10
-3.914335519395118643e-09 -2.003784065570670349e-09
3.625142426412951068e-08 2.508799506624831072e-08
-2.912097204269611069e-07 -2.715863749749605856e-07
1.961368796179590751e-06 2.530522546096672295e-06
-1.040142486704744883e-05 -2.003035407968629624e-05
3.696404399601253566e-05 1.316800630429959128e-04
-2.469493791045371337e-05 -6.930632238708004256e-04
-6.929918317489381762e-04 2.743068641999880757e-03
4.890695212113929310e-03 -7.207640897534257386e-03
-1.536728877213346285e-02 8.800361428267577252e-03
1.204864378226693303e-02 3.438906772729828729e-03
5.420816189282898212e-02 -8.734400865610650851e-15
1.204864378226739099e-02 -3.438906772718422055e-03
-1.536728877213362418e-02 -8.800361428269410854e-03
4.890695212112280456e-03 7.207640897535557561e-03
-6.929918317488311654e-04 -2.743068641998414482e-03
-2.469493791028845386e-05 6.930632238714125662e-04
3.696404399613108639e-05 -1.316800630424583111e-04
-1.040142486748952888e-05 2.003035407951685577e-05
1.961368796422546905e-06 -2.530522545711431970e-06
-2.912097212773736627e-07 2.715863750273742433e-07
3.625142412898336577e-08 -2.508799478865704867e-08
-3.914335575353863921e-09 2.003784202529455010e-09
3.746273562074984393e-10 -1.374716876608747510e-10
-3.226628056716207398e-11 7.877426146340834171e-12
2.529809391665851758e-12 -3.438495674575245853e-13
-1.821771850342372276e-13 6.888166651086554803e-15
1.246011684428168850e-14 7.833170480849714377e-16
-7.730583458212566471e-16 -1.003150935037193924e-16
2.093352313292249175e-16 -1.504158698442816031e-17
5.868402336607557159e-16 1.384943626732178179e-16
1.183241691246775716e-18 -2.823260719092457453e-16
2.447099647884943542e-16 -3.652210780734407903e-16
-1.043306314745492650e-16 2.261551525678408998e-16
-2.392256429486762285e-17 -1.817954676645446687e-16
2.680043709277758282e-16 2.196992280201897721e-15
-2.099508565028800063e-15 -2.611859942095883178e-14
-5.352901771280391010e-15 3.846403411314734495e-13
5.712616832620073764e-13 -5.122475362859222920e-12
-1.365852367988784856e-11 6.253670612607325613e-11
2.349397701560907667e-10 -6.925069768281415192e-10
-3.306882320514520874e-09 6.872717589327010031e-09
3.949391293478122075e-08 -6.015926512193223042e-08
-4.036662691713225575e-07 4.540633685560720666e-07
3.513991248150851230e-06 -2.852987067376553824e-06
-2.566736425876200506e-05 1.399769940026124887e-05
1.532417863458196276e-04 -4.572172564862519116e-05
-7.161683504678599110e-04 3.202203065001191289e-05
2.428591014970065028e-03 6.256218195006219094e-04
-5.098927365624962224e-03 -3.717736319037358728e-03
3.850998465069957379e-03 8.873215901391227553e-03
2.988291626245761969e-03 -4.964211544217377384e-03
1.645819438440198137e-02 -8.210956026244588549e-15
2.988291626247543097e-03 4.964211544222051596e-03
3.850998465069235734e-03 -8.873215901390792137e-03
-5.098927365625299628e-03 3.717736319035422777e-03
2.428591014969937959e-03 -6.256218195003678808e-04
-7.161683504682633426e-04 -3.202203064944192747e-05
1.532417863457915467e-04 4.572172564888659908e-05
-2.566736425825594015e-05 -1.399769940129335344e-05
3.513991248163113726e-06 2.852987067067909418e-06
-4.036662692466631206e-07 -4.540633686693895107e-07
3.949391286820640972e-08 6.015926494014726030e-08
-3.306882474888781454e-09 -6.872717793260615385e-09
2.349396090977556287e-10 6.925076729696469329e-10
-1.365902912063837731e-11 -6.253702236237829881e-11
5.707770846438910024e-13 5.122410333314989524e-12
-5.549708534135443428e-15 -3.843602164112309447e-13
-2.309048101574647094e-15 2.690388322683940735e-14
6.543867911774725775e-17 -2.188351885527073279e-15
1.110919860966182948e-17 2.888226152247374986e-16
-3.213234285015328622e-16 3.516635893725955259e-16
3.942886892004732345e-16 -1.366610759255001581e-16
-1.803474713831842728e-16 -7.576987975498186720e-17
3.386466800641424742e-16 5.077262725237569153e-17
-2.987676329171721328e-16 1.430011510450116243e-17
3.811481579199179049e-15 -3.589539071917854195e-16
-5.187780518145842362e-14 5.343094323192104970e-15
7.298916636965802520e-13 -7.614453845413008723e-15
-9.360150298099423323e-12 -8.098058251055840444e-13
1.095806584229834492e-10 2.110304122841608833e-11
-1.159338502100634045e-09 -3.616113964450871310e-10
1.094544463442472015e-08 4.940072351726724440e-09
-9.068208480586712414e-08 -5.646325404566357497e-08
6.438979528818010798e-07 5.462955925404462611e-07
-3.778361337665496785e-06 -4.453534253066405966e-06
1.716118255442705383e-05 3.009224383669077384e-05
-5.141986213397459291e-05 -1.636207202754827396e-04
3.489549929548053405e-05 6.812239202669002338e-04
5.305068222101633766e-04 -1.985937302971254974e-03
-2.647940322168183293e-03 3.324950316549467322e-03
4.768962810675738198e-03 -1.333058069300519779e-03
-1.027195356393703456e-03 -2.104459693433830252e-03
3.620546302725550884e-03 -6.375213248198281842e-15
-1.027195356390477521e-03 2.104459693435482143e-03
4.768962810675795444e-03 1.333058069300275400e-03
-2.647940322167078274e-03 -3.324950316550499049e-03
5.305068222105004550e-04 1.985937302971203799e-03
3.489549929517954597e-05 -6.812239202662600124e-04
-5.141986213408627251e-05 1.636207202750596568e-04
1.716118255469678978e-05 -3.009224383669616097e-05
-3.778361337895513664e-06 4.453534252982564104e-06
6.438979536478520657e-07 -5.462955922579677612e-07
-9.068208474975289868e-08 5.646325377825769550e-08
1.094544459135459363e-08 -4.940072201604749993e-09
-1.159338753325103795e-09 3.616109936361871459e-10
1.095804295385593897e-10 -2.110290418780345419e-11
-9.360283275467500882e-12 8.093413091817856856e-13
7.296867322398469372e-13 7.758059223684399145e-15
-5.247573364856021266e-14 -5.425275597116068574e-15
3.476940869655064547e-15 5.960263689192004157e-16
-3.985588435923752106e-16 -1.445033569856829469e-16
-4.070470340217790190e-16 -7.700934562490968776e-17
-2.649374299578012576e-17 3.173245964814306460e-16
-1.407113247590309791e-16 3.165225629293872420e-16
-3.609488123047100330e-17 -2.125471966237878210e-16
1.681221932957221295e-16 5.094779809748820143e-16
-1.424748442995073339e-15 -6.987087806270769826e-15
1.195654521239867898e-14 9.520888871551708989e-14
-4.334615133275808162e-14 -1.285164261124501620e-12
-9.989820523185588048e-13 1.584382784826448937e-11
2.992210166246531622e-11 -1.778056086173100041e-10
-5.143334156050700388e-10 1.797196242616759976e-09
6.835207843955347639e-09 -1.614592499870095292e-08
-7.487798687154897196e-08 1.266844538962153332e-07
6.868180788326009563e-07 -8.469649996730780925e-07
-5.252669652575572591e-06 4.645839738986756536e-06
3.289993401249189238e-05 -1.954657956949066509e-05
-1.633041824286072619e-04 5.364823152655409183e-05
6.072822271006829897e-04 -3.362296240776846672e-05
-1.525034206245151147e-03 -4.286097026545127964e-04
2.025068696466968392e-03 1.788995202958904495e-03
-2.557200274991531532e-04 -2.381773243413683964e-03
-9.675673715659724493e-04 -1.124803885954954702e-04
3.634569184563202866e-04 -2.795925391962627652e-15
-9.675673715636775186e-04 1.124803885966591714e-04
-2.557200274992395099e-04 2.381773243414178794e-03
2.025068696466956249e-03 -1.788995202958118232e-03
-1.525034206244358813e-03 4.286097026540517936e-04
6.072822271009379940e-04 3.362296240771161387e-05
-1.633041824290121301e-04 -5.364823152680173038e-05
3.289993401239486983e-05 1.954657957042824247e-05
-5.252669652471605226e-06 -4.645839739175479712e-06
6.868180788152272518e-07 8.469650001208818595e-07
-7.487798680782968766e-08 -1.266844539133549125e-07
6.835207839831695948e-09 1.614592523229820051e-08
-5.143334077916816185e-10 -1.797196536117220048e-09
2.992248968414458696e-11 1.778058376308989754e-10
-9.987776368656517890e-13 -1.584373282488513417e-11
-4.321618582736766407e-14 1.284791080230744090e-12
1.210987338137049818e-14 -9.577242331208848649e-14
-1.213160612673954936e-15 7.012253453856515030e-15
1.040616278428574991e-16 -5.670769648281226812e-16
3.115754818775037473e-16 -1.757453066902220810e-16
-4.171235605386487329e-16 1.545761141470423453e-16
1.532484233354154215e-16 -7.595597719929612022e-18
-2.786001439497555110e-16 1.791316840503617296e-16
8.183291626308178689e-16 -2.379646395614930567e-16
-1.174968994821979124e-14 2.537385748301433746e-15
1.621183196125856833e-13 -2.425516598586728708e-14
-2.108924720886280328e-12 1.213735033261123199e-13
2.504626489444252157e-11 9.794368218153153624e-13
-2.698830169266466891e-10 -3.882424018804256776e-11
2.609957258422908349e-09 6.804849408101740835e-10
-2.234148554113749074e-08 -8.849158887898449934e-09
1.662084088037345548e-07 9.321650200106990875e-08
-1.047369628874044684e-06 -8.124846070305232719e-07
5.375381609956195075e-06 5.840811955582653959e-06
-2.096140886190641633e-05 -3.397747203400462685e-05
5.263703580381269819e-05 1.542741501529403274e-04
-2.937832709808591057e-05 -5.134564675407115751e-04
-3.329278058581138606e-04 1.111696940668178242e-03
1.155694510481546002e-03 -1.158191046701916678e-03
-1.108645060366596170e-03 -1.021796930299975916e-04
-2.832446745280700509e-04 3.316422669901990402e-04
-7.038115269328727025e-05 -1.296810101495537537e-15
-2.832446745276488384e-04 -3.316422669896357972e-04
-1.108645060366298665e-03 1.021796930304360565e-04
1.155694510480910877e-03 1.158191046702436227e-03
-3.329278058573864694e-04 -1.111696940668593274e-03
-2.937832709831580887e-05 5.134564675402894952e-04
5.263703580388637651e-05 -1.542741501527576393e-04
-2.096140886215957415e-05 3.397747203428802375e-05
5.375381609740736151e-06 -5.840811955553792159e-06
-1.047369629315364731e-06 8.124846066363122325e-07
1.662084087904615749e-07 -9.321650189431313186e-08
-2.234148561647956593e-08 8.849158866869373057e-09
2.609957275377992083e-09 -6.804845737808974101e-10
-2.698826722470290573e-10 3.882399993262843018e-11
2.504616099395722000e-11 -9.791080491786766384e-13
-2.108673404871113636e-12 -1.215062956414043198e-13
1.627853276651840958e-13 2.423463373587451309e-14
-1.161468106260805643e-14 -2.810009699331026758e-15
8.829250526291729509e-16 3.815618943831855518e-16
1.845446479435508869e-16 1.812249907280718787e-17
8.171123312588815910e-17 -2.277122505732790698e-16
7.609453320603566717e-17 -2.200846213361134368e-16
1.054401128441262821e-16 1.515015860313494329e-16
-4.531437076665132788e-16 -1.497842529866232498e-15
5.018410886133625533e-15 1.962658471820569194e-14
-4.493998775962657651e-14 -2.619638284099927663e-13
2.627303086939783335e-13 3.285128741807223392e-12
6.225880410633004647e-13 -3.754940774668696510e-11
-4.691694271958873607e-11 3.883499022067715948e-10
8.504078631997513752e-10 -3.593030023554938586e-09
-1.085669588382067797e-08 2.931226611385581638e-08
1.101479359046018497e-07 -2.068637364474693880e-07
-9.135455739342088961e-07 1.229525538246333843e-06
6.182200328602377005e-06 -5.908674790234662107e-06
-3.345515642526020016e-05 2.136615278821547156e-05
1.391881876020582332e-04 -4.903594137974190718e-05
-4.152238067801975450e-04 2.357696907618064567e-05
7.749179642928100652e-04 2.501668661602581716e-04
-6.224170907702230443e-04 -7.174637762003938882e-04
-1.666866344145340726e-04 4.754269889883682354e-04
6.321201667031820599e-05 1.769446809032802163e-04
-3.533760402922998762e-06 -1.333113545257435522e-15
6.321201667025398057e-05 -1.769446809029750947e-04
-1.666866344135391816e-04 -4.754269889891232195e-04
-6.224170907703812294e-04 7.174637761999037204e-04
7.749179642924103198e-04 -2.501668661606591638e-04
-4.152238067805522959e-04 -2.357696907567868717e-05
1.391881876022698153e-04 4.903594137974884607e-05
-3.345515642497973061e-05 -2.136615278855789649e-05
6.182200328491934920e-06 5.908674790269888513e-06
-9.135455740310181975e-07 -1.229525538648670893e-06
1.101479359005260992e-07 2.068637366169816448e-07
-1.085669564167769182e-08 -2.931226635506688101e-08
8.504078482873876822e-10 3.593030435797115413e-09
-4.691702176607127854e-11 -3.883500212353127615e-10
6.224419380800788112e-13 3.754927638205058588e-11
2.625862188858730824e-13 -3.284922006253842925e-12
-4.505659694613660881e-14 2.624454891936571789e-13
4.902762900703601101e-15 -1.971326859762848257e-14
-5.572733026876411944e-16 1.402889964454754933e-15
-1.982287321144407813e-16 2.779776531889862201e-17
2.738767557792972168e-16 -1.562699903083570503e-16
-1.119696705888528731e-16 4.749484341747570811e-17
2.726291686185125720e-16 -2.586827020150916895e-16
-2.184475136947903899e-15 7.888341344856916666e-16
3.057216110752969152e-14 -8.468378782981063535e-15
-4.006115297838280409e-13 7.844954887004639481e-14
4.853792537964618940e-12 -5.016331776033105274e-13
-5.349893824217150012e-11 3.536925063712416489e-13
5.319214197791696363e-10 5.184457966812625212e-11
-4.714895263000133522e-09 -1.002982592340969464e-09
3.670274240244816190e-08 1.266961813378144177e-08
-2.459723594439017037e-07 -1.242520298785200396e-07
1.380205302981432406e-06 9.828248571543306721e-07
-6.215389618500792198e-06 -6.271947406442475033e-06
2.084997146366196534e-05 3.162261344093446612e-05
-4.368385207345870094e-05 -1.207264618093007434e-04
1.745377982909859809e-05 3.231502604398548166e-04
1.826038504536827778e-04 -5.191280047446943232e-04
-4.294719027849422974e-04 3.125322606863556083e-04
1.825808661107073273e-04 1.335794648913748430e-04
8.462289520088214962e-05 8.771550707201987741e-06
2.705800266674551446e-05 -8.073041413054071911e-16
8.462289520153342987e-05 -8.771550707040089251e-06
1.825808661109902227e-04 -1.335794648918490189e-04
-4.294719027847882322e-04 -3.125322606865877902e-04
1.826038504535962043e-04 5.191280047449482434e-04
1.745377982930220110e-05 -3.231502604393673051e-04
-4.368385207334507655e-05 1.207264618089414930e-04
2.084997146359558506e-05 -3.162261344089336131e-05
-6.215389618399160950e-06 6.271947406302588389e-06
1.380205303021276836e-06 -9.828248568221919011e-07
-2.459723594243945349e-07 1.242520296967371077e-07
3.670274258975348397e-08 -1.266961811317069660e-08
-4.714895180254349309e-09 1.002982262493395668e-09
5.319212611135813407e-10 -5.184442232986497055e-11
-5.349879066671216409e-11 -3.539380674763131597e-13
4.853465515519569262e-12 5.017414922423762885e-13
-4.010958561659004183e-13 -7.849314614109464251e-14
3.045296006421671330e-14 8.696004441159898564e-15
-2.216564749001839114e-15 -9.847997266758590638e-16
-3.313481906418309939e-17 6.792606108205300034e-17
-5.399112198674908511e-17 1.596012401120885495e-16
-6.998368944464124269e-19 2.140469783355109582e-16
-2.292563652995274443e-16 -2.956097968238274533e-16
1.338677432784800639e-15 3.457102871895784202e-15
-1.428897517148072801e-14 -4.650677038238862635e-14
1.285195640739120960e-13 5.901885012465796361e-13
-8.637765726641405240e-13 -6.902767105889882624e-12
2.074203667071907097e-12 7.329581176036748989e-11
5.288568044305162827e-11 -7.002027349754167140e-10
-1.130356807203981329e-09 5.944751370431570187e-09
1.419466962689349422e-08 -4.415974873905131980e-08
-1.347878768943398457e-07 2.811320227966818739e-07
1.018027646492195548e-06 -1.490046450960893305e-06
-6.133598388104077162e-06 6.291450857711995313e-06
2.884865030960768312e-05 -1.958527575218718035e-05
-1.011820454409798038e-04 3.741492228707989629e-05
2.431591566674066757e-04 -1.186852475236880149e-05
-3.353779316777083280e-04 -1.298540386930700091e-04
1.444636600827310983e-04 2.482634676979642648e-04
8.561844761945313308e-05 -5.840753743950881545e-05
2.173454042067524334e-05 -3.187048789853175456e-05
1.340429982722413343e-05 -5.409475412171235248e-16
2.173454042082541889e-05 3.187048789922776492e-05
8.561844761933469754e-05 5.840753743969151707e-05
1.444636600826426274e-04 -2.482634676977790830e-04
-3.353779316774092509e-04 1.298540386931870487e-04
2.431591566676580480e-04 1.186852475227383724e-05
-1.011820454413800912e-04 -3.741492228692488926e-05
2.884865030949208345e-05 1.958527575231617331e-05
-6.133598388007583169e-06 -6.291450857767847818e-06
1.018027646556974510e-06 1.490046451224871758e-06
-1.347878769097875562e-07 -2.811320228739518192e-07
1.419466937879074620e-08 4.415974884033864613e-08
-1.130356734514731646e-09 -5.944751912758762941e-09
5.288596121974895575e-11 7.002029442252449670e-10
2.074368380289620135e-12 -7.329560369857303603e-11
-8.637111415000442134e-13 6.902625019996442634e-12
1.285668457548018371e-13 -5.906641192822433513e-13
-1.412254404834528239e-14 4.661893061367431481e-14
1.440261316191287467e-15 -3.377592090275435265e-15
4.827278941934909117e-17 2.197513162918464391e-16
-3.104486613883929159e-16 4.341835351563933422e-17
7.220913711090980431e-17 -7.821566407305795031e-17
-3.402165114781807990e-16 3.783495080533418126e-16
5.003505019267823519e-15 -2.064904994263761615e-15
-6.728728963174836202e-14 2.221211382638971540e-14
8.309719375262288047e-13 -2.008782861830450796e-13
-9.404071680850066954e-12 1.394590240090811219e-12
9.639407273538106560e-11 -4.914115343375065852e-12
-8.863235157112440528e-10 -4.698412080029979117e-11
7.218242932588816108e-09 1.208244020613734179e-09
-5.123091119892425040e-08 -1.526365852570323023e-08
3.101415857110839231e-07 1.409583382919442974e-07
-1.553979552628145458e-06 -1.019022103204976607e-06
6.155936471413190780e-06 5.806032470219006533e-06
-1.778733470243658771e-05 -2.550692801573447178e-05
3.093958203060049683e-05 8.226908882613609756e-05
-7.286709052734680228e-06 -1.775392753377312885e-04
-9.014344424001335379e-05 2.094055195685499862e-04
1.386353760271847213e-04 -5.933877442241891951e-05
-1.131549972528662248e-05 -4.789610434890366014e-05
-8.333177458321203650e-06 -1.461590454457662411e-05
4.819041528682859773e-07 -8.086678427098129187e-16
-8.333177458231802711e-06 1.461590454534056482e-05
-1.131549972536791900e-05 4.789610434937557947e-05
1.386353760277323518e-04 5.933877442212218015e-05
-9.014344423970809667e-05 -2.094055195685145057e-04
-7.286709052683126415e-06 1.775392753377393116e-04
3.093958203012832679e-05 -8.226908882574644885e-05
-1.778733470236870310e-05 2.550692801553425691e-05
6.155936471304895077e-06 -5.806032470156036410e-06
-1.553979552352315320e-06 1.019022103188604307e-06
3.101415857127689363e-07 -1.409583383618648820e-07
-5.123091104485571370e-08 1.526365867080442764e-08
7.218242992476895116e-09 -1.208243900062789377e-09
-8.863233747442567819e-10 4.698389322735530944e-11
9.639393285306026114e-11 4.914276524974239414e-12
-9.403838385755242558e-12 -1.394716836016766743e-12
8.314482911669340417e-13 2.009139732072964491e-13
-6.713537392880181163e-14 -2.223551404443110581e-14
5.104159088588637773e-15 2.177858103784800992e-15
-2.201235110690316837e-16 -1.576143143044986119e-16
1.500431508954398033e-17 -7.011132986854700589e-17
9.140178779134294994e-18 -2.220060700092406427e-16
3.326398740730902511e-16 5.820927681030684369e-16
-3.315269014014038756e-15 -7.335225618015101202e-15
3.382318576945441792e-14 9.521208319805029812e-14
-2.999462412583243939e-13 -1.139186992560183283e-12
2.110383553164130804e-12 1.245461327688581776e-11
-8.844848971207033210e-12 -1.230777221405464064e-10
-3.493283330747908900e-11 1.088242921375728473e-09
1.241582851130443684e-09 -8.496877606669030144e-09
-1.589374259348329635e-08 5.760779567145697969e-08
1.429778485238233356e-07 -3.316634394984563117e-07
-9.902449611888955486e-07 1.571518250045611914e-06
5.340292026430422348e-06 -5.843025979465015274e-06
-2.193345401699829122e-05 1.567264422284171378e-05
6.510251036791394740e-05 -2.478184738405206245e-05
-1.261327256313028657e-04 3.850236915997176497e-06
1.265107249297401043e-04 6.117110170070235819e-05
-1.960823980232129983e-05 -7.469224781045920108e-05
-2.403457388593655867e-05 -3.205084253037050041e-06
-7.820945312961160464e-06 7.225190288724222918e-07
-2.238395140342878281e-06 -6.762771650723143210e-16
-7.820945312985654963e-06 -7.225190284645171647e-07
-2.403457388638118998e-05 3.205084253260919579e-06
-1.960823980232951605e-05 7.469224780985782124e-05
1.265107249296649691e-04 -6.117110170065623894e-05
-1.261327256311415093e-04 -3.850236915942424287e-06
6.510251036785354379e-05 2.478184738412059758e-05
-2.193345401696245156e-05 -1.567264422284648766e-05
5.340292026393938945e-06 5.843025979727128773e-06
-9.902449611381868624e-07 -1.571518250340485683e-06
1.429778485858480378e-07 3.316634394600571848e-07
-1.589374255048868150e-08 -5.760779568515698984e-08
1.241582848001273607e-09 8.496878122198323909e-09
-3.493298733029806016e-11 -1.088243057098838269e-09
-8.844938935414188421e-12 1.230776005231736822e-10
2.110211242060094104e-12 -1.245436174297493970e-11
-2.999838541247716181e-13 1.139553163631203550e-12
3.371228961399413397e-14 -9.537979056619820594e-14
-3.409428996609404879e-15 7.250464973135970368e-15
1.561406770112710724e-16 -5.562088060111669746e-16
2.812524654696565092e-16 2.842326479216776490e-17
-7.370060123830941143e-17 1.240280542372886712e-16
7.274535555787030041e-16 -5.984099797650412294e-16
-1.018684168394429602e-14 4.744755237726191548e-15
1.289884545845931128e-13 -4.900343662155111116e-14
-1.499794771265058344e-12 4.313584305108098111e-13
1.588604073847878938e-11 -3.060506860464704794e-12
-1.517205057398394595e-10 1.430550237620851021e-11
1.292721467235359105e-09 1.311797692030198737e-11
-9.693822760909542388e-09 -1.204812385610086311e-09
6.287228062488380525e-08 1.595396092616464680e-08
-3.446294572939225753e-07 -1.406402707363804218e-07
1.545522091208808709e-06 9.358156575165046440e-07
-5.396307059498479516e-06 -4.784802416801018511e-06
1.343701996254954613e-05 1.839268113065512921e-05
-1.927740587304544744e-05 -5.026993267196304687e-05
1.488747887998934964e-06 8.738492809271058254e-05
4.061466835494944970e-05 -7.395915855066769969e-05
-3.871193893740770532e-05 3.066099440864031039e-06
-5.655147813256121567e-06 1.080318189084937533e-05
-1.258728453826668683e-06 3.398421882049447571e-06
-8.393818705932108921e-07 -6.072816905598551472e-16
-1.258728453832539468e-06 -3.398421882381138050e-06
-5.655147813614381776e-06 -1.080318189036558230e-05
-3.871193893793800216e-05 -3.066099441253319758e-06
4.061466835472171303e-05 7.395915855028092412e-05
1.488747888053293515e-06 -8.738492809290136147e-05
-1.927740587264430280e-05 5.026993267181547340e-05
1.343701996263404783e-05 -1.839268113042316754e-05
-5.396307059576724184e-06 4.784802416700114017e-06
1.545522091088676144e-06 -9.358156575285278532e-07
-3.446294573501842507e-07 1.406402707869786495e-07
6.287228060485581710e-08 -1.595396112097567009e-08
-9.693822930623864534e-09 1.204812328877611177e-09
1.292721413295167166e-09 -1.311783202468403681e-11
-1.517203688444136279e-10 -1.430570286332620879e-11
1.588588133305694527e-11 3.060570200396542498e-12
-1.500259743354088220e-12 -4.313667160551480862e-13
1.289887961487832848e-13 4.901477745962736000e-14
-1.031124739756771478e-14 -4.754571101998517638e-15
6.363553056912043701e-16 4.137340760790670804e-16
1.651514710170070847e-17 -5.140603292559425409e-18
5.555469181110228269e-17 1.974836286850332553e-16
-6.293483984494150570e-16 -1.116759567628022566e-15
6.990347241776847842e-15 1.403963224776719479e-14
-6.943897935868921555e-14 -1.722931136796639561e-13
5.988854137652708565e-13 1.940709739110431358e-12
-4.233259384646934643e-12 -1.986718390325999109e-11
2.092120962160494709e-11 1.830149119633649608e-10
-1.459502242099752659e-11 -1.500390541299101992e-09
-1.125685477297204713e-09 1.079416202828044084e-08
1.561422724074063671e-08 -6.692986088609985328e-08
-1.350524224264464725e-07 3.492061649262618115e-07
8.636987970123525612e-07 -1.482266412372913778e-06
-4.188852758687796448e-06 4.860977519817976331e-06
1.507836637946207133e-05 -1.123509180761521596e-05
-3.795900116094743032e-05 1.459148265836807262e-05
5.913746570808113448e-05 -1.635163301768901777e-08
-4.179457620161878721e-05 -2.639902119603804726e-05
-2.554910559951135165e-06 1.919435026533326753e-05
4.211692312872487887e-06 4.480262125699390708e-06
1.241792720497693873e-06 1.113259093519188788e-06
1.688671322091729616e-07 -5.097563530759025694e-16
1.241792720631927208e-06 -1.113259093487433523e-06
4.211692313118939747e-06 -4.480262125689111963e-06
-2.554910560248194702e-06 -1.919435026491046934e-05
-4.179457620164690870e-05 2.639902119582202336e-05
5.913746570800829642e-05 1.635163311955844102e-08
-3.795900116094343233e-05 -1.459148265870334181e-05
1.507836637953246824e-05 1.123509180768413733e-05
-4.188852758733553168e-06 -4.860977519905808565e-06
8.636987968214438287e-07 1.482266412547473927e-06
-1.350524224854084095e-07 -3.492061651385766019e-07
1.561422736146235646e-08 6.692986084021705791e-08
-1.125685282025053461e-09 -1.079416225716246942e-08
-1.459484321858601072e-11 1.500390636865963809e-09
2.092123184403326105e-11 -1.830149121349258387e-10
-4.233162993321930822e-12 1.986699329842777304e-11
5.989313979374962829e-13 -1.941018059721940404e-12
-6.936708651264887609e-14 1.724517851089042677e-13
7.102805324727122751e-15 -1.391668312437807685e-14
-5.955858956502532421e-16 1.039527835228463138e-15
-1.851076947837698094e-16 -9.955695516835483942e-17
8.919796142530595538e-17 -1.508964439859980896e-16
-1.346036014977413339e-15 9.991701038962177395e-16
1.842417258449763532e-14 -9.574844881448041663e-15
-2.202597913815158843e-13 9.454990470408333956e-14
2.413258423898097739e-12 -8.051848323295186320e-13
-2.396724414625377609e-11 5.672808619389027869e-12
2.136521527602787956e-10 -2.923085929278491762e-11
-1.690042281646545310e-09 5.311229679246187637e-11
1.169200504674029018e-08 9.711462813143590513e-10
-6.943809909575694690e-08 -1.473305929569989267e-08
3.453377806531467229e-07 1.261534800984459268e-07
-1.388792810251835931e-06 -7.783139736628297494e-07
4.279996037320715917e-06 3.587497723637161326e-06
-9.180854229679473246e-06 -1.210554599941423476e-05
1.076516810059682003e-05 2.807789923870169239e-05
7.864717703241388518e-07 -3.914389681183663320e-05
-1.680178590931679565e-05 2.277152968312098913e-05
9.014761225980753954e-06 3.569641656889629393e-06
2.813566835635325236e-06 -1.279778230863572351e-06
7.200088962954177408e-07 -3.526819365097806786e-07
2.245482662981146144e-07 -2.029376615682953688e-16
7.200088963202981690e-07 3.526819368532418450e-07
2.813566836165094369e-06 1.279778231159969508e-06
9.014761226301188212e-06 -3.569641656604544361e-06
-1.680178590934642148e-05 -2.277152968321805910e-05
7.864717703605895383e-07 3.914389681208021277e-05
1.076516810046250940e-05 -2.807789923882395990e-05
-9.180854229656904900e-06 1.210554599934519310e-05
4.279996037268653037e-06 -3.587497723675541659e-06
-1.388792810396751410e-06 7.783139737101607859e-07
3.453377807555773584e-07 -1.261534799605466866e-07
-6.943809922454190085e-08 1.473305927255226728e-08
1.169200519304273085e-08 -9.711462306874223055e-10
-1.690042279730151258e-09 -5.311235174889035676e-11
2.136520925702310943e-10 2.923096533898702914e-11
-2.396706949319298260e-11 -5.672875858985318858e-12
2.413650395905606367e-12 8.051643350286538844e-13
-2.203079348498422041e-13 -9.460286743797223319e-14
1.847333136405346287e-14 9.606902211506672626e-15
-1.336234337998977626e-15 -9.510128764626669607e-16
5.935757980353177225e-17 8.977059638837584752e-17
-7.408393124717001817e-17 -2.450182971918923741e-16
1.199690241723513099e-15 1.916957097442864405e-15
-1.329682142252224422e-14 -2.417631582576975541e-14
1.266468862520276431e-13 2.809082967399146386e-13
-1.054414467240617427e-12 -2.980601358177585098e-12
7.328266334674380250e-12 2.861093288640936842e-11
-3.832652746372311580e-11 -2.460353333533744254e-10
9.387692425864403401e-11 1.873042290208047962e-09
8.009909637299571232e-10 -1.243621565279803743e-08
-1.365564496693288358e-08 7.064297370700655651e-08
1.157441209082604253e-07 -3.346017241433952652e-07
-6.884063515324994447e-07 1.274360748433527713e-06
3.014969973302556952e-06 -3.690055216715507584e-06
-9.537494244028213433e-06 7.342895098008357926e-06
2.037749806953677390e-05 -7.748628604399135285e-06
-2.536699708424020963e-05 -1.130367920240529936e-06
1.190523527259640353e-05 1.047097002849048322e-05
2.979652740792690400e-06 -3.936569182688591989e-06
-1.494234393840923359e-07 -1.541280509582707728e-06
-2.811511504776926436e-08 -3.695540753850270673e-07
3.671147489743008002e-08 -7.546100748749440788e-18
-2.811511487881493095e-08 3.695540756567630718e-07
-1.494234391781370424e-07 1.541280509302056914e-06
2.979652741100396294e-06 3.936569182953372794e-06
1.190523527284114523e-05 -1.047097002841417233e-05
-2.536699708422955396e-05 1.130367920298194880e-06
2.037749806942195689e-05 7.748628604571086362e-06
-9.537494243940337153e-06 -7.342895098222177841e-06
3.014969973166354901e-06 3.690055216752639390e-06
-6.884063512710600785e-07 -1.274360748608427311e-06
1.157441208858470732e-07 3.346017242715267862e-07
-1.365564519444181220e-08 -7.064297377464380495e-08
8.009908455891508945e-10 1.243621575494853169e-08
9.387680576293269352e-11 -1.873042382179512378e-09
-3.832657675542070983e-11 2.460353092402218423e-10
7.328146354371544468e-12 -2.861077028232549033e-11
-1.054405361539114907e-12 2.980805256837424237e-12
1.265760377405395293e-13 -2.810769485309703543e-13
-1.334767344573221081e-14 2.408978916705163539e-14
1.291910749948614968e-15 -1.857726592077952451e-15
5.918183376474025788e-17 1.168339251804475693e-16
-1.523003381025340727e-16 2.089674100250215038e-16
2.367001643203061736e-15 -1.768562117045124364e-15
-3.006141774233463749e-14 1.735366570239547653e-14
3.408110129285852951e-13 -1.632327682583036390e-13
-3.521812935086473164e-12 1.338896634851433471e-12
3.285094501276535275e-11 -9.221681448969776809e-12
-2.738060609950248996e-10 4.897178651115195257e-11
2.014353961712440511e-09 -1.450786729445017461e-10
-1.288027235081186634e-08 -5.585560674341149506e-10
7.017545750527072536e-08 1.212626245926105853e-08
-3.172270603902756367e-07 -1.032934271953662014e-07
1.145841934833513213e-06 5.956103762555604398e-07
-3.119720849193305725e-06 -2.485357778551398016e-06
5.757637398455556418e-06 7.379892748331730937e-06
-5.447418458690096770e-06 -1.452559694669823809e-05
-1.185914933427917667e-06 1.610370756834983986e-05
6.387080504099581234e-06 -5.921592384272997541e-06
-1.535963059307963951e-06 -2.065679404531277078e-06
-7.566164272454846179e-07 -1.837996696429760483e-07
-1.717363282936347662e-07 -4.651610516402200247e-08
-3.608019824443762792e-08 -2.095572866281449791e-16
-1.717363287295374556e-07 4.651610539274300050e-08
-7.566164269772384950e-07 1.837996695060547605e-07
-1.535963058788021035e-06 2.065679404309498865e-06
6.387080504118459904e-06 5.921592384177084612e-06
-1.185914933447087293e-06 -1.610370756837225912e-05
-5.447418458708071656e-06 1.452559694679762216e-05
5.757637398387176295e-06 -7.379892748349016338e-06
-3.119720849157508419e-06 2.485357778606314973e-06
1.145841934908306010e-06 -5.956103761910154704e-07
-3.172270604011122585e-07 1.032934271276144845e-07
7.017545768118970115e-08 -1.212626242846154263e-08
-1.288027242132906320e-08 5.585560778057594896e-10
2.014353943193416319e-09 1.450787163475822112e-10
-2.738060254442387780e-10 -4.897187925441588826e-11
3.285084211655279505e-11 9.221739778380231683e-12
-3.522164109402489274e-12 -1.338994310703322510e-12
3.408041008170054588e-13 1.632833640601012168e-13
-3.010247666804644889e-14 -1.742914131868443364e-14
2.319824127910826475e-15 1.789815287396186716e-15
-1.345536274050292327e-16 -1.734359329566398577e-16
1.711752265356109852e-16 2.659966810470136540e-16
-2.187171364186763047e-15 -3.103414624780740874e-15
2.291584976182849543e-14 3.818876472001593585e-14
-2.092140357663405656e-13 -4.194504584035246439e-13
1.672629874429976674e-12 4.194775489143821786e-12
-1.128766347928143997e-11 -3.779938666547460514e-11
5.962672916844319278e-11 3.037876213984150400e-10
-1.916698920495074427e-10 -2.150261010410592736e-09
-3.479818217741997018e-10 1.319342888627957882e-08
1.070779684743828741e-08 -6.875095178942055769e-08
-9.126769457591867364e-08 2.960176246548629132e-07
5.085738148058213785e-07 -1.012747407963195446e-06
-2.018508856684498091e-06 2.590561250047102720e-06
5.621385341147183152e-06 -4.429981272083300372e-06
-1.018404838856762220e-05 3.739996181547255066e-06
1.001926627451168857e-05 1.084123019967392824e-06
-2.758796333124677208e-06 -3.811318308280379938e-06
-1.284176028310607187e-06 4.798629917389625090e-07
-2.155828829291404046e-07 3.315285919730515733e-07
-5.160466522642953596e-08 6.917831236000945643e-08
-1.945620616457101580e-08 2.665778131332013275e-16
-5.160466521821786255e-08 -6.917831198993116648e-08
-2.155828830918603307e-07 -3.315285919895843858e-07
-1.284176028426451436e-06 -4.798629920150502512e-07
-2.758796333118158019e-06 3.811318308413015556e-06
1.001926627440315147e-05 -1.084123019969110818e-06
-1.018404838851687476e-05 -3.739996181517727921e-06
5.621385340883148582e-06 4.429981272296326617e-06
-2.018508856653994317e-06 -2.590561249902614993e-06
5.085738145983541047e-07 1.012747407960180221e-06
-9.126769453704613470e-08 -2.960176247002749965e-07
1.070779690955503501e-08 6.875095190928485180e-08
-3.479817092157416230e-10 -1.319342891905311328e-08
-1.916699160894263140e-10 2.150261099917414614e-09
5.962673514826240622e-11 -3.037876642927499083e-10
-1.128763336502519739e-11 3.779924188181177163e-11
1.672646024844709839e-12 -4.194906876049902383e-12
-2.091859230351289464e-13 4.196168689980877358e-13
2.294630789416505927e-14 -3.814204472996026504e-14
-2.262968277159678783e-15 3.089815276328371011e-15
1.187830690752703209e-16 -1.943808485601972166e-16
2.380750004062867147e-16 -3.139554712760709699e-16
-3.780003509903341710e-15 2.861704709236307581e-15
4.498010625068419427e-14 -2.847572840810624122e-14
-4.832839826616899530e-13 2.562884995065805587e-13
4.718363122363521223e-12 -2.017644047784466390e-12
-4.140891523286711335e-11 1.346280429554963866e-11
3.232613815708823891e-10 -7.137230809474539267e-11
-2.215786354361315086e-09 2.481962252084294214e-10
1.311912276904643923e-08 6.313364258086235768e-11
-6.568988286929561681e-08 -8.880974006957563602e-09
2.703689655399450261e-07 7.800546145877535237e-08
-8.783548986927757604e-07 -4.242436375821329788e-07
2.113846240783223426e-06 1.609115035039685387e-06
-3.349156185172880522e-06 -4.211928482240220287e-06
2.509817573530644748e-06 7.024443370370003072e-06
9.103238741432584562e-07 -6.107759220984044844e-06
-2.221854112981032124e-06 1.165206772904105054e-06
6.316600704297888539e-08 7.361629548963327175e-07
1.245791315119755840e-07 1.604769503466011891e-07
2.321381783898870167e-08 3.426567844036446238e-08
2.035343255947322235e-09 5.574818047609674879e-17
2.321381754451116283e-08 -3.426567806353916457e-08
1.245791311184617850e-07 -1.604769501194805805e-07
6.316600679603386763e-08 -7.361629548134521318e-07
-2.221854112756795398e-06 -1.165206772810807128e-06
9.103238742625763876e-07 6.107759220965429601e-06
2.509817573472852537e-06 -7.024443370324277692e-06
-3.349156184955020260e-06 4.211928482344386705e-06
2.113846240782215033e-06 -1.609115035167672912e-06
-8.783548985976820184e-07 4.242436375815635080e-07
2.703689656352052100e-07 -7.800546136439220483e-08
-6.568988303224931075e-08 8.880974124257038639e-09
1.311912276466238199e-08 -6.313357476286217694e-11
-2.215786484498982300e-09 -2.481961735289992828e-10
3.232613353121602615e-10 7.137235532397516518e-11
-4.140875489812827529e-11 -1.346276656639043402e-11
4.718634661190477694e-12 2.017785725980070069e-12
-4.833544053196142418e-13 -2.563070853114528967e-13
4.501032614367461839e-14 2.856373890065830045e-14
-3.735838924292184864e-15 -2.984928468009154149e-15
2.372541867097419186e-16 3.200225910269116136e-16
-3.520770035631587787e-16 -4.270442582980703196e-16
3.712291896243170510e-15 4.838184431406512223e-15
-3.645608282713746677e-14 -5.596357722101682772e-14
3.179905469791362571e-13 5.814581330064480152e-13
-2.431789288257338047e-12 -5.484510253575771901e-12
1.580516880526813349e-11 4.643185228704467909e-11
-8.226897282626267969e-11 -3.490483824774561029e-10
2.912659333062333949e-10 2.299116853395686064e-09
-1.272957252761979298e-10 -1.304824473515962695e-08
-7.530564765845504035e-09 6.243321373251051177e-08
6.697959598697431260e-08 -2.445727648372042879e-07
-3.522899880600966132e-07 7.520953267630826156e-07
1.270562573331618725e-06 -1.699130637934586749e-06
-3.117283226739114307e-06 2.489197734222052084e-06
4.775866111018284772e-06 -1.643285953810765938e-06
-3.648949715309603187e-06 -7.219229186695852017e-07
4.112496774324497855e-07 1.263962445466460116e-06
3.927329468714451147e-07 6.969535054098336220e-08
9.949776106947036196e-08 -3.464588347143955674e-08
2.014163202639166840e-08 -5.379435666933094838e-09
5.096488382307097167e-09 -3.227018530627463853e-17
2.014163194734142855e-08 5.379435683718870831e-09
9.949776083172498227e-08 3.464588358143659861e-08
3.927329468701520660e-07 -6.969535043674022176e-08
4.112496776610487844e-07 -1.263962445562732611e-06
-3.648949715205446511e-06 7.219229187635166027e-07
4.775866110858979897e-06 1.643285953791182324e-06
-3.117283226497035255e-06 -2.489197734155690864e-06
1.270562573265930050e-06 1.699130637872181173e-06
-3.522899879445361729e-07 -7.520953267869714858e-07
6.697959598719147068e-08 2.445727648388006803e-07
-7.530564840948093894e-09 -6.243321376245008243e-08
-1.272958071293835642e-10 1.304824473234268984e-08
2.912659095739845075e-10 -2.299116824042268820e-09
-8.226902684606134345e-11 3.490485504642071963e-10
1.580520182004331404e-11 -4.643178696931605091e-11
-2.431872714003404971e-12 5.484528247510159756e-12
3.179706697355834678e-13 -5.816238549548818450e-13
-3.646557467886244657e-14 5.585095672674870629e-14
3.722568236277507761e-15 -4.830749836425519663e-15
-3.097305038714000372e-16 2.725162147483101613e-16
-4.805833930945701756e-16 4.478729261959479253e-16
5.475500649320266771e-15 -4.467805052736315138e-15
-6.196188576019035837e-14 4.293603592354689393e-14
6.329716242544991380e-13 -3.694433227220115287e-13
-5.847713402518584296e-12 2.787124032618513422e-12
4.837622544724487701e-11 -1.792364021709463961e-11
-3.544015753579529202e-10 9.326811845025012776e-11
2.267814528059381308e-09 -3.445619905248934245e-10
-1.245759461618859255e-08 4.127927985132122200e-10
5.743875151910429300e-08 5.675169210548664303e-09
-2.156315214692967956e-07 -5.464005043085756356e-08
6.309311028551919123e-07 2.834830228719564137e-07
-1.342556858309984264e-06 -9.815207888391867389e-07
1.820385525233638239e-06 2.267831104627778767e-06
-1.051123557730900486e-06 -3.195131478742147993e-06
-5.457243844397569145e-07 2.132126566370911392e-06
6.992650236456548734e-07 -8.432776782332186228e-08
8.970958824336762868e-08 -1.948185816891390521e-07
-1.164076979548223692e-09 -5.478537730692041805e-08
7.796165030474328071e-10 -1.016457253491865506e-08
1.061099505502884405e-09 -9.825126407975045356e-17
7.796165149623073728e-10 1.016457272672964647e-08
-1.164076799392875269e-09 5.478537756249060688e-08
8.970958851499750263e-08 1.948185821157657248e-07
6.992650235295012453e-07 8.432776757306048553e-08
-5.457243843222379752e-07 -2.132126566280985715e-06
-1.051123557651854312e-06 3.195131478756335371e-06
1.820385525067247299e-06 -2.267831104681127019e-06
-1.342556858307712522e-06 9.815207888468453990e-07
6.309311026918884070e-07 -2.834830228623951588e-07
-2.156315215073404333e-07 5.464005049473608344e-08
5.743875160471173584e-08 -5.675169252255928042e-09
-1.245759468209104637e-08 -4.127928283818850754e-10
2.267814552585790637e-09 3.445619180427671304e-10
-3.544015528117249526e-10 -9.326815848012638946e-11
4.837610902051857837e-11 1.792359433738214822e-11
-5.847892666100831870e-12 -2.787252884353170199e-12
6.330119883378913312e-13 3.694435784366668869e-13
-6.204736738866565793e-14 -4.293023213509127737e-14
5.488293963729294139e-15 4.560858303434760366e-15
-3.973803134790062154e-16 -4.682013932746718033e-16
5.373686474140621242e-16 6.606924671167513972e-16
-5.771953462740585234e-15 -7.100097551119762011e-15
5.426560555322758599e-14 7.699469711741404639e-14
-4.511454387801566540e-13 -7.584854809472792082e-13
3.290438702192722033e-12 6.750940934934442023e-12
-2.047392515942154256e-11 -5.372077246363045148e-11
1.034269085543065987e-10 3.779026977093161717e-10
-3.764024310995887990e-10 -2.317308754812357873e-09
5.314261981543637248e-10 1.216912629012433554e-08
4.717213289669727112e-09 -5.348071894275062534e-08
-4.628744198874138177e-08 1.906389817238460882e-07
2.313431617445910727e-07 -5.268302977973953130e-07
-7.591888714847126368e-07 1.049938311425464283e-06
1.639669335653373886e-06 -1.311331937081474156e-06
-2.113907061707645510e-06 6.532264062062354953e-07
1.220144493122093776e-06 3.988416387873193506e-07
3.597677921906370823e-08 -3.755750032912829945e-07
-8.845023556177167287e-08 -7.261490906037186916e-08
-2.735236697364941402e-08 -7.996058850234347545e-09
-4.751020235729599678e-09 -1.862246358136172008e-09
-8.845845780565681970e-10 1.756930241295688299e-16
-4.751020163268883248e-09 1.862246117222892198e-09
-2.735236703925649653e-08 7.996058771509952338e-09
-8.845023555412980779e-08 7.261490893748066311e-08
3.597677913570948552e-08 3.755750033884195682e-07
1.220144493172346123e-06 -3.988416387268396100e-07
-2.113907061542197529e-06 -6.532264060174980258e-07
1.639669335398839003e-06 1.311331937124767704e-06
-7.591888714231134363e-07 -1.049938311417187924e-06
2.313431616299046646e-07 5.268302977986684035e-07
-4.628744212767027655e-08 -1.906389816072505736e-07
4.717213305568890393e-09 5.348071892209186895e-08
5.314262537313988579e-10 -1.216912630881726742e-08
-3.764024540710120033e-10 2.317308688871476963e-09
1.034269667248666345e-10 -3.779028537740124097e-10
-2.047392457069849550e-11 5.372082385578226905e-11
3.290503091263200772e-12 -6.750928267691203770e-12
-4.511124930833365106e-13 7.586233819298845909e-13
5.427008114152832008e-14 -7.697788552461222931e-14
-5.813664536346569648e-15 7.066208129174795916e-15
5.226616834395747431e-16 -4.827684059674384492e-16
6.148364283447491367e-16 -6.680839940672903795e-16
-7.318788400663936343e-15 6.528442259774521884e-15
7.884340697462219985e-14 -5.965001156078204007e-14
-7.665335525214526922e-13 4.908157187492484240e-13
6.716010385903881496e-12 -3.547705327512185248e-12
-5.249160666157795617e-11 2.193355164427154699e-11
3.617254050565626664e-10 -1.110213781835982062e-10
-2.166113381417753491e-09 4.173635452996577233e-10
1.106696444516339243e-08 -7.897462377011871038e-10
-4.710190487047859062e-08 -2.954194609156345436e-09
1.616551351797763777e-07 3.544931142781843339e-08
-4.267872030395356240e-07 -1.782526095708665493e-07
8.034414889352516912e-07 5.664557883928532709e-07
-9.287321382766374719e-07 -1.157123520735649264e-06
3.957450748125061950e-07 1.371329113945761569e-06
2.807147740226451976e-07 -6.784234558391869826e-07
-1.939810907915596782e-07 -6.636637138997700894e-08
-4.959246954428551035e-08 3.552629365466455924e-08
-8.152033936606844948e-09 1.230614303713323329e-08
-1.656321584576063373e-09 1.958357456265102212e-09
-5.142218488940835909e-10 -1.152853370833668079e-16
-1.656321444512402309e-09 -1.958357624879016890e-09
-8.152034051710168694e-09 -1.230614357450138231e-08
-4.959246947242308291e-08 -3.552629372607280497e-08
-1.939810906598414756e-07 6.636637164413881359e-08
2.807147740696410208e-07 6.784234558330444055e-07
3.957450747711542583e-07 -1.371329114010917673e-06
-9.287321384176159416e-07 1.157123520780837413e-06
8.034414889362500254e-07 -5.664557883489706115e-07
-4.267872031318934496e-07 1.782526096049046742e-07
1.616551350427383318e-07 -3.544931150168802452e-08
-4.710190494043520055e-08 2.954194672395012573e-09
1.106696446134202447e-08 7.897463365538686009e-10
-2.166113357188921974e-09 -4.173633759744444400e-10
3.617254778147996776e-10 1.110213338613941036e-10
-5.249152672265699104e-11 -2.193355885473776404e-11
6.716088584778044968e-12 3.547796656660108087e-12
-7.665064046167899183e-13 -4.908990119366679843e-13
7.884013250498861101e-14 5.961330460708981731e-14
-7.324442985682495446e-15 -6.544168599373507430e-15
5.530015099706357740e-16 6.411959293784593419e-16
-8.823108931741606977e-16 -9.172993316972500723e-16
8.635989821802537081e-15 9.824052504906276522e-15
-7.677573067880391721e-14 -1.013762077788056810e-13
6.075793976787149943e-13 9.462349734455692431e-13
-4.215561177207891401e-12 -7.949284720354378118e-12
2.499152693799234582e-11 5.946283072543708639e-11
-1.212223919034715707e-10 -3.914175040613264316e-10
4.373657536022801642e-10 2.234074460072150761e-09
-8.107848013685612721e-10 -1.085183836665533697e-08
-2.592353153434254779e-09 4.377817427317436495e-08
3.063156924473583426e-08 -1.418685392212755850e-07
-1.460651727331181529e-07 3.517793809888588386e-07
4.355926318009624677e-07 -6.166492217527116854e-07
-8.254257000262462880e-07 6.515277972598350467e-07
8.880237800768241752e-07 -2.303745424416448079e-07
-3.700911407511524242e-07 -1.936902689705623814e-07
-6.044851830697099958e-08 9.625532833933515898e-08
1.112958258094040578e-08 3.041604232842690657e-08
4.841182629210901083e-09 5.927325911896509480e-09
6.860483513569082298e-10 1.066596256970185797e-09
5.909391295601694879e-11 -3.246685943594166098e-16
6.860480587113905025e-10 -1.066596268302448933e-09
4.841182635143206345e-09 -5.927326007384620601e-09
1.112958258973227855e-08 -3.041604222919501818e-08
-6.044851834723328136e-08 -9.625532844727366594e-08
-3.700911407147211665e-07 1.936902690261689562e-07
8.880237799943611767e-07 2.303745425127445417e-07
-8.254256999077151443e-07 -6.515277973365189511e-07
4.355926318632431062e-07 6.166492217245550397e-07
-1.460651726984013958e-07 -3.517793810520941363e-07
3.063156920429591379e-08 1.418685391010650132e-07
-2.592353165959172151e-09 -4.377817421861165901e-08
-8.107848469987169689e-10 1.085183833712074236e-08
4.373658150028626447e-10 -2.234074285462157265e-09
-1.212225046070065049e-10 3.914176459832442439e-10
2.499146769000669190e-11 -5.946288826935473940e-11
-4.215632813020605878e-12 7.949172127620988170e-12
6.075896791459588337e-13 -9.464354537299481757e-13
-7.679141900591376551e-14 1.013204317826295814e-13
8.651030772606977368e-15 -9.806563793142332607e-15
-8.402863079731331992e-16 7.856485499629564934e-16
-7.794014245597911044e-16 8.988795397550070269e-16
8.908805822518443630e-15 -8.581440692846947674e-15
-9.159418734378433414e-14 7.557536462885414622e-14
8.497799676451807608e-13 -5.968826679469149637e-13
-7.081051360499988333e-12 4.137048469917260646e-12
5.244456129593614726e-11 -2.458533499166806280e-11
-3.410142371688774817e-10 1.205848724166394815e-10
1.917332079405742071e-09 -4.520619959911122313e-10
-9.142577097366955469e-09 1.018597657640206427e-09
3.604723634322691629e-08 9.128216040253166153e-10
-1.135055985997551597e-07 -2.093471022549550522e-08
2.712663503063632021e-07 1.047209128536585583e-07
-4.526599602506403763e-07 -3.081189981489038398e-07
4.445343223799870588e-07 5.583799885486496674e-07
-1.298839054241787737e-07 -5.540342199754597090e-07
-1.283003165351977004e-07 1.914773970899452098e-07
4.434653663839520395e-08 4.599189869531004306e-08
1.739491650585987925e-08 -1.324608079297174998e-09
3.683157695958054334e-09 -1.491890454973123004e-09
6.277320975098198221e-10 -1.650292578373816125e-10
1.417600396468237675e-10 1.044106785808244025e-17
6.277319839822930308e-10 1.650297955861980740e-10
3.683157797212115595e-09 1.491890033774311226e-09
1.739491654265054025e-08 1.324608067185155789e-09
4.434653659624093512e-08 -4.599189885870183831e-08
-1.283003165058813872e-07 -1.914773970377770594e-07
-1.298839054515553021e-07 5.540342203658828171e-07
4.445343225407858877e-07 -5.583799887231900176e-07
-4.526599602515301844e-07 3.081189981605982943e-07
2.712663503874890002e-07 -1.047209128681326970e-07
-1.135055985160708456e-07 2.093471032744108534e-08
3.604723628394976393e-08 -9.128216344742736793e-10
-9.142577081605354806e-09 -1.018597735906405407e-09
1.917332176583116889e-09 4.520619041105831924e-10
-3.410143037563711115e-10 -1.205848776287403743e-10
5.244455444398880666e-11 2.458534547821530098e-11
-7.081126861125729426e-12 -4.137104500143530765e-12
8.497433740660417013e-13 5.969783384211002425e-13
-9.159475082743680383e-14 -7.561485574528975313e-14
8.937191505121420786e-15 8.567808618107789455e-15
-7.387575406461316578e-16 -8.746775460199434033e-16
1.316481179838813659e-15 1.322854417306207821e-15
-1.250102872016747020e-14 -1.335461667989785815e-14
1.058879030432617342e-13 1.306040985761991772e-13
-7.965390811207198405e-13 -1.155724900639754782e-12
5.247067747088934219e-12 9.168028057150457537e-12
-2.952882812124756142e-11 -6.448524604186418980e-11
1.364615189548142939e-10 3.972014466778671741e-10
-4.774234530540599630e-10 -2.109446155265269713e-09
9.687099703081069199e-10 9.470102842502982812e-09
1.208519157235184021e-09 -3.502002008150841715e-08
-2.001238170888237961e-08 1.029418583784258234e-07
9.093920895602265324e-08 -2.282412373652704630e-07
-2.451232642272412534e-07 3.498781407069283869e-07
4.044736429885413926e-07 -3.086660310590131288e-07
-3.579819257211465151e-07 6.851061571793745337e-08
9.944316417621198152e-08 8.508097503008551969e-08
3.052727969752443121e-08 -1.918830481202985048e-08
1.907094207089685179e-09 -9.189462671398315253e-09
-1.546975615962805896e-10 -2.069465168792840408e-09
1.519404707391929398e-11 -3.225122199439039923e-10
2.520836629719808384e-11 -4.665623864771828778e-17
1.519377555898222317e-11 3.225121594147598544e-10
-1.546975818974996878e-10 2.069465069406491344e-09
1.907094106114677846e-09 9.189462739245113352e-09
3.052727972067865254e-08 1.918830501417885916e-08
9.944316417000892102e-08 -8.508097505498360319e-08
-3.579819255406710050e-07 -6.851061570998986234e-08
4.044736429552843909e-07 3.086660310494550502e-07
-2.451232642571380225e-07 -3.498781407869751710e-07
9.093920897240527629e-08 2.282412373300359570e-07
-2.001238184563466773e-08 -1.029418584385869606e-07
1.208519176502583742e-09 3.502002002809108504e-08
9.687100312279868290e-10 -9.470102727610393253e-09
-4.774234229429989414e-10 2.109446001205487485e-09
1.364615992990888497e-10 -3.972015683970653147e-10
-2.952873004768551226e-11 6.448528930541769028e-11
5.247061506993579149e-12 -9.167965406613387284e-12
-7.965810603826545496e-13 1.155916793366333753e-12
1.058589384218090299e-13 -1.305608841396484927e-13
-1.250973813909961779e-14 1.335279242238549185e-14
1.325098254328097086e-15 -1.190221784812597726e-15
8.875262195699686862e-16 -1.084348506132601160e-15
-9.482384346496006941e-15 9.937479057348770318e-15
9.326137317925293659e-14 -8.439287487785645088e-14
-8.288742540555504341e-13 6.405896598762023899e-13
6.593810470845638070e-12 -4.269128992097339211e-12
-4.646212198026951680e-11 2.443919511988512376e-11
2.863119957204666227e-10 -1.161916431232492779e-10
-1.518599701039517065e-09 4.310026152919118073e-10
6.793413270029856984e-09 -1.059445214447772963e-09
-2.495411957195731799e-08 4.050027539302842589e-10
7.253302562707208615e-08 1.056407114253672638e-08
-1.579158610481108838e-07 -5.536945191385910790e-08
2.348983039683902998e-07 1.533877079236269001e-07
-1.959280201551213778e-07 -2.488329301001784540e-07
3.385954546884215690e-08 2.062367380641113133e-07
5.240460219411939502e-08 -4.405337829229569003e-08
-6.384132171386390179e-09 -1.951128502866085862e-08
-4.589230202150477215e-09 -2.425216552065631044e-09
-1.065021845215496222e-09 -2.231409065335454900e-10
-1.592201877461868919e-10 -5.257482005116429020e-11
-3.042831984741033303e-11 -2.742560355691179487e-16
-1.592201940925505143e-10 5.257483289407102191e-11
-1.065021861502167564e-09 2.231410380883669126e-10
-4.589230225347697876e-09 2.425216378147358237e-09
-6.384132058285135510e-09 1.951128526354136113e-08
5.240460239259844485e-08 4.405337815269813552e-08
3.385954558529657430e-08 -2.062367382497360690e-07
-1.959280202017712674e-07 2.488329301967060640e-07
2.348983041204404959e-07 -1.533877080315048045e-07
-1.579158611443560613e-07 5.536945196724571521e-08
7.253302568939283965e-08 -1.056407125623107368e-08
-2.495411948948757635e-08 -4.050027042123739250e-10
6.793413324816695783e-09 1.059445238467285599e-09
-1.518599812001859480e-09 -4.310025492105828157e-10
2.863120421899877678e-10 1.161916668105343075e-10
-4.646211211315443500e-11 -2.443917654688521233e-11
6.593800701021186813e-12 4.269173773147233196e-12
-8.288743128226091698e-13 -6.406420424097108857e-13
9.324547217663596711e-14 8.438192522506286488e-14
-9.478545855603795835e-15 -9.924685612944887923e-15
8.216048870166399624e-16 1.041570052691131997e-15
-2.017397295001120674e-15 -1.887280949501087286e-15
1.831725986302934795e-14 1.826179907174033959e-14
-1.480900249111945249e-13 -1.703215388593549178e-13
1.060534325929632867e-12 1.433001589461255492e-12
-6.638317618989682014e-12 -1.076087846434715692e-11
3.546349801771013336e-11 7.133913513482673776e-11
-1.557803476247422752e-10 -4.120676206824862518e-10
5.233918532493106777e-10 2.039898072895461199e-09
-1.089422480252236147e-09 -8.474613321858178800e-09
-3.541349680360788472e-10 2.873845442933493959e-08
1.355237444158129712e-08 -7.655539277943984263e-08
-5.875781557039318416e-08 1.512927271193075743e-07
1.423802089329285155e-07 -2.013231233256034139e-07
-2.025016070229791828e-07 1.454306829618487248e-07
1.442377449440706253e-07 -1.451783755557842998e-08
-2.272298061841932187e-08 -3.507986549759571246e-08
-1.144290605063690851e-08 1.772160529262752834e-09
-1.841606543075958485e-09 2.074288629247556993e-09
-2.855200758692785590e-10 5.070197474654165452e-10
-5.827781879826847740e-11 7.309636286273517959e-11
-1.660977613912319183e-11 -3.072730306090986922e-16
-5.827747513980505329e-11 -7.309624605949005678e-11
-2.855201224288625089e-10 -5.070197971021780829e-10
-1.841606477423768779e-09 -2.074288855606400158e-09
-1.144290592346845739e-08 -1.772160462149822757e-09
-2.272298064384486205e-08 3.507986559251106801e-08
1.442377448646572101e-07 1.451783757287108240e-08
-2.025016070888917398e-07 -1.454306830441564515e-07
1.423802090063175941e-07 2.013231233661508282e-07
-5.875781578236802979e-08 -1.512927270907849310e-07
1.355237462396985763e-08 7.655539289986242410e-08
-3.541350533640167374e-10 -2.873845431218499565e-08
-1.089422610470851463e-09 8.474613226047340682e-09
5.233917537109196138e-10 -2.039897944036393940e-09
-1.557804058874883333e-10 4.120677009619518528e-10
3.546339229828633029e-11 -7.133915403376432242e-11
-6.638230929533419698e-12 1.076080714665981322e-11
1.060495066787903106e-12 -1.433111216663016687e-12
-1.480711776820090550e-13 1.702596692135489650e-13
1.834062645206514303e-14 -1.828949128703416253e-14
-2.038512622322794218e-15 1.736402887934686662e-15
-7.364310891240623783e-16 9.613593941910720674e-16
7.503430023189458244e-15 -8.642542149886842461e-15
-7.112952662092751955e-14 7.106465812829995553e-14
6.081078148765785252e-13 -5.207729319357986510e-13
-4.640558347415983516e-12 3.351652148031958589e-12
3.127709088638669938e-11 -1.856642928411821027e-11
-1.837479707811360333e-10 8.591159475928179545e-11
9.255819769172904383e-10 -3.154115097179779453e-10
-3.914189204141672914e-09 8.184018452686107073e-10
1.351287557402727490e-08 -8.968374983793893011e-10
-3.662567357930639785e-08 -3.584186785050383008e-09
7.349366535184346916e-08 2.242807944940393075e-08
-9.869956114085754189e-08 -6.052781924641526778e-08
7.048647569641314081e-08 8.978887473511186713e-08
-4.488972933886178562e-09 -6.257407477638663292e-08
-1.762806987071788394e-08 5.553798637615024191e-09
-8.000660568266735064e-10 6.094909026936726458e-09
8.081181815282297846e-10 1.419386108254053996e-09
2.237624205820842950e-10 2.466671790860543324e-10
2.091816893142626854e-11 3.563270399243879464e-11
-1.338506040160511787e-12 -2.571496316745186576e-16
2.091861483531217456e-11 -3.563273885838191812e-11
2.237625715078070076e-10 -2.466673197988014898e-10
8.081180532734088648e-10 -1.419386055011856290e-09
-8.000660612863462279e-10 -6.094909254998809778e-09
-1.762806991049175197e-08 -5.553798536056656417e-09
-4.488973001112888159e-09 6.257407478085125094e-08
7.048647564360705547e-08 -8.978887481070554750e-08
-9.869956104555190929e-08 6.052781925391154906e-08
7.349366536154877267e-08 -2.242807955699458841e-08
-3.662567361221872329e-08 3.584186803780632319e-09
1.351287554166885277e-08 8.968375168291595542e-10
-3.914189255750517715e-09 -8.184018453458140588e-10
9.255820023875031266e-10 3.154114267537193571e-10
-1.837479983484063090e-10 -8.591153274646061526e-11
3.127708110088283363e-11 1.856639319315924122e-11
-4.640550715745598694e-12 -3.351619299674132652e-12
6.081074845624878596e-13 5.207919646182433122e-13
-7.110134547369157280e-14 -7.109028065939168079e-14
7.485508216544100511e-15 8.631821909282794843e-15
-6.928357840599308308e-16 -9.678063832337342233e-16
3.300357090076009096e-15 2.766242864897697399e-15
-2.867739340940462906e-14 -2.625562675127401353e-14
2.226823680752108510e-13 2.354588534180952061e-13
-1.530089458974601757e-12 -1.896778050118598643e-12
9.182551172630522715e-12 1.358874531088276573e-11
-4.704496639369236409e-11 -8.562849192696567869e-11
1.988207096667382120e-10 4.680949513638771176e-10
-6.510304352764123783e-10 -2.181748461585336316e-09
1.407407046194827831e-09 8.479719552503243352e-09
-5.563915390390860099e-10 -2.668332433963028991e-08
-9.692313818473202082e-09 6.522989477868486123e-08
4.270324635627135608e-08 -1.163744324660808577e-07
-9.549586757964860516e-08 1.359012053569270542e-07
1.187971057940701463e-07 -8.027203458441617552e-08
-6.759670674603824300e-08 -7.791117997382899451e-10
3.392455057296743985e-09 1.627187359634277756e-08
4.291738606767607006e-09 1.118182631732961881e-09
8.344182972802748914e-10 -3.068807457385057536e-10
1.083182725137079483e-10 -5.802194437879712651e-11
8.249230846149399190e-12 -5.552996752233836796e-13
-1.197433252731046083e-13 -1.357484925241863888e-16
8.249267474953474528e-12 5.550801058200744461e-13
1.083184693544952523e-10 5.802221073735026479e-11
8.344180746553347310e-10 3.068808117470060935e-10
4.291738646270739642e-09 -1.118182527621623983e-09
3.392455022382160877e-09 -1.627187353735565126e-08
-6.759670666561431754e-08 7.791119683870505365e-10
1.187971057811370649e-07 8.027203456838364178e-08
-9.549586753309731550e-08 -1.359012055502489572e-07
4.270324661881709284e-08 1.163744324990207911e-07
-9.692313983105422497e-09 -6.522989493184006480e-08
-5.563914628585354701e-10 2.668332424513447044e-08
1.407407121916119629e-09 -8.479719564274188905e-09
-6.510303462438246226e-10 2.181748339453401416e-09
1.988207575955976827e-10 -4.680950101032096703e-10
-4.704486259769017147e-11 8.562849710064223551e-11
9.182509437381885127e-12 -1.358866424766115127e-11
-1.530065325147018520e-12 1.896821563372168336e-12
2.226192344909936802e-13 -2.354457654875971422e-13
-2.868777173426464282e-14 2.627772949727288381e-14
3.330773499403812500e-15 -2.658813357391157010e-15
