2.144221587223746238e-24 2.689168631975939423e-24
-4.678081367833082873e-23 2.923781981473185462e-23
3.521815382825807532e-23 -2.400525679445477552e-23
4.222709761233507942e-23 8.392448477880543167e-24
2.443063697853885770e-23 -3.412994886564499594e-23
-3.944554811286253232e-23 -4.973485323933666512e-23
7.137252583746002202e-23 3.229098383176504940e-23
3.682647115821861376e-23 4.071648378459827091e-23
1.779804906700811317e-24 1.594646335342058113e-23
-2.904557780570557161e-23 -4.564621800111192988e-23
1.413782024199664390e-23 -1.916226324849626715e-23
-2.486222811510766632e-22 1.496615668363124130e-22
2.969223976195511870e-21 -1.291047727804642834e-21
-2.790322058489735559e-20 8.217397052624964177e-21
2.307845075254118048e-19 -3.344949105352823353e-20
-1.654259266860827170e-18 -3.522243378821449562e-20
1.003459224005759318e-17 2.205123936721864294e-18
-4.949642610848011568e-17 -2.404974630028705096e-17
1.855545192376009185e-16 1.836135822838814335e-16
-6.382908042242537271e-16 -1.115411065355698290e-15
1.000000000000000000e+00 0.000000000000000000e+00
-6.382902696750561778e-16 1.115411494504736401e-15
1.855547366500229468e-16 -1.836134859210203291e-16
-4.949628934420320252e-17 2.404977390389708809e-17
1.003454904571067071e-17 -2.205137767805215385e-18
-1.654261466880865937e-18 3.522985702886390835e-20
2.308164582181553363e-19 3.339465996707782650e-20
-2.789794452024819754e-20 -8.275930400406022795e-21
2.959464544579656031e-21 1.267429613652182844e-21
-2.979015750644461582e-22 -1.769857570754481025e-22
4.376582848156939512e-23 1.870301250057310171e-23
-2.116369709109123603e-23 -1.189862378610539487e-23
-1.910145130609814434e-23 1.277971877127353789e-24
7.822870986887196539e-24 3.126797873136780679e-23
1.326005728756224534e-23 -2.499873763854469312e-24
8.269939344524086409e-24 1.513521264107847356e-24
9.255848778497905539e-25 -8.293518828399071416e-24
-3.025367793321885604e-23 -1.685933236004089134e-23
-1.463646155877499859e-23 5.263342495405106298e-24
-2.376078236782135691e-23 9.711366924735002772e-24
9.746571281912742783e-24 -2.729677272817645234e-23
-4.892444557679905242e-24 9.993087171454224446e-24
2.919920156332558290e-23 2.094589431665805237e-23
2.395979654316004664e-23 -1.926234876670488451e-23
-6.836624290751077975e-24 -7.256819734203770302e-24
1.246798416421306510e-23 -3.238881030490322647e-24
-1.284939949711855116e-23 4.090508493007086337e-23
-2.412399117477646090e-23 -3.010835434838481289e-23
-1.130817233572685822e-23 2.123897701034477686e-23
-9.881847782352754322e-24 -1.757416940906302335e-23
-5.825785371837442412e-24 6.505699637446076098e-24
-6.367999927439005557e-23 -7.712616834386021941e-23
5.236773723047804287e-22 7.864056667683092505e-22
-4.034628633359798403e-21 -7.777819908737802123e-21
2.505706257543988145e-20 6.703005200458003912e-20
-1.123848105000577710e-19 -5.019987345857848691e-19
1.973685947208886834e-19 3.191457379788513320e-18
2.092240626682635623e-18 -1.665660537058740936e-17
-2.482824275107480340e-17 6.772560818764161531e-17
1.443025381158687225e-16 -1.950050800179424301e-16
-5.084383606511858767e-16 3.134333842161850721e-16
9.661744855777099190e-16 -1.579625250040970825e-22
-5.084385144433232487e-16 -3.134333257601900907e-16
1.443025416318577442e-16 1.950051044386036917e-16
-2.482825322439905769e-17 -6.772556402673390004e-17
2.092254183535198529e-18 1.665660071272165728e-17
1.973686152766115952e-19 -3.191457196005092611e-18
-1.123847127784107429e-19 5.020114712190163252e-19
2.504644720927317967e-20 -6.703343162388616672e-20
-4.047716178152118533e-21 7.777362174423739082e-21
5.220481719865989607e-22 -7.956840774372347709e-22
-5.632220426038766802e-23 6.720599931999001750e-23
-4.835761719960396896e-24 -1.132024444017253301e-23
-1.025573549961079443e-23 8.860033928479230886e-24
-1.242060750071737574e-23 1.480038752060093487e-23
-1.160379292408026596e-23 6.600493934563016727e-24
6.387469819872035651e-24 7.100216218563072074e-25
-1.482901021299003265e-24 -3.489305280211714932e-25
2.461313032140574860e-23 -2.301490081569174115e-23
-1.037850936223208092e-23 -1.095480444306506535e-23
-1.149067287938659999e-24 -1.532781746910231702e-23
-1.164884740215992231e-23 -9.974827821377449494e-24
-1.053466295063105677e-23 -5.710276750195496477e-24
3.167003070198760340e-23 -4.116359938001179302e-23
-3.453005968184269029e-23 1.475082189047761221e-23
-2.042896395125128032e-23 -7.725954779017739571e-24
9.618949727876232991e-24 6.556676092749065768e-24
2.842241816670291956e-23 1.181278726928486898e-23
-3.824695658620847420e-23 -1.960884929029529983e-23
8.162693956858329149e-24 -2.847023680964750862e-23
3.836958146213629126e-23 -1.980634682902526423e-23
3.247668200189771332e-23 -5.578650120855296626e-24
-1.441541424215208894e-22 1.288769853939642676e-22
1.596864351530838638e-21 -1.215338608026862190e-21
-1.464281929469037606e-20 8.845313101139287505e-21
1.163324455091543938e-19 -5.275494038850634493e-20
-7.909209420928927805e-19 2.389474148392062757e-19
4.476646741689174359e-18 -6.330492532920372692e-19
-2.021529347189120028e-17 -8.082094193683036281e-19
6.792553630538655664e-17 1.805741547565562772e-17
-1.488259862138724902e-16 -8.944484146237396112e-17
1.516082561940011612e-16 1.881414997749446274e-16
1.174161971206914560e-16 -9.864944124025207690e-23
1.516082113781385609e-16 -1.881416583888776051e-16
-1.488260130869475415e-16 8.944484462263150707e-17
6.792551082860833612e-17 -1.805742515493198831e-17
-2.021528123371685485e-17 8.082113688597877988e-19
4.476640586800256660e-18 6.330717866832504818e-19
-7.909423653612837539e-19 -2.389103899036103364e-19
1.163156054780746226e-19 5.279540932962941185e-20
-1.463538314692617308e-20 -8.833219991289802334e-21
1.610597284251201673e-21 1.216084512654696769e-21
-1.828983436330239941e-22 -1.421545444248107887e-22
2.802138486778147909e-23 3.794688027666221289e-23
5.510813504061400229e-24 3.472469737407159105e-24
-1.930531890221120443e-23 -6.247588672466698693e-24
-2.076080100382482889e-23 1.227287055569145169e-23
1.900402191450873554e-23 3.290393401326590214e-24
-7.512793339833095099e-24 -1.213946662558572682e-23
3.548957925741720454e-23 -1.196412740347607160e-24
-4.229300222044231648e-24 -7.472808230426240984e-24
1.520703332659219871e-23 -2.708376012634338893e-24
-5.282469590496855403e-24 -8.072488172229100013e-24
-6.745476215480523898e-24 2.821458099683002933e-24
-2.861990516426502031e-24 -1.108046989199608593e-23
-1.514914610585546964e-23 -1.061103820379401112e-23
-1.202183728086372582e-23 1.103323840623640449e-23
-5.446900864237287534e-24 5.043830230943551119e-24
2.757738848329108016e-23 -2.910535176863283613e-23
2.974612376600935731e-23 1.211605882715726709e-23
5.360147994294163019e-24 1.736405829533055449e-23
8.153851287563263634e-24 9.946203252885689819e-24
-4.052505732998515701e-23 -1.670495968816684463e-23
3.071368979858418202e-22 2.864018124400902130e-22
-2.304017803946000516e-21 -2.698063894711176184e-21
1.585839906536349082e-20 2.290342174460343105e-20
-9.007000886617605460e-20 -1.679954256221917233e-19
3.959785501348607563e-19 1.040304010074869196e-18
-1.150992521725974744e-18 -5.259680732116525959e-18
8.164864693466376490e-19 2.062983543107512248e-17
1.031283868192997084e-17 -5.753787534736788090e-17
-4.769425633715251070e-17 9.547112087170928062e-17
6.880946602096035020e-17 -5.419341264893540523e-17
2.719394521814792408e-17 -1.914339363665408533e-23
6.880950564035125113e-17 5.419334944199051175e-17
-4.769425674315085044e-17 -9.547114589824557089e-17
1.031284616130371738e-17 5.753785878536524836e-17
8.164988164316877112e-19 -2.062982910524688291e-17
-1.151001286142986879e-18 5.259684729944179029e-18
3.959657119924692675e-19 -1.040281150852058409e-18
-9.008004839243733517e-20 1.680217650794649669e-19
1.582493310217956011e-20 -2.293335442116561057e-20
-2.311632064003375358e-21 2.700116199686839229e-21
2.884236003463437440e-22 -2.923897926791274327e-22
-4.488471728149787648e-23 1.935181633759115804e-23
4.381872392112734905e-24 -9.469885105465329011e-25
1.081793814783003526e-23 4.200152825817315377e-24
-5.120793467489411668e-24 2.071566629396141002e-23
-4.574008996276041771e-24 2.035872914568493468e-23
-5.297023713655824940e-24 -1.888189084026730895e-24
-3.721746515302461288e-24 2.344393425752121315e-24
1.187839092354774980e-23 -9.549636371763869342e-24
-1.399140810445734185e-25 7.233468676617446205e-24
-3.169928568994541593e-24 3.111737600089078245e-23
4.559794385734841354e-24 3.694669482237284121e-24
8.783736748627016644e-24 2.481062652348863923e-23
2.338768231534109759e-23 -6.251811292163206056e-24
1.156018297423907754e-23 9.560351447122562996e-24
-1.699347606702751168e-23 -8.806356336786459356e-24
-3.148549830559103838e-23 -1.080001241211165542e-23
6.419465469167919164e-24 -7.196395732905496405e-24
-1.442029494296478688e-23 3.422839742857616743e-23
8.592337031668888586e-24 6.462469422806078760e-24
-7.851599403370799737e-23 3.512693886428324909e-23
4.273503670459006084e-22 -5.018248683239171813e-22
-3.973790200807148209e-21 3.800997726656989760e-21
3.155925184400439767e-20 -2.476885542679442906e-20
-2.140157735403360823e-19 1.329844518075860785e-19
1.209447775950078183e-18 -5.568594248307269442e-19
-5.478365711926538438e-18 1.617004152664762471e-18
1.872332397136062998e-17 -2.148793393922500555e-18
-4.343736585331576214e-17 -4.486701577133395102e-18
5.437980055595522736e-17 2.330342335813890504e-17
-1.432595211731353073e-17 -2.209168944862885305e-17
-3.392392053887639450e-18 4.336427925511258286e-24
-1.432596629897424355e-17 2.209171342881906489e-17
5.437981607233761362e-17 -2.330342195980960496e-17
-4.343736782343873598e-17 4.486710212163037196e-18
1.872333091959084234e-17 2.148783706855068475e-18
-5.478330885575254080e-18 -1.617011813342064389e-18
1.209493489931741200e-18 5.568323628594622368e-19
-2.140079604005734855e-19 -1.329988022253919810e-19
3.152492945052055308e-20 2.477699763561950956e-20
-3.979801077881848977e-21 -3.802147597630158248e-21
4.817345318685378496e-22 5.026239240831415862e-22
-4.758667819502455117e-23 -3.844040526044239461e-23
1.403704427418956237e-23 -3.436483133497786815e-24
2.464173602167006647e-23 1.305503898255638366e-23
2.045829131780335520e-23 -3.178238482931684770e-24
-1.431470339580639531e-24 -7.169304385199382725e-24
5.834905949644732579e-26 1.524118420479910862e-23
-2.164320784255131347e-23 -1.817538145030089550e-23
-9.166133747173012107e-24 -4.659595800497029732e-24
-3.330552932374858796e-24 -4.210699243352541544e-24
-3.951399274703830593e-24 3.110801572776578083e-24
7.230461230951058580e-24 -1.534406379661772560e-23
1.101636053731534785e-23 1.793225688976735542e-23
1.110463818826293241e-23 1.313517309016604721e-24
-2.375836731282975948e-23 -8.163561084653674350e-24
1.929214250780103581e-23 -1.144262601936645053e-25
-1.318626022835740118e-23 1.679816664426390000e-23
2.154240738758250756e-24 8.424637042077477818e-24
1.026929649700088986e-25 -9.277378606237774312e-24
-8.909008553330567979e-24 -2.538798082130767232e-23
1.090552747013939679e-22 4.374557063504310828e-23
-7.953511516978013855e-22 -6.349900327241630351e-22
5.698374127152542178e-21 5.290084463242088680e-21
-3.488089395034764121e-20 -3.941100222481911148e-20
1.763029349177625438e-19 2.478943147916153432e-19
-6.950734821642844131e-19 -1.281783084319928149e-18
1.936064135797325672e-18 5.214358229855066802e-18
-2.906254666145857084e-18 -1.556760647157971220e-17
-1.083810711638315978e-18 3.007679178652734974e-17
1.077576759436143121e-17 -2.802699816166807369e-17
-7.030662255205598566e-18 1.848692839839355732e-18
-2.371073176331366945e-18 2.138130404963459876e-23
-7.030663930395152049e-18 -1.848679207253025918e-18
1.077577016498082290e-17 2.802700739552774124e-17
-1.083819056140562567e-18 -3.007677999650809547e-17
-2.906256177794299353e-18 1.556759951331707500e-17
1.936072509563857632e-18 -5.214356248056939239e-18
-6.950827180069221802e-19 1.281771560524575299e-18
1.762985318112340148e-19 -2.478943892074320863e-19
-3.488542388241797229e-20 3.940883574152375213e-20
5.702878339958644393e-21 -5.313571526139499016e-21
-7.848595469066173321e-22 5.870324724780936806e-22
9.670195478134701329e-23 -5.075349970622137371e-23
-1.141433550526238523e-23 -1.501372839491515714e-23
-6.337126186017876834e-24 -4.017072087287032101e-24
8.303369652477025538e-24 -1.368983262412189640e-23
-4.968928791340839284e-24 -4.292187597251747096e-24
2.511573091978171551e-23 -1.439719968122179683e-24
2.071937747322604236e-23 -2.678421549108897915e-23
3.581428832931039787e-24 2.321675036476147163e-24
4.364752032497276746e-24 -3.859626555234722920e-24
4.835540456840342269e-24 -1.067922318304788783e-24
-9.826605992812093225e-25 -1.735002767604256981e-23
1.462978052825864153e-23 -1.847785313566436565e-23
-3.533515604812202694e-24 -5.054291782417443443e-25
-2.302870102228917282e-23 -1.743951683776739744e-23
8.747370035706989824e-24 7.777643379985802897e-24
2.217454287955847102e-23 1.781547407335409112e-23
-1.487676139110869243e-23 -4.652513224949433963e-24
8.162976962095216357e-24 -1.612161380731470449e-23
-3.425423779630963856e-24 1.175872359550129365e-23
1.008133556652386716e-22 -1.183614031974698072e-22
-7.911577531213688413e-22 1.129856011891801588e-21
6.526514820753456161e-21 -7.807099961329429658e-21
-4.555411022515447383e-20 4.525361577211391088e-20
2.661692776151651163e-19 -2.146063112111619015e-19
-1.261879748261556321e-18 7.914336507404596314e-19
4.620799632992988763e-18 -2.070132275815974554e-18
-1.207455377088889763e-17 3.092600132563541498e-18
1.942098684555507740e-17 -4.521023117865057539e-19
-1.322543124418312101e-17 -4.897075359718076581e-18
-1.098845917453547654e-18 2.017428331816849596e-18
-8.050412412758043238e-19 5.115611764418542076e-24
-1.098848563275752411e-18 -2.017411516189029996e-18
-1.322543134846318641e-17 4.897069770462444501e-18
1.942099387487089089e-17 4.521073109232291932e-19
-1.207455677408405092e-17 -3.092606011932069863e-18
4.620793934265655914e-18 2.070121831068958047e-18
-1.261893657366183551e-18 -7.914261909072348935e-19
2.661757992936439457e-19 2.145996991150761024e-19
-4.554625413164791356e-20 -4.526515245647037952e-20
6.522853711570635845e-21 7.782988643427804630e-21
-8.091876462080407788e-22 -1.137164385302052244e-21
1.024576228819020090e-22 1.450524958632996966e-22
-1.900150193092044037e-23 -2.833393982510399317e-23
-2.323460507172216942e-23 -2.286251908757106091e-23
-1.752615468308302240e-23 5.232887628177658075e-24
-4.951607954997867942e-24 1.169666530302372921e-23
1.914238649206768989e-24 -5.989357774580283581e-24
3.008654356869501370e-23 1.093013038960694488e-23
2.397529607846460568e-24 1.207108929638847513e-23
9.348175849594572576e-24 -3.839858735890466025e-24
-1.969789098129771011e-23 1.523334608331708457e-23
-1.980695940368285714e-24 7.440848110303004283e-24
-1.672312905031174089e-23 -1.762963190763385276e-23
1.539665385985079833e-25 -2.035807831643276039e-24
6.333248418133865870e-24 -4.930104339756516459e-24
-8.764094468783127617e-24 5.370620159226427039e-24
5.924986799352298823e-24 -1.433218652113326133e-23
1.644870144371796559e-23 -4.633912177329242216e-25
-1.171542960561976421e-23 -2.410907841930292640e-24
1.433897233790582862e-23 1.199665016424316102e-23
-2.218716633777042776e-22 -1.125492199741388606e-22
1.555206791237201940e-21 9.891849859422607957e-22
-1.005675321299885410e-20 -7.514632196471316352e-21
5.485906215621350899e-20 4.931713150886670625e-20
-2.437515528138846708e-19 -2.683779520743268829e-19
8.369780698193125159e-19 1.168866803662851693e-18
-2.030374725970448260e-18 -3.860254965909206301e-18
2.860951354672324510e-18 8.841786404021971339e-18
-8.830855900091551407e-19 -1.181959723551058660e-17
-2.273870946057780465e-18 5.689267549601744771e-18
5.065694758911547674e-19 9.792139085373476055e-19
1.327899199916827121e-19 4.082368961603572785e-25
5.065736862650456718e-19 -9.792140223380601030e-19
-2.273873355565150105e-18 -5.689269639253739566e-18
-8.830746771574748942e-19 1.181959747061992824e-17
2.860941471427878336e-18 -8.841777629290209785e-18
-2.030395099500876150e-18 3.860262353994985901e-18
8.369524215611204603e-19 -1.168888845338742177e-18
-2.437700710864163058e-19 2.683824426976060437e-19
5.483429974820795416e-20 -4.931197983934416631e-20
-1.006807629984677918e-20 7.523375795387767860e-21
1.538217373941991244e-21 -9.846509295462499691e-22
-2.267125768903972996e-22 1.230386588483558580e-22
2.229160591775852910e-23 -6.399900313350124170e-24
-2.133012053937584975e-24 -5.697744308825145265e-24
-4.627980108035669884e-24 5.015664360347228574e-24
-1.757276624124076682e-24 -7.185908240884955837e-24
-1.083024418620567620e-23 1.092798259504964474e-23
-2.591274280218633474e-24 -2.177531330527216895e-24
7.670535516483662887e-24 -5.645323801447823695e-24
-6.486900198986608957e-24 -7.974792885181891100e-25
9.542115283482418283e-24 2.289339544865926603e-24
3.118753474245443907e-24 -4.060704487412766009e-25
-1.536818825714917099e-23 2.965364613868068817e-23
-8.411023574466834841e-25 -2.667775028148466382e-24
1.298993239146612764e-23 1.325728936340321938e-23
-2.348025912107342346e-25 3.489342688666639886e-24
-1.549923479699251451e-23 -2.206078783685632404e-23
5.684630477922487004e-24 5.132134663657885635e-24
2.334707428017541258e-23 3.476286826875179600e-24
1.449316413632163851e-23 -3.191056691635711601e-23
-1.306989815066154583e-22 2.658679070215883541e-22
1.075034571420285427e-21 -1.989402822573105788e-21
-8.163922237316879450e-21 1.219985170776175140e-20
5.052593601079115312e-20 -6.279581197370128097e-20
-2.564181148866529730e-19 2.611715914967656337e-19
1.027966692889489835e-18 -8.325762996234190260e-19
-3.067204319688113716e-18 1.858255072295904127e-18
6.164106299228106585e-18 -2.399549293673594258e-18
-6.826601987132416890e-18 8.012732043817056256e-19
2.197190284856007732e-18 1.106424217363237239e-18
5.477168951753343437e-19 -7.472909312100680865e-20
1.791795623623140298e-19 -4.292190920130191346e-24
5.477195509911731151e-19 7.472019842646278468e-20
2.197189357510791696e-18 -1.106420939897772985e-18
-6.826595696469588105e-18 -8.012823104862004564e-19
6.164121370725250930e-18 2.399551330471748935e-18
-3.067191320521464942e-18 -1.858253278677368875e-18
1.027956650743125015e-18 8.325765334098144446e-19
-2.564140022905030341e-19 -2.611768165757808878e-19
5.052293223639553916e-20 6.280470551656758158e-20
-8.179510883650732977e-21 -1.221088679403413944e-20
1.131868561859338059e-21 1.995452943960094905e-21
-1.265266204234656597e-22 -2.809289981371007633e-22
6.044438361910011442e-24 4.594883254692653323e-23
-8.346656927447436680e-24 -1.200529857903602408e-24
1.049104182807611917e-23 1.354070644730465290e-23
-9.117050856424657318e-24 9.628519009673295847e-24
-1.198471406985227333e-23 9.519928199606878096e-26
-9.086183681860678497e-24 -3.213376364790496103e-24
-1.021042584625807383e-23 7.718444814956474388e-24
-7.535892444965928064e-24 -1.226811533191133600e-23
3.176599877449662246e-24 -1.958771294047682665e-23
1.722893003282513440e-24 -6.017513327695551294e-24
1.670879428749652476e-23 1.244997013383150638e-23
2.349006347014816231e-23 -1.053583455772334882e-23
4.362798578115311391e-24 -4.965416258547150017e-24
-5.688899191180957846e-24 7.755578578298516300e-24
-6.397169671245488937e-24 1.980303393030477624e-23
-1.365113710830022490e-23 9.872741203947902741e-24
1.063052356454527080e-23 -2.068223688457528399e-23
-2.976617528171757297e-23 -2.640113813958783397e-23
3.707232327262041774e-22 1.554066011906115508e-22
-2.425853512574232288e-21 -1.226807450023000275e-21
1.414031576363995983e-20 8.456337312050830390e-21
-6.847221084007254817e-20 -4.923459908448757407e-20
2.662445402359379245e-19 2.337116833682734391e-19
-7.863306710993133536e-19 -8.639984513639518022e-19
1.605681207875539255e-18 2.333017896334961743e-18
-1.865781353387207389e-18 -4.116491885498549514e-18
5.618795545080052298e-19 3.758044470006004034e-18
5.676245376097484515e-19 -7.258519157149062106e-19
3.797997482987612438e-20 -2.264750637803324686e-19
2.484664975737190234e-20 2.455637820138354757e-24
3.798161744949817551e-20 2.264713952010690470e-19
5.676284111231340431e-19 7.258563255223849304e-19
5.618704117707994461e-19 -3.758053786439803940e-18
-1.865776959593685645e-18 4.116482489961193862e-18
1.605696670290074169e-18 -2.333018870731893937e-18
-7.862932889885259185e-19 8.639944616716656325e-19
2.662666134804381130e-19 -2.337137709359514953e-19
-6.846689823544457985e-20 4.927330613666481490e-20
1.413892443744135391e-20 -8.422431048773627568e-21
-2.435972338447963658e-21 1.199362005441715982e-21
3.467231292031737846e-22 -1.512032217442131729e-22
-5.025048736757479632e-23 1.107551130485639869e-23
-1.507930974283656725e-23 -1.647343941912136879e-23
9.560469353193472693e-24 1.015577972764041003e-24
1.746725498455626418e-23 -1.080964940543598786e-24
-5.876657565331226307e-24 1.064546205850027512e-23
1.327762345800728763e-24 1.059572205928192150e-23
-1.295093334555793833e-23 9.748943551268275331e-25
-5.401757915479169630e-24 -2.600083797055052797e-24
9.933627999654354388e-24 2.028286426692915641e-24
-9.340787928718581078e-24 -2.057172980011527476e-24
6.876013267151526174e-24 -2.915954586082363328e-23
1.552053715159278740e-23 -3.431685187881526503e-24
-1.185308078622217084e-23 -5.798464938441076489e-24
-4.125189604237031745e-26 1.756575293133734261e-23
1.332367843567675809e-23 4.968133339336420143e-24
7.929617042540266882e-24 -3.003915814338895277e-24
9.819146192090347971e-24 -2.501566632293738281e-23
-1.657763168679956324e-23 5.843267329407308647e-23
1.500304626955931775e-22 -4.308673012726476740e-22
-1.227016933915507236e-21 2.844790319785381080e-21
8.314863565540016787e-21 -1.565749865021416494e-20
-4.596421891815000705e-20 7.147099653213982780e-20
2.041845593249426276e-19 -2.599412501159460359e-19
-6.975293200679293765e-19 7.099668224693052841e-19
1.707221264575859291e-18 -1.320987070556510083e-18
-2.645483885544899276e-18 1.362995059397005992e-18
1.976695951809675284e-18 -3.320066218191150245e-19
-1.743518223099978866e-19 -2.990540145438484096e-19
-7.673583915743230327e-20 -4.335739582356396264e-20
-1.601645314375093018e-20 5.132585108736854017e-24
-7.673799949294743987e-20 4.334880195533051595e-20
-1.743504652068407034e-19 2.990586003802453330e-19
1.976687537089470259e-18 3.320052079842943741e-19
-2.645501020219703502e-18 -1.363007316533460042e-18
1.707215415131074932e-18 1.320977284328599891e-18
-6.975619770642882765e-19 -7.099887785542131816e-19
2.041934239844176712e-19 2.599113683805071299e-19
-4.594932768982069126e-20 -7.148931006051670300e-20
8.301997938117495066e-21 1.565387589542615399e-20
-1.254565743645295918e-21 -2.835995989188508803e-21
1.644098040758489838e-22 4.336602625166812910e-22
-1.795949952886950686e-23 -6.163393215458294193e-23
-8.676639757375927949e-24 8.916116680134329102e-24
8.974927015222494676e-24 8.915348196880094663e-24
1.200860507764419150e-23 -2.899631915799288917e-24
1.798073245678784125e-24 2.569156983428670427e-24
1.094357186704732075e-23 4.941413948154068704e-24
-9.294601438836257629e-24 1.128778444204927340e-23
1.733030827160027602e-24 1.084093836516795401e-23
-1.439580001789468294e-23 5.421113693046825810e-24
-2.750656178494951529e-24 -1.672573473540424382e-24
-4.869921961576481755e-24 5.950736338129943737e-24
-6.603306774309980863e-24 -8.851397353679825188e-24
-4.679865583992529839e-24 6.911980067039516228e-24
-1.050122331820935303e-23 3.906524197149164375e-24
-6.427771840350801275e-24 -2.419926053740898576e-23
2.661952890102826238e-24 8.860796187378484297e-24
-1.253515136387307891e-24 1.013469732204755776e-23
6.905591997665222289e-23 2.672283301215217607e-23
-5.269992858886085193e-22 -1.647497416397293596e-22
3.214646423496447272e-21 1.234347171440357989e-21
-1.673391428059402636e-20 -7.829904848770609440e-21
7.191995579917576827e-20 4.114621133622346076e-20
-2.441746041578345222e-19 -1.716815105055924626e-19
6.162547767440807444e-19 5.430341708700124599e-19
-1.041128581998137301e-18 -1.206496724795778851e-18
9.434246240142133733e-19 1.641863452201605046e-18
-1.666600627193309628e-19 -9.941264998814325654e-19
-1.568284993747141577e-19 1.420446577296337665e-21
-3.231532276890051373e-20 1.829536104433166465e-20
-1.169586688810030550e-20 3.547239442031298233e-24
-3.231535739997454616e-20 -1.829883925170536497e-20
-1.568227828365515793e-19 -1.417381761876315137e-21
-1.666694743774515733e-19 9.941404135914551826e-19
9.434130059882517332e-19 -1.641847283845097655e-18
-1.041097751453199589e-18 1.206492742193825727e-18
6.162650087283443505e-19 -5.430184539798525957e-19
-2.441947259720253872e-19 1.716890363975008081e-19
7.187139178942601474e-20 -4.113672124954384107e-20
-1.672807212832935757e-20 7.862163321559020590e-21
3.224955583837937579e-21 -1.221592977970538855e-21
-5.268975836150703764e-22 1.597515463381401327e-22
6.027695803083461248e-23 -2.883239222499441245e-23
-4.809193534715726191e-24 -1.637151922648090620e-24
-6.716578865211251294e-24 -3.814985633177900241e-24
-3.649346429741956585e-24 -8.962201587860808633e-24
3.749131884770128649e-24 -1.499376019465830959e-24
-8.509907881379576136e-24 -1.227355900009634038e-23
-1.402634213961624747e-23 1.149823841867829548e-23
-1.591097164919852537e-23 1.185845294141779468e-23
2.842105117918024012e-24 1.688109008379999579e-23
9.070594028622495744e-24 -1.000128585540940923e-23
-7.924844778646170358e-24 1.593264862693336291e-23
-2.020677931779274070e-23 8.990156560578581835e-25
5.041523829237907941e-24 1.267075183041326120e-23
-8.367384259301013844e-24 -6.641839647406337831e-24
-1.431417200612202875e-23 -8.559451347168689394e-24
1.297849427352351231e-23 -4.324550484198282874e-25
-8.378919082636953731e-24 3.743213410665824491e-23
1.729673758576664847e-23 -9.282495201595011632e-23
-1.652941839740399718e-22 6.021427697935493807e-22
1.156025087584652330e-21 -3.482095892184962342e-21
-7.066536478952345080e-21 1.725686887633975366e-20
3.546425372914779178e-20 -6.991685733874134128e-20
-1.392957855061645033e-19 2.217620145349160230e-19
4.088104528518088295e-19 -5.164260126856587560e-19
-8.259203505705683359e-19 7.898321974407161138e-19
9.868535110497084520e-19 -6.220175440789641061e-19
-4.775107208684753466e-19 6.693849500669960894e-20
-3.454305456196387150e-20 7.907595595168660212e-20
-2.883524699593538279e-24 1.797524746005357113e-20
-1.188018271070875882e-21 2.237647855177366941e-24
-5.934301379217119368e-24 -1.797804049406690885e-20
-3.453285098731376112e-20 -7.908048053010187436e-20
-4.775065598491477467e-19 -6.692787564381423374e-20
9.868486734972361367e-19 6.220400899010853077e-19
-8.259633839997247827e-19 -7.898454112266263363e-19
4.088412046010851231e-19 5.164287460633700421e-19
-1.392924687295579584e-19 -2.217758583284750518e-19
3.546093341781750729e-20 6.993164405640868447e-20
-7.083058289907802551e-21 -1.726604067037682171e-20
1.157177337028237876e-21 3.480266998488151155e-21
-1.500166814935483429e-22 -5.908478190284828965e-22
1.534704282765930621e-23 9.033648617498500415e-23
-6.615923980194245903e-24 -2.117965024959356678e-23
3.360528490974409044e-24 -2.253495321711267815e-23
-6.676183597795572327e-24 -8.938418041066488951e-24
1.720639167001082005e-23 2.355408471330114757e-24
-3.382714215612871247e-23 3.803036016807691716e-24
-2.610179814125384366e-23 4.638774510300982303e-24
-6.373199214773527106e-24 -1.185675850257005984e-23
1.435976314158457390e-23 -5.251979615107447158e-24
1.265730934968016966e-24 2.835206676744445213e-24
4.995091386933198335e-24 -1.002338140510453319e-23
2.940082639478372754e-24 -1.204879164529985764e-23
-4.150136017831534099e-24 -7.998562409134276811e-24
4.067130769885270335e-24 -1.959324373851605410e-23
-4.844266216509723322e-24 1.257607476218336871e-23
-9.562935934646329790e-24 -1.162155112533548407e-23
7.095414787260426561e-24 -6.203194838461694712e-24
-9.138254133939725455e-23 -1.203892437895236388e-23
6.494362412865805507e-22 1.397767190793299089e-22
-3.695302201341303865e-21 -1.019950448130494877e-21
1.728891209263863757e-20 6.165543944466051283e-21
-6.590412684217466301e-20 -2.942749953511430258e-20
1.952655503057916096e-19 1.092435409625301389e-19
-4.192837022343316858e-19 -2.983687313250766967e-19
5.788764778089295961e-19 5.490761353979906464e-19
-3.919343304622818412e-19 -5.756551644261446451e-19
1.555084468261424420e-20 2.182794681400672642e-19
3.727539909789199074e-20 3.003577377695577380e-20
9.208681365649059947e-21 3.240584407815808424e-21
2.532114923026805349e-21 2.332656220317873935e-24
9.201608595009502006e-21 -3.247035083128465575e-21
3.727726373090836083e-20 -3.004659389272650967e-20
1.557084224632044615e-20 -2.182696818681817352e-19
-3.919083961908840771e-19 5.756827788202279332e-19
5.788895646506821639e-19 -5.490546737971540476e-19
-4.192784032466958914e-19 2.983504927046275237e-19
1.952467720522945121e-19 -1.092306551901470033e-19
-6.590386594068429738e-20 2.940716861584443425e-20
1.727931694364179402e-20 -6.149457909889033654e-21
-3.665884635976127603e-21 1.025022778645623809e-21
6.669951036346868063e-22 -1.413372823604124239e-22
-1.079119779244966601e-22 1.302075581983752324e-23
1.534283256035985231e-23 7.247756791152920035e-24
-1.955508231000341212e-23 7.540237372397790899e-24
-1.348546118269482145e-23 -4.804017123997271678e-26
6.280747741796281695e-24 4.643788958079801202e-25
5.092179200229420092e-24 9.025502624223608699e-24
-1.282555772373783564e-23 1.646642148548832853e-23
6.252786556748740268e-24 -5.976354794965075410e-24
7.576764622796455474e-25 3.761213138369168097e-24
-5.580248133080736422e-24 -6.076574814180344648e-24
7.885953014499301289e-24 -9.575789833923762079e-24
1.127935422552528876e-23 3.768558513229646797e-24
-6.257702464059629806e-25 -4.785459724976365875e-24
-1.865569050156599861e-25 2.273794346036824764e-24
8.139894073593653275e-24 2.899661326165615510e-24
-1.063920727130002177e-23 1.829582153720979322e-24
6.681782048777925527e-24 -1.386561962475355707e-23
-6.077963330019536745e-24 1.287959718507866129e-22
1.103439802457471581e-22 -6.985385296702522393e-22
-8.775586987555314000e-22 3.767348368086492541e-21
5.100544046549510882e-21 -1.683935378054781033e-20
-2.355763110472820084e-20 6.047149475066468481e-20
8.293303439276235896e-20 -1.672336630435439929e-19
-2.114530597220433302e-19 3.307252290928298769e-19
3.552080852171359329e-19 -4.110024609940236931e-19
-3.265778830117169266e-19 2.363259602203083623e-19
9.424439753236581843e-20 6.137507735408938448e-21
1.889599125980762730e-20 -1.583371700250848553e-20
2.817982733448648607e-21 -3.981649806473322785e-21
8.326979439208081767e-22 1.772936557973462635e-24
2.810038179382649046e-21 3.984042351523234297e-21
1.889583590017899561e-20 1.582702790741631542e-20
9.425805597366607654e-20 -6.162928198825276647e-21
-3.265773646338824475e-19 -2.363329086314765231e-19
3.551825240523965575e-19 4.110203329893485012e-19
-2.114369520211638487e-19 -3.307103043236659433e-19
8.296083274871193903e-20 1.672195902522365408e-19
-2.357092437880286393e-20 -6.049939069967788027e-20
5.098704258111158046e-21 1.683938234448722810e-20
-8.815649411659500029e-22 -3.794975105382675003e-21
1.249044400098116896e-22 6.979580437130825159e-22
-1.400254864191184203e-23 -1.181773154937409735e-22
-3.562385877817493409e-24 1.029967867075204317e-23
2.075871963473431837e-23 1.632283951658009882e-23
1.204372336402529939e-24 5.079003546742022558e-24
-2.711971272655842217e-24 2.905464516516025558e-25
1.691987451781109562e-23 1.834044222772029661e-23
5.230186958428116604e-24 1.541754246466301499e-23
4.412365303613504254e-24 1.658864353164203156e-24
-1.367811518899129088e-23 4.749326844260370764e-24
-6.911098916650205385e-24 4.514216220377276765e-24
2.626761012675938221e-24 6.564059393312894969e-24
-2.427518482975993335e-24 1.568987843530038657e-23
5.461279468272776080e-24 8.923636823276860945e-24
-7.158981692445536614e-25 3.242722334933654115e-24
1.176386895967311922e-23 1.925375392940150164e-24
1.112848391121482659e-23 -5.957996416258697446e-24
-3.964124018689994260e-24 1.627325751125757199e-23
1.284990616994840560e-22 6.248349625363727331e-24
-7.480929720285792294e-22 -8.312083889814832880e-23
3.791392926727946707e-21 6.908831739273760409e-22
-1.596684773361840289e-20 -4.047327525213680429e-21
5.408542596165972164e-20 1.813910549839164964e-20
-1.395827559207597575e-19 -6.098275210211592775e-20
2.540443540070345224e-19 1.456712043174745981e-19
-2.833419195144261748e-19 -2.239456985089907880e-19
1.362888826033291518e-19 1.804467067369016010e-19
1.224330528534697416e-20 -3.786793978935804537e-20
-5.625790296143139762e-21 -1.018693433845924645e-20
-1.489286462896075565e-21 -1.647161381508620262e-21
-2.810974242542354311e-22 2.728843363577537502e-24
-1.488902700601113120e-21 1.643286039311368065e-21
-5.622995650810893778e-21 1.016415811848599304e-20
1.224015017972469338e-20 3.785786025412614980e-20
1.363046896703089537e-19 -1.804489668321989665e-19
-2.833203022160547421e-19 2.239574851446542330e-19
2.540608508933103335e-19 -1.456823566359253319e-19
-1.395765805412416028e-19 6.098501421171415994e-20
5.406849067643319342e-20 -1.813414087970388329e-20
-1.598251066474474734e-20 4.024833282949232852e-21
3.771997122402748963e-21 -7.011212653582788218e-22
-7.524164756806304062e-22 9.479132187494547303e-23
1.372633060078595959e-22 -1.833887367080683770e-23
-1.989018277064608350e-23 -7.909431641308586763e-25
6.499544516163630589e-24 -2.139904684044096685e-23
4.914223368640353470e-24 -5.055915916357453312e-24
-4.715417259570987802e-24 7.245570662300349079e-24
-1.778555625342766337e-24 -1.089966516823809196e-24
3.285752141248600498e-24 -4.166891411176972145e-24
1.938557939282735063e-24 1.647107164982442576e-24
-2.773946014426089654e-24 1.839822363292142854e-23
4.728842200818036453e-25 5.834933473232981408e-24
-8.509194023937355397e-24 6.138606395292789749e-24
-1.334988896439517165e-23 -1.800734760739094827e-24
1.230014861474436141e-24 3.163171505465843972e-24
5.083016008741639024e-25 4.780558714681626649e-24
-1.134431915182210074e-23 1.578936255009960600e-25
5.321799531199441780e-24 -1.637847187309226385e-23
-1.263088654425818896e-23 2.169864064522316806e-23
9.795340371574311286e-24 -1.348622859246269541e-22
-5.976459690530443754e-23 7.663708113564348572e-22
4.974471768722068933e-22 -3.692277005176252830e-21
-3.053286614486082857e-21 1.485140897783089301e-20
1.343961427648693588e-20 -4.725942233263897610e-20
-4.341622822355491040e-20 1.137705438166090493e-19
9.768116801678876824e-20 -1.904391381922188071e-19
-1.378602928358810107e-19 1.899542721166359701e-19
9.724851070995110988e-20 -7.498940780442348080e-20
-1.368225767121368428e-20 -1.153126564415356341e-20
-4.942129758066318718e-21 1.273432308054250143e-21
-8.669708427168422481e-22 4.179848086316788822e-22
-2.154663350857703524e-22 1.724963930216226643e-24
-8.853960041107649652e-22 -4.240585254318634459e-22
-4.981313996064032323e-21 -1.293386446770858297e-21
-1.369186959613735657e-20 1.151032335874633042e-20
9.723714374887872147e-20 7.497565288400984360e-20
-1.378629193013633018e-19 -1.899516918245071644e-19
9.768442024199171341e-20 1.904289982610179201e-19
-4.341285048784545090e-20 -1.137966289262701029e-19
1.344853905240377685e-20 4.726694564821747987e-20
-3.057943983961711722e-21 -1.482661626141870835e-20
5.143046641132062567e-22 3.716030021442705961e-21
-6.161306899873441842e-23 -7.591620660834124015e-22
2.541805433779604772e-24 1.217517170870314471e-22
2.964949055678037978e-24 -1.596224587213306790e-23
-2.000261807637415347e-23 7.147332860427270150e-24
-7.814875055810361839e-24 -7.341701340006824946e-24
3.346205292861931873e-24 7.238439568777191897e-24
-7.072957487065425541e-24 -1.874175505403823335e-23
-7.896160541334287195e-24 9.521743280440529421e-24
9.802006955223282936e-24 -8.196594994680179519e-24
1.248699317266550243e-23 4.587751777440775251e-24
-8.070968595199907695e-25 -6.135559907909127110e-24
3.159509503309131725e-25 2.251465091220257066e-26
6.997084863687454251e-24 -6.744034099863178330e-24
-2.064637859358049888e-24 -3.991554734833043672e-24
-1.372785246353585516e-24 -4.896596875735618040e-24
8.666885377685285041e-24 1.057400723296426717e-23
-1.143324801410388290e-23 2.479916593722182838e-23
3.216498194058050882e-23 -7.909024012862340083e-25
-1.246765213864090153e-22 8.628108571914882739e-24
7.731132187953911082e-22 2.768225103432230240e-23
-3.535378371067692868e-21 -3.348872767874507193e-22
1.342347012840908247e-20 2.137549958737479125e-21
-4.038237377706799339e-20 -9.496161251568665842e-21
9.075492763018328752e-20 2.988620669616019785e-20
-1.394626059500995109e-19 -6.374780410966292407e-20
1.239712856436545652e-19 8.296128193800079946e-20
-3.912584110318085971e-20 -5.122330216797944063e-20
-8.581169907137303057e-21 4.074812466656637800e-21
-2.253981739890870983e-22 2.233296578319533186e-21
1.641744551943903831e-23 4.153051075113832740e-22
-2.581792760072608178e-23 -1.177368013349859087e-24
1.019914288431798145e-23 -3.917113975659662934e-22
-2.467422735272102985e-22 -2.208606958919665502e-21
-8.610201792504574766e-21 -4.071286772267677367e-21
-3.913640409213071924e-20 5.121732263429463393e-20
1.239845782665537740e-19 -8.296032969759475492e-20
-1.394556769947874966e-19 6.377768007607789104e-20
9.075884278761644927e-20 -2.989492451161403596e-20
-4.037397630211858512e-20 9.496381378816134188e-21
1.344109441407051591e-20 -2.142917592621009285e-21
-3.517587937434613235e-21 3.310702479051879244e-22
7.702905299427550323e-22 -2.218823145362994866e-23
-1.521891076829495567e-22 -1.553155144160089941e-23
7.892354577906736436e-24 -1.406665714116596336e-24
6.933664786242020728e-26 5.744623852888545467e-24
6.404293873084244515e-24 -1.718283942817916771e-23
-1.600966117010702405e-24 -2.925394282095142449e-24
-6.499755736156209427e-24 -4.947684479286569343e-24
-9.802274849345378837e-24 7.140790478290000161e-24
1.829206329669115614e-24 -8.995948791709576106e-24
3.331642802417340065e-24 -1.280571689585747079e-23
5.573607123009699451e-24 2.023480689603635831e-24
-9.568189423889440421e-25 -8.012255669315988226e-24
1.293865796824521524e-23 4.258950891376363035e-24
1.939488323993399655e-24 -1.688387089640095067e-25
-8.642664731499491284e-24 1.519352597366223801e-24
-3.122973787715223373e-24 -5.675429804411718021e-24
-2.083186922919982683e-23 -3.298082933939274260e-24
-6.760956640921816030e-24 -1.848247038819814460e-23
-8.295989519691511604e-24 1.503134346526684267e-22
3.040575168546456875e-24 -7.407373282093365694e-22
-1.605496712586367771e-22 3.323186431913158149e-21
1.383777073318648702e-21 -1.195855103888496832e-20
-6.384400190267032370e-21 3.385259668166073460e-20
1.984818452798764362e-20 -7.095197516071533874e-20
-4.054836230921699389e-20 9.997122712948428760e-20
4.887671031641309229e-20 -7.886103177358060715e-20
-2.636925741543073301e-20 1.913961197263778571e-20
6.533137221201933003e-22 5.652176444711898347e-21
9.011358017325099338e-22 5.976245704904716054e-22
1.705072393089499943e-22 7.397708172948395457e-23
3.973817060971770197e-23 -7.522769234226675914e-24
1.797518301777438379e-22 -7.055674405916503043e-23
9.015707822049461744e-22 -5.806989505775748624e-22
6.687399103868975875e-22 -5.644803284789919958e-21
-2.636266318708695510e-20 -1.914225648605613896e-20
4.891026772005148035e-20 7.886184481690476451e-20
-4.051331529805739290e-20 -9.997799785268605823e-20
1.984710781341840912e-20 7.093661384505897487e-20
-6.380553589991043041e-21 -3.388003613052471549e-20
1.383853321761194784e-21 1.195623615211128657e-20
-1.523709630651196524e-22 -3.321913155275926261e-21
-7.141463068689039780e-24 7.466594577574345250e-22
-2.049539449097813487e-24 -1.411474932025395771e-22
-1.630440797002548929e-23 1.575736056171379911e-23
9.031286367107875669e-24 -1.378510512937361692e-23
1.601070074871855791e-24 -2.344961836217826006e-24
-4.726830936027539643e-24 -1.549237050613901628e-24
5.966845702421146875e-24 -3.189631618677630971e-24
1.886761726938056509e-24 -8.581945670733151187e-25
-1.404858082411586841e-23 -4.771458778471696750e-25
-2.907298174479289022e-24 7.308333786298180707e-24
4.306142482215134119e-24 -6.071876519877712268e-26
-6.944102101413126946e-24 -1.933278056208999976e-24
-7.615664896711495393e-24 5.719411878330484404e-24
-1.155133241969776519e-24 -6.624348536603223916e-24
1.822327308462068715e-24 -4.226858718636666663e-24
2.465798041099368534e-24 7.962208317532892981e-24
1.165875662147473164e-23 3.520575966335510419e-25
-1.957555344670158690e-23 -2.807563336072312619e-24
1.307185876747748977e-22 -2.360407368623857708e-23
-7.185748829029550108e-22 3.636978050421728355e-23
3.029492575914036245e-21 3.744304316686217986e-23
-1.043094311717230510e-20 -7.236665589780966291e-22
2.780716768208369905e-20 3.974136050492885935e-21
-5.432284795621152591e-20 -1.260568093598543186e-20
7.020396241315226555e-20 2.504813117513545316e-20
-4.887057534445852361e-20 -2.825473821803183395e-20
8.596020177827045629e-21 1.330072774103293218e-20
3.413943745290249748e-21 3.340339956176878743e-22
5.004218022412289280e-22 -3.356780454001302455e-22
9.162371320074638939e-23 -6.790150329311207943e-23
2.081788505429686864e-23 3.583687604700485695e-24
9.074738298463910572e-23 7.053527730056233976e-23
5.275478409736668809e-22 3.389916125509651394e-22
3.399236072502317145e-21 -3.521630697452441590e-22
8.577719986256137668e-21 -1.331851640133666239e-20
-4.885989186391694024e-20 2.822572361486925011e-20
7.021078531663798742e-20 -2.505428093947533599e-20
-5.433557928930629644e-20 1.260334138785611967e-20
2.781540850937231453e-20 -3.972929483992740151e-21
-1.043329342902600120e-20 7.383477861336735749e-22
3.041004870603245915e-21 -2.669261701569010573e-23
-7.279989530293196174e-22 -4.364255112779662530e-23
1.397548585786604977e-22 2.299949974751254681e-23
-2.989452302444185985e-23 -2.957516566453154783e-24
-2.659060595459277916e-24 -4.977162598069428830e-24
-1.234032735126580403e-23 -1.823070521897677060e-24
7.827056691547151203e-25 2.534550536247016540e-24
1.972969754625784857e-24 3.198821192140818451e-25
1.050157749794094930e-23 -6.250799791480887507e-24
1.450758157630164118e-25 5.456834394635044260e-24
8.088796244136062330e-24 -7.353723554367770645e-24
-2.796208375012789101e-24 1.100274451215090110e-24
7.853710446847903863e-24 1.064893173476478111e-23
-6.338762848627238979e-24 -5.729663270049676074e-24
-2.075703800468592035e-24 3.921666956779799922e-24
1.825449994160071425e-23 3.092213565539774665e-24
-5.787754390997980378e-24 -7.834272637801968835e-24
2.958070150345172224e-24 -4.442996571210773715e-24
-3.525923306096631843e-24 9.678077604797001386e-24
-1.692246492323679551e-23 -1.556108726382580814e-22
7.033299519941773142e-23 6.973473482010382067e-22
-8.819136607483991350e-23 -2.762704971185773902e-21
-2.482442226454030328e-22 8.966692903762918725e-21
2.220949758834903474e-21 -2.255003275707682440e-20
-7.690762432258977883e-21 4.094053214412417072e-20
1.509448002317627612e-20 -4.837088600316095794e-20
-1.605734470574351939e-20 2.954127413373082398e-20
6.597990531167042192e-21 -3.334633296419362876e-21
4.930375782922547865e-22 -1.865542894766929559e-21
-9.912425411350744436e-23 -3.567194356557135466e-22
-4.143844998636327085e-23 -5.091292558413753518e-23
-4.344166133025319820e-25 7.530299301667573722e-24
-2.749536398157893889e-23 4.469292104916307053e-23
-1.006762830984204880e-22 3.385525654594764648e-22
4.858121902108948779e-22 1.871858702516806677e-21
6.598957622110884309e-21 3.368685214226264475e-21
-1.605721393419967348e-20 -2.953566329939077536e-20
1.509572249766557452e-20 4.836717392058194009e-20
-7.689056488446656222e-21 -4.093895725243600413e-20
2.208007996703674584e-21 2.249363853108816150e-20
-2.591956688141939245e-22 -8.959977665533134750e-21
-8.654799771251358929e-23 2.749583162999933305e-21
5.763781521852720107e-23 -6.783515509301696962e-22
-1.672713338573983138e-23 1.313317239811562257e-22
-1.437647968855483944e-23 -2.029891532892149371e-23
1.144972878599731235e-24 -3.892516933841575957e-24
5.788514820607757574e-24 1.777305511562006693e-23
-7.810042611747529866e-24 3.956667871281015397e-24
-5.880675144427278575e-24 2.731606075797512522e-24
6.652741385582904245e-25 -1.095150600461490528e-23
-1.820716213444810590e-24 2.873150455169005098e-24
-4.457908632784574630e-24 -1.469003156618043176e-23
-1.928330489310580840e-24 -2.500103317754586692e-24
2.024168832453862936e-24 2.302957617070279292e-24
1.370520429005505378e-24 -5.247510150051465098e-24
6.013277184093616093e-24 6.548273282245399296e-24
-5.673023395928664727e-24 -6.021933117378385302e-25
9.756787302244328739e-24 -8.951945978678181418e-24
5.980950808204871216e-25 1.170316592199160376e-23
3.551712607364674456e-23 -2.347197808668580130e-23
-1.339080265016974633e-22 2.783680056585783131e-23
6.320068298888374168e-22 -7.826466693039414771e-23
-2.426761742805358751e-21 1.910374871178354689e-22
7.516980158698992009e-21 -1.119101215699218002e-22
-1.780627179414008553e-20 -9.780931457274473554e-22
3.023059493096270380e-20 4.330458130581002905e-21
-3.265228774122961281e-20 -8.789746005589276534e-21
1.736195278530481723e-20 8.971123176705181432e-21
-9.559574749939240514e-22 -3.218367952825460473e-21
-9.578618140860084790e-22 -3.896620603301476894e-22
-2.085747685092289301e-22 1.694012312813972569e-23
-4.721290668494005435e-23 -2.118525680218558006e-23
-5.266473869582320339e-24 -2.191080833715810544e-23
-2.558810136239653173e-23 -1.029624610705311109e-23
-1.998807041117984570e-22 -1.202164209008352759e-23
-9.489219903509821260e-22 3.973092146093312822e-22
-9.293727166979027949e-22 3.214601666928520511e-21
1.735626733154945497e-20 -8.967363405107991369e-21
-3.266551967687198998e-20 8.806103002229527956e-21
3.024155448318695685e-20 -4.326818368821210076e-21
-1.783791269170541897e-20 9.753804511618628690e-22
7.514428112539557293e-21 1.253018246691875715e-22
-2.448220371344509991e-21 -1.705509792889261008e-22
6.265044445994032363e-22 7.585676225434982995e-23
-1.526668181495375140e-22 -4.105913859505938662e-23
1.633848491204882715e-23 6.875949257473028608e-24
2.711091866478912243e-24 7.965480371034416889e-24
5.958597576092723694e-24 1.133972921171106088e-23
8.097072396091838885e-24 -6.040523599793920051e-24
2.438899220848133882e-24 5.562436993122259889e-24
-1.234741259506514310e-23 4.596433195179361354e-25
-4.487011852972806409e-24 -3.036841815023525757e-24
-1.393674019005295709e-23 3.999065271803279319e-24
-5.921837881814562557e-24 1.861803591978715355e-25
-7.087691720779949488e-24 -6.540296434141810485e-24
4.980439872363929980e-24 -7.218797712182954485e-25
-1.175376554456112257e-23 -6.509692904202669164e-25
-1.808435397322525476e-24 -4.085925153936917839e-24
4.504201858513324376e-24 6.092627863444060769e-24
-2.971948112694247861e-24 1.184705030015131081e-23
-1.076138968439359952e-23 -1.979744284954551950e-23
1.528677782907286860e-23 1.387940902933160390e-22
-9.966166928079598291e-23 -5.901147883464606731e-22
2.442661865858768875e-22 2.157667273473580587e-21
-3.528679159550703596e-22 -6.317893961720532937e-21
-1.942163640388190087e-22 1.403410079058865107e-20
2.267618172816847348e-21 -2.208844990148765642e-20
-5.033054400412138259e-21 2.170013197987127706e-20
4.955237512723968338e-21 -9.950702180721362186e-21
-1.559578059930317241e-21 -1.227836788880027284e-23
-2.531263594290809871e-22 4.584389109407303162e-22
-2.091694747943485419e-23 8.931735671394018327e-23
4.096827024087559287e-24 9.377733460411921716e-24
-8.148763215817397146e-24 -1.062154283657436031e-23
-4.536987060451373369e-24 -2.765749891039246932e-23
-1.751707592507834218e-23 -1.088839587830098440e-22
-2.565199216035035843e-22 -4.687036523360559289e-22
-1.550890579235730825e-21 1.523030153532534950e-23
4.960489575981167169e-21 9.968694117953263356e-21
-5.021047769453257646e-21 -2.169350453686125679e-20
2.265179555643475679e-21 2.208000576322417059e-20
-2.080092575311962947e-22 -1.402008069363693482e-20
-3.497168287980265455e-22 6.301343248644671875e-21
2.463988052134619721e-22 -2.166789071303512431e-21
-1.013093594589274784e-22 5.898798607347574967e-22
2.183868924743782074e-23 -1.253809064372711358e-22
-1.755651525658169667e-23 2.419711190949941831e-23
5.313755677168421832e-24 -4.352876711491292528e-24
-3.406375912517311876e-24 -1.260179196899056346e-23
5.465887102549122632e-24 1.191409462933193399e-23
-7.637737611373813916e-25 -6.271975190220642540e-24
-3.540774657707789293e-24 7.084479817287383451e-24
6.447731431295219168e-24 9.919219280916745512e-25
4.822474977694540022e-24 9.348511081264206824e-24
2.297986197518024625e-24 6.038654227102119522e-24
5.746166796235767121e-24 -3.496469341095268943e-24
3.660580090112063716e-24 3.270112328816438439e-24
-4.981838062958333577e-24 -2.443809684820347960e-24
3.225129119596978085e-24 2.044729227046014360e-24
-6.110420092606463800e-24 4.601934344141799156e-24
3.234721755149680801e-24 5.372421606063321692e-24
-2.315680109948722167e-23 3.272318749932526032e-24
1.203715557090634677e-22 -1.902905741248964134e-23
-5.082050604421451463e-22 1.122343556155894161e-22
1.818343699630051177e-21 -2.999797632582376301e-22
-5.074470441200681004e-21 5.126449057684063834e-22
1.067197513331521679e-20 -3.082186852274074220e-22
-1.572680498334829093e-20 -9.269738424635558983e-22
1.408041878963557625e-20 2.726202882166847972e-21
-5.511335437435030350e-21 -2.716286618500086599e-21
-3.171982045462890337e-22 7.150684360930191169e-22
1.826141410922323183e-22 1.590008853275374986e-22
5.187300494164135597e-23 -2.484615907001196234e-24
-2.948817959425197248e-24 -6.790921684632672145e-24
-1.417779798453158533e-25 8.786919858946471315e-24
1.391468755959002668e-25 -5.557857807634701148e-24
5.475848711246956305e-23 -2.035776429779474035e-23
1.793954352132560038e-22 -1.463098348509067952e-22
-3.205515280354901268e-22 -7.416004498719014232e-22
-5.518660749018246927e-21 2.707626949441057799e-21
1.408495874535099926e-20 -2.709152711559153578e-21
-1.570187094934898979e-20 9.435804199077192555e-22
1.068345141972285304e-20 3.167373775137135559e-22
-5.077883718152715004e-21 -5.129957067185006528e-22
1.810563927014158045e-21 3.072765649255189452e-22
-5.018061247251571259e-22 -1.036934892940316317e-22
1.171186226169265193e-22 1.221434545505127634e-23
-4.874246664409790093e-23 -3.040173326549139922e-24
2.633837501473136837e-24 -4.881299786299062953e-24
-2.155093453579117427e-23 -5.984330014428620323e-24
2.869692536888517504e-24 6.858196551419524648e-24
-6.324702682866722601e-24 1.135751831868792984e-24
9.053652819096899321e-24 9.734594953009263729e-24
7.823280941223653273e-24 4.163673265058639979e-24
4.295743149804192040e-24 5.828170402674310794e-24
8.538662443919675017e-24 -3.611039369274603997e-24
1.582112101878407686e-24 4.708138407926489493e-24
-4.890856612578076632e-24 7.323900252561781455e-24
1.136706724122821152e-23 -1.834015415344836658e-25
-1.700513111353037519e-24 -6.034217425120003725e-25
2.446712446293017794e-24 -4.834479431919446541e-24
-1.788988668678084760e-24 -4.568430380768998605e-24
4.773429615849406267e-24 1.678331282404045197e-23
-3.721623506424882935e-23 -1.073905211341226494e-22
1.143056442458647288e-22 4.915403836339337148e-22
-2.974342899812870644e-22 -1.601008343093348247e-21
5.693181647853855468e-22 4.195998449577592002e-21
-5.334984623386984967e-22 -8.273890329151203402e-21
-2.596090581062188128e-22 1.122087058058689064e-20
1.460909490323946986e-21 -9.108201631145993104e-21
-1.486224664233831962e-21 2.989532682517241781e-21
3.350492886491729134e-22 3.149493039448617445e-22
9.531890609171105001e-23 -6.495647842521621754e-23
1.128155936996683233e-23 -1.369280311429398295e-23
-5.453878201249855655e-24 -2.302590894239762868e-23
1.603588524207320659e-23 -6.714091649952419963e-24
3.166974653129174652e-24 -7.877708017333514082e-24
3.980315901636607991e-24 3.582161280050112544e-23
9.435072409328828144e-23 6.355646110822655548e-23
3.309865214404097964e-22 -2.919035849644980809e-22
-1.509634832759683118e-21 -2.980713434685521510e-21
1.493302942848797032e-21 9.102013218463880871e-21
-2.575448914929815063e-22 -1.122166084533640467e-20
-5.328716262568536840e-22 8.275735275847483202e-21
5.609391881607284403e-22 -4.201947751007059939e-21
-3.104544284485090940e-22 1.601911389897711320e-21
1.257372348311506220e-22 -4.909293914435487632e-22
-4.578318604749631072e-23 1.150075261637054962e-22
1.431105894015116072e-23 -3.114211850220023226e-23
-1.498912932119554397e-24 1.966081172974699857e-23
-4.756859468470029829e-24 -8.129178555669238798e-24
7.230756634471659914e-24 -2.542254043175280475e-24
2.935543962279071725e-24 -2.556746255712886491e-24
9.530416807287076960e-24 1.082928267987305464e-25
-1.457116715902389076e-25 -7.591955463693561484e-24
-1.609270818742410545e-24 1.740922437247396742e-24
-1.338069098590978743e-24 -4.973372297527891610e-24
-7.144647039013969163e-24 8.628464245361225303e-25
-1.890757132014154701e-24 3.179753628883679661e-24
5.504459835415218716e-24 5.870110780782069522e-24
-2.682830748867405231e-24 4.631183502292069938e-24
-1.607835522378265443e-24 -1.798163528568247327e-24
-6.666735789827776692e-24 -3.573431199639087415e-24
1.417990319775306469e-23 -9.151234098620661496e-24
-9.983020315151617966e-23 2.822593634243916582e-23
3.861009043660755385e-22 -1.233799275216922617e-22
-1.265218951321007246e-21 3.102211819361204905e-22
3.185130788437526691e-21 -5.829864019807320334e-22
-5.982527819648930847e-21 6.890480955663496521e-22
7.631800717541481270e-21 -1.444782823202354267e-22
-5.627028164375963415e-21 -7.283657830934261662e-22
1.507379121666060908e-21 8.111762981101187783e-22
2.573571671267691078e-22 -1.519656745878021700e-22
-5.677840924351549129e-24 -5.542479606534894457e-23
-3.831053491713993442e-23 5.001808911311379963e-25
5.457955398435607421e-24 -4.807195024122747815e-24
-1.775896917539210132e-23 -7.721440097683671392e-24
1.198409387603688961e-23 -5.606231932999468529e-24
1.984891098063130436e-23 3.636165497485076361e-24
6.087749514753578403e-24 4.816292043038435340e-23
2.710372070572948673e-22 1.391993080886035073e-22
1.523683098820527550e-21 -8.028900688024683762e-22
-5.615225752054572231e-21 7.016743393148005798e-22
7.635173030234246230e-21 1.543005721624725630e-22
-5.973636591259648290e-21 -6.643432116295415657e-22
3.185818444068491076e-21 5.877814823925395204e-22
-1.257446990839548860e-21 -2.964560908389193674e-22
3.957406468061669960e-22 1.074134889011369651e-22
-1.090976314460971948e-22 -2.322142678125357780e-23
1.383560958727510718e-23 9.185937520286296042e-24
5.438374570128051918e-24 -8.280868323179369072e-24
-9.798598586390931800e-24 -1.427416980637621108e-23
-9.854550198051582792e-24 7.576666427213132350e-24
8.636926858651984481e-24 -1.460765561747887071e-23
3.788991491969769739e-24 -1.125372255393530896e-23
-7.384420484711775059e-24 -1.856784879823257608e-24
2.858023932970997182e-24 3.575824131477186269e-24
-3.090599326003066981e-24 6.991946241378997206e-24
7.850349774058777568e-25 -4.973457193277114966e-24
5.817443232560634712e-24 -6.645485499940216693e-24
4.757981817176121422e-24 -3.885500923655730957e-24
-7.953522999847115937e-24 5.709109876120978226e-24
1.022453917577152999e-24 6.046448224603019872e-24
8.032571864797375686e-24 -3.660036073149514902e-24
-4.448963645610919657e-24 -2.048879129986323776e-23
4.880884410235353221e-23 9.628253126987041578e-23
-1.142360009324051803e-22 -3.846203264637987486e-22
3.209048933528075110e-22 1.157163023052996168e-21
-5.832048811720060535e-22 -2.708173523134653145e-21
6.736171751351155992e-22 4.677791907237396758e-21
-2.509599086931069690e-22 -5.479258005316313263e-21
-3.730496162706884776e-22 3.603551185907952138e-21
4.618957852334572908e-22 -7.962113496759233155e-22
-7.748571286566059275e-23 -1.677080509197315422e-22
-3.345471839361709107e-23 -7.150011745071142387e-24
3.093641654129177042e-24 -4.708486545547751468e-24
-1.489050665968337800e-23 5.882547551820193928e-24
9.243489175830161241e-24 -8.337327219980484327e-24
-1.994574769573748575e-23 1.563625254463768072e-23
-1.764600794281448472e-23 -5.785953754510793221e-24
-3.385873619532706997e-23 -4.922280797329987225e-24
-7.600151897658586838e-23 1.641179162478854352e-22
4.503393568934423026e-22 7.765738398830411833e-22
-3.847735455926174739e-22 -3.602339377542300140e-21
-2.704072466217074727e-22 5.478996349393594285e-21
6.812407526221455861e-22 -4.695488175555999932e-21
-5.900247040253373684e-22 2.716413421133940975e-21
3.267938968898958306e-22 -1.157858576100621794e-21
-1.244537405350347759e-22 3.892831441441127495e-22
3.451366073105415142e-23 -9.266749958143235469e-23
4.813842557502170071e-24 2.366989371193932939e-23
-2.859457718959530295e-24 -1.131144425993891762e-23
-8.469101600987627903e-25 5.959190521654181126e-24
-2.835713668473307213e-24 -3.524052230625419783e-24
-3.126647464653715227e-24 6.584679473996637113e-24
-8.740426905773929159e-24 -1.817723928011423148e-24
-8.121199226635745688e-24 6.181399830311317508e-24
1.607533664707475554e-24 -8.599145440159926510e-24
-8.460566718465341916e-25 7.568327528394268563e-25
3.978322687161968209e-24 2.632867659389532261e-24
-1.747800957078180249e-24 -4.652558366822653827e-24
-9.296471314804342496e-24 -5.543838405913467837e-24
8.117244658736628418e-25 -8.477472635551782830e-24
1.263157384425950254e-24 -2.397535164874596085e-24
5.526007507063285164e-24 -5.416585032352131209e-24
-1.339202346052535232e-23 1.694476443888988263e-23
7.897493809104795593e-23 -1.946197597651866200e-23
-2.458826840278270158e-22 9.968515196978974019e-23
7.938588196291237920e-22 -2.661951600988211252e-22
-1.811981979268181215e-21 4.820385967684395475e-22
3.057639854704741563e-21 -6.082873920747469817e-22
-3.371221280256013496e-21 3.523057627076809740e-22
2.036722094651647026e-21 1.369645277977095593e-22
-3.191521979226292826e-22 -2.306314249268828285e-22
-1.097868269179763735e-22 3.507484763902230452e-23
-9.167694577740531351e-24 2.648489868584730041e-23
1.359788519442269160e-23 -3.665486361878366104e-24
-2.021290396481527721e-23 -2.115883542611288918e-24
1.030830031784174277e-23 -3.079231136163471835e-24
1.512551923079733012e-23 1.978352229795560541e-23
6.746163361427761084e-24 5.840046725899848985e-24
6.915393303652485820e-24 -2.103730190361883904e-23
-1.203698216922322486e-22 -3.421065294793656701e-23
-3.250754207667006215e-22 2.387809969809781901e-22
2.047705601059948238e-21 -1.397105929972958668e-22
-3.376990320084923953e-21 -3.276392683570936133e-22
3.073057749861547412e-21 6.072957019428008955e-22
-1.807059722157652977e-21 -5.002180039632407635e-22
7.841095683504698182e-22 2.635236382497937654e-22
-2.885335030322771385e-22 -9.456671712394208766e-23
7.932954835861679540e-23 2.431555538109725847e-23
-2.466232256750359068e-23 -1.001023596776425132e-23
3.732747153820120587e-24 1.109406172698363641e-23
2.178020862296526155e-23 3.410687846156043906e-24
3.121595185029643298e-24 2.608139134024291765e-24
3.332493545329574219e-24 9.910799065262851256e-24
-1.022747703576715319e-23 3.884686737417138345e-24
6.827109816217695148e-24 5.353267572131864416e-24
9.764996935518030859e-25 -1.286522797563965368e-23
-5.407377167855527017e-24 -1.602280222243403958e-24
-2.346142020361676111e-24 6.657903855500209063e-24
-3.502731064474772800e-24 3.289583580259819288e-24
-6.579547841944019721e-24 4.783868252833889466e-26
4.791045270663624779e-24 -1.229688332427601183e-24
-4.952800137624266912e-25 -4.654949338949550087e-24
-4.697087938397707189e-24 5.843782435991059540e-25
1.258579019235567358e-23 2.438745182274993524e-23
-4.720865039629711533e-23 -8.373224176519958112e-23
1.258783178926101370e-22 3.105441603942687118e-22
-2.871217651598736408e-22 -8.323845413333716961e-22
4.958015415272404982e-22 1.774895316987525148e-21
-5.922744104100410849e-22 -2.709553983501942848e-21
3.153925545879980433e-22 2.688889161475357143e-21
1.040959482996711070e-22 -1.403011893720127520e-21
-1.688250460062641552e-22 1.803320257568990962e-22
1.560864660753506097e-23 6.802734993449028998e-23
4.703159663937987799e-24 1.086950157574194403e-23
1.206564191360657453e-23 2.708844947031331758e-24
-2.556425424053506781e-23 8.601073788646091114e-24
3.098046856695686041e-24 -8.162695930413531485e-24
-1.327893924551673975e-23 -4.904466596201251783e-24
1.436115602930139798e-23 5.939303555128236236e-24
3.656491800296411950e-24 -2.456540796622505832e-24
1.094271505504534082e-23 -7.112959763348704837e-23
-1.647443365107265178e-22 -1.613649922536484420e-22
7.315444620063363707e-23 1.403278532102222731e-21
3.139514367177099452e-22 -2.701063684329295773e-21
-5.700460790691916132e-22 2.703293070551485684e-21
5.032278785550783750e-22 -1.789458842570974328e-21
-2.970352876863325752e-22 8.414520202643629831e-22
1.207925232652646339e-22 -2.982160710274174295e-22
-4.690014731578336444e-23 9.508530800615171033e-23
2.109797442724257962e-23 -5.126637472133400570e-24
7.198572854925723291e-24 -3.121721552059967164e-25
9.101160923166544116e-25 -5.769531363694200072e-24
2.287461695783161125e-24 3.347652244620255419e-24
4.600733843790380231e-24 -4.725264964933522876e-26
4.404173711192850659e-25 6.540934439956089005e-26
1.057471248523055234e-24 -4.257909693258666949e-24
-3.426334820151697121e-24 3.281671360912262918e-24
1.627026774387085489e-24 8.221671644949952125e-25
-2.484071456944469389e-24 -3.733746318158815208e-24
3.237077399160722419e-24 3.159490542763673902e-24
8.118216482908760797e-24 1.670738391153520730e-24
1.372009898346343443e-25 5.557524400783458517e-24
2.592845009069807121e-24 4.436626379613120678e-24
-4.298573660264525515e-24 2.412437373602485272e-24
7.096248269155146355e-24 1.896064979648776690e-24
-3.781335680792624230e-23 1.446928032975384098e-23
1.268681095062133375e-22 -7.182097997369872836e-23
-3.875345608863489475e-22 1.582006487560005082e-22
8.181664372515807958e-22 -2.896499649874382215e-22
-1.238038130218445497e-21 3.582330984269816461e-22
1.206985067728169359e-21 -2.265285571690061266e-22
-5.675978606679123958e-22 -1.055624166310272018e-23
1.115220740595972801e-23 6.842888209848813166e-23
4.095306679726640783e-23 1.527223897571577865e-23
1.033025298087141016e-23 -5.520782385541368026e-24
1.726153235513942828e-23 6.294851004608119593e-24
-1.134999939834488806e-23 7.462731016132049478e-24
2.998707803480124777e-24 1.232574889514834939e-24
-1.131084590731961798e-24 1.060847797218120934e-23
-1.108182716228061351e-23 1.511385865108056132e-24
1.695474450539272919e-23 -8.085835680094941837e-24
3.347619783319377709e-23 1.138754917985010559e-23
2.615510362711154140e-23 -7.512327098688743174e-23
-5.682138018964982698e-22 2.730589762932447870e-23
1.209735830034372241e-21 2.008003350123990851e-22
-1.242172288123715942e-21 -3.658574349954908917e-22
7.976186119428077242e-22 3.009404186412721759e-22
-3.815249540898099051e-22 -1.674429904899860888e-22
1.422838090649988942e-22 6.018030657202337936e-23
-5.014813555385744878e-23 -3.943498804739805030e-23
1.833240187054401165e-23 -1.336735766228372579e-23
6.285490513335730420e-25 1.172455546590811263e-23
-9.125171003514892797e-24 6.441765430289554382e-25
-1.623365242479181453e-24 -1.093049958698391384e-23
-8.489899232551285793e-24 6.898269310924472311e-25
7.313477603187926211e-24 1.986083202029336756e-24
-1.761987197267863178e-24 -3.647544087774538403e-24
-2.808268798855849314e-24 1.227879898057144176e-23
9.078829126689732885e-24 -8.151032559116869134e-24
2.663517714003151471e-24 -4.674589655081045504e-24
4.915427395940255237e-24 7.324371063667747565e-25
-2.761496448393564285e-24 8.250084191332981508e-24
6.365246057491858324e-24 -2.862530826309041707e-24
-1.890605569079109619e-24 -1.297259644827340453e-24
2.294142369905132113e-24 8.730607589343390076e-24
-1.762826144839844856e-23 -3.502700759239248221e-23
5.268717157131857714e-23 8.523651876398713937e-23
-1.349350958867653110e-22 -2.866038453711567969e-22
3.105857362314860633e-22 7.130456895734527433e-22
-5.071688814544606922e-22 -1.345551341713759304e-21
5.200386990263435737e-22 1.811782047370816180e-21
-2.812342149962225729e-22 -1.526919640001746305e-21
-1.372747273365240547e-23 6.331636611557621965e-22
5.652335356904834033e-23 -2.516105841049907514e-23
9.069578850692523071e-24 -2.143935159297736423e-23
4.722923867068258544e-24 -2.003275282531129572e-23
3.924108618668362581e-24 -1.053607740298722368e-24
-4.621729422830161016e-24 -1.304869832520343543e-24
8.233683638997202079e-25 2.602138091627950592e-24
6.594929268201486741e-24 1.838292278072264062e-23
-1.639460572940760612e-23 -3.816808276796392823e-24
-3.629649494468445866e-24 9.658285326471945513e-24
9.196787309315025823e-24 1.931316541007655719e-23
6.204024758751413441e-23 3.477756667859928181e-23
-2.641436462744297078e-23 -6.327320512786341591e-22
-2.823990654972080644e-22 1.522904686368082542e-21
5.323394981075794700e-22 -1.805970621216128534e-21
-5.005770425294154550e-22 1.343250122041951808e-21
2.876693163363183323e-22 -7.045058527662016505e-22
-1.367305294588978739e-22 2.731860851046502320e-22
5.310104583650815582e-23 -9.097218944858709379e-23
-2.296508392211503225e-23 3.916664510337677045e-23
2.503139560444536448e-24 -7.543460962133386460e-24
-2.572550014802442385e-24 1.559720551892564796e-24
-8.652869617058440373e-24 -9.115753526310662680e-26
-2.224765385750266469e-24 -2.977302963835323113e-24
1.006195070973769200e-23 2.583477100389131886e-24
6.511772329228058343e-24 2.643553388929882878e-24
4.076347303059785878e-24 2.567462012202358671e-24
