-2.152808837770869524e-16 -5.394352358604241137e-16
-2.068582521342243694e-16 -3.287702637163176288e-16
-6.799229126651594498e-16 3.000715497819354066e-16
-1.272310587744396655e-15 3.811273104509904323e-16
7.320966323137455217e-16 -1.709300515129577004e-15
-2.852031458923547677e-15 3.220484977207404186e-14
4.379118454401751726e-14 -5.024444011191418890e-13
-6.881477480575000866e-13 7.367626904266324169e-12
1.018513327382305135e-11 -1.008642109363659864e-10
-1.408961653527411448e-10 1.282869375609817962e-09
1.810218851150651892e-09 -1.507517860876788786e-08
-2.149840858717257893e-08 1.625741520813613851e-07
2.346382622712170485e-07 -1.596852417503595168e-06
-2.332613694084316446e-06 1.415200485591187556e-05
2.101697025385263363e-05 -1.119241665833350789e-04
-1.722684569692102725e-04 7.804401404930482681e-04
1.309384446420029224e-03 -4.711131845673718031e-03
-9.213165016998781445e-03 2.362860157437678479e-02
5.551280840956230450e-02 -9.031572901541419507e-02
-2.584474081280552782e-01 2.149507628215520938e-01
6.014422159551539027e-01 0.000000000000000000e+00
-2.584474081280437874e-01 -2.149507628215062693e-01
5.551280840957041607e-02 9.031572901539580700e-02
-9.213165016996809065e-03 -2.362860157438633965e-02
1.309384446423664120e-03 4.711131845668375083e-03
-1.722684569674847648e-04 -7.804401404936557466e-04
2.101697024884484948e-05 1.119241665797991974e-04
-2.332613694319342254e-06 -1.415200485808942278e-05
2.346382642393054336e-07 1.596852415504522239e-06
-2.149840827176071675e-08 -1.625741558184877684e-07
1.810218981108952229e-09 1.507517773453858872e-08
-1.408946876715666285e-10 -1.282868659446404788e-09
1.018543814670578957e-11 1.008639987840257942e-10
-6.867949249324947721e-13 -7.368423781922055754e-12
4.351701313935525936e-14 5.031322796978708084e-13
-3.167983685786459991e-15 -3.206285306532496749e-14
4.154313104445032394e-16 1.785412817637457278e-15
8.053260470362306800e-16 4.711790027760496253e-16
-2.869525096482224680e-16 4.316428511903593825e-16
1.771385088146937604e-15 1.140605523387309393e-15
-1.373961792718303024e-16 1.717444079376757594e-16
-1.686404836278920989e-16 2.259639927591718674e-16
-2.242352741028513043e-16 2.816231347575860576e-16
-1.561105765325362340e-16 3.427188179084612229e-16
2.549406290156703987e-16 7.135018602382890620e-16
-7.890034473984271497e-15 -2.842236729356688872e-16
1.290537806547278350e-13 2.192133952074537499e-16
-1.940730817901021300e-12 -6.361671260158334354e-17
2.729889941926947932e-11 -1.588979523954093476e-16
-3.568254446619421125e-10 -2.191706845030806839e-16
4.309205077721539538e-09 -1.155667101199554447e-16
-4.775808291864133387e-08 -2.125094832798243264e-16
4.818900310709558863e-07 -2.530697061107571676e-16
-4.384768364590330238e-06 8.491669394429813804e-16
3.556003695398308480e-05 8.772160251167819915e-16
-2.533050270357527071e-04 -4.608837577843191971e-16
1.555390199163508630e-03 3.746001604686231991e-17
-8.030256022856552961e-03 -1.720984428259072732e-15
3.367641429058647329e-02 -7.120993530442046025e-15
-1.090594988946207711e-01 9.920931274572651007e-15
2.517954120798236994e-01 -1.728648173852872126e-14
-3.608549109744332850e-01 -3.165739220374085519e-15
2.517954120797927242e-01 3.761862459993489044e-15
-1.090594988946000932e-01 3.188216900191128111e-15
3.367641429058679942e-02 4.375300055227218673e-15
-8.030256022853666381e-03 2.451486291604378013e-15
1.555390199164600421e-03 -4.630032464200356519e-16
-2.533050270345655599e-04 -1.136203814146254207e-15
3.556003695382355800e-05 5.374695831086022550e-16
-4.384768365570002616e-06 4.688348316997531551e-16
4.818900317639331280e-07 2.233346660782985768e-16
-4.775808249953492404e-08 1.641320572190651510e-16
4.309205066203567323e-09 1.038856960194517113e-16
-3.568260159882214889e-10 -7.059301596278191086e-17
2.729852408196599229e-11 -6.363140215199937786e-17
-1.940640472701306245e-12 -2.260279768796608033e-16
1.292333379117837302e-13 -2.392771239555618581e-16
-8.086887000704495876e-15 -6.863470033903846142e-17
3.094699350878267832e-16 -1.121056603568950001e-16
-1.836666906098337930e-16 -4.662001716153276296e-16
-6.251514031674731148e-16 1.137099069996818374e-15
9.346985040974700865e-17 3.255260964666137835e-18
2.206657415149370338e-16 1.521241291936800407e-16
-1.465210738183392090e-16 4.284292994767499123e-16
4.323915686808160849e-16 3.230982275895562713e-18
6.499859785205764421e-16 -1.393708624778964302e-15
1.733999074065261302e-15 2.440728761042187126e-14
-3.287773387485911849e-14 -3.791799836745417478e-13
4.993514357895292415e-13 5.461113906845263458e-12
-7.101528931056110482e-12 -7.320880648127005017e-11
9.393132184014740439e-11 9.082612943727971288e-10
-1.149380283387108175e-09 -1.036159720597196217e-08
1.292590092010996928e-08 1.078548810584114057e-07
-1.325488116124941900e-07 -1.014802848534991266e-06
1.227722957999159288e-06 8.532010985304975211e-06
-1.015250175932188853e-05 -6.317231448495810560e-05
7.383410540080688207e-05 4.041846984874942757e-04
-4.631822501103102546e-04 -2.177678942529679036e-03
2.446951810833456527e-03 9.511321595981805238e-03
-1.062321470328035297e-02 -3.165024609307994646e-02
3.715272589661031827e-02 7.163635611683769056e-02
-9.957276860012501118e-02 -8.506045740962607515e-02
1.674822673518398253e-01 -1.956550360541026196e-15
-9.957276860010781661e-02 8.506045740962360491e-02
3.715272589659648905e-02 -7.163635611682846183e-02
-1.062321470327983082e-02 3.165024609308103587e-02
2.446951810831554837e-03 -9.511321595978502325e-03
-4.631822501099738809e-04 2.177678942528940478e-03
7.383410540270500836e-05 -4.041846984846821805e-04
-1.015250176088015302e-05 6.317231448635549312e-05
1.227722957577241166e-06 -8.532010983410245517e-06
-1.325488122544052713e-07 1.014802850167193898e-06
1.292590046484619456e-08 -1.078548813079991265e-07
-1.149380857983131546e-09 1.036159627197820699e-08
9.393096111904074903e-11 -9.082607446919887878e-10
-7.102171587273571753e-12 7.320941943256402563e-11
4.995859374082950054e-13 -5.461905705385714444e-12
-3.222809791363981250e-14 3.795245894912607260e-13
1.821033771825335035e-15 -2.443005803883248150e-14
-1.764963171371470636e-16 1.148029582181477606e-15
1.519553681057468920e-16 -1.382653043759110938e-16
-9.155526781178360269e-16 -4.858144265664630807e-16
5.911742813566313818e-17 -8.449860701499076007e-17
7.909669287945994079e-17 -2.876881743316414240e-16
1.838015983111695289e-16 -1.930973414068535106e-16
3.542402765169800761e-16 -3.636492775433230423e-16
-3.584754776743382256e-15 -2.364074452806736002e-16
6.083846255103319645e-14 -9.667184387804919031e-15
-9.062125399303377053e-13 1.547533595005219493e-13
1.251079206009587571e-11 -2.262877359426919253e-12
-1.601816141038739268e-10 3.082501882839743230e-11
1.889647119544938142e-09 -3.888953028160116175e-10
-2.038855495331500344e-08 4.514684005415745443e-09
1.994253323104245394e-07 -4.785915821292593395e-08
-1.749238858566794689e-06 4.590375004793591292e-07
1.357321439094287877e-05 -3.938789284565254703e-06
-9.154568463699192026e-05 2.980685575427080260e-05
5.240955722657136872e-04 -1.952752302238815608e-04
-2.461895276137192508e-03 1.079891829851365717e-03
8.998285102181190556e-03 -4.859600393424693375e-03
-2.321105750588769306e-02 1.678711339027829860e-02
3.268798244486190163e-02 -3.999089517527001925e-02
6.787854559036096344e-03 5.062246837072926359e-02
-8.147060920493294500e-02 9.669538697546152580e-17
6.787854559029683071e-03 -5.062246837072399003e-02
3.268798244486028487e-02 3.999089517525843129e-02
-2.321105750589062475e-02 -1.678711339027367036e-02
8.998285102179238992e-03 4.859600393423396669e-03
-2.461895276137747186e-03 -1.079891829850428532e-03
5.240955722642813477e-04 1.952752302245469628e-04
-9.154568463700194913e-05 -2.980685575516782405e-05
1.357321439147604366e-05 3.938789284043913547e-06
-1.749238858648866041e-06 -4.590375007538317384e-07
1.994253327566247936e-07 4.785915873199174082e-08
-2.038855506813761186e-08 -4.514684425456594734e-09
1.889647573447627287e-09 3.888954020144027051e-10
-1.601815865074419156e-10 -3.082485028268311124e-11
1.251065111461846897e-11 2.262770615515873463e-12
-9.064706009443264487e-13 -1.544463133969654243e-13
6.131836029596471088e-14 9.698901555399577378e-15
-3.548122953439707694e-15 -3.479688803833345980e-16
4.046306289136150914e-16 2.339443158321008102e-16
2.925355148267727377e-16 -8.058623847832988327e-16
1.060341358647052115e-16 2.007943558369139577e-16
-3.913186567611706863e-16 -4.687665527332611799e-17
4.982048085815690132e-17 -3.462303997662546806e-16
-4.195724504892610339e-16 -5.776740361607535432e-16
1.376052913767442911e-15 8.530231414495425151e-15
-3.232041373207450958e-14 -1.336095408407874713e-13
4.902623168224412727e-13 1.900446743157543583e-12
-6.862829503896485434e-12 -2.510269482163910368e-11
8.917887764559163062e-11 3.063255163012137230e-10
-1.069073684200395197e-09 -3.429548944836125766e-09
1.173866578603443785e-08 3.493780148202942128e-08
-1.170436997844131836e-07 -3.206161244034819642e-07
1.048617751878729049e-06 2.617380534645133360e-06
-8.331198928888378623e-06 -1.870608444120665500e-05
5.771154069072162343e-05 1.145776108539450338e-04
-3.407671671857591725e-04 -5.838984076894462340e-04
1.661539906773768773e-03 2.367848326065740035e-03
-6.376741184424617945e-03 -7.087484119817026758e-03
1.774436938885556869e-02 1.338615038588937718e-02
-2.978068087507589751e-02 -9.032743881308950493e-03
1.090276077756873775e-02 -1.141899220135500492e-02
4.327991989837590148e-02 -2.752263465418171266e-15
1.090276077756783743e-02 1.141899220135210447e-02
-2.978068087506528100e-02 9.032743881308192418e-03
1.774436938885346274e-02 -1.338615038589063139e-02
-6.376741184423761859e-03 7.087484119816588740e-03
1.661539906772685222e-03 -2.367848326066203640e-03
-3.407671671864645003e-04 5.838984076874521693e-04
5.771154069192544020e-05 -1.145776108544216897e-04
-8.331198928698043543e-06 1.870608444009257628e-05
1.048617752636819090e-06 -2.617380535470586873e-06
-1.170436996959020787e-07 3.206161248085333314e-07
1.173866612875542807e-08 -3.493780120507889664e-08
-1.069073334522144976e-09 3.429548582433420495e-09
8.917930209916387901e-11 -3.063258006754889449e-10
-6.862990239791805424e-12 2.510373214060840149e-11
4.898856207727464350e-13 -1.900636041559772964e-12
-3.230783916378952466e-14 1.337940716399426049e-13
2.069152198331186158e-15 -8.633956938999460242e-15
-2.495070502638762647e-16 4.724329224259509417e-16
8.732798160987129421e-16 4.150008800373070841e-16
2.334357398083398638e-17 5.959971171009750220e-17
-4.649178540259292329e-17 4.208965847427501114e-16
-1.101048655076805972e-16 -2.178328769165611368e-17
-1.313673871212128365e-15 5.496385075357235325e-16
1.765027321207163292e-14 -4.900570335051589740e-15
-2.605476647033952876e-13 8.495014401531380293e-14
3.561206378400477961e-12 -1.233271461937981555e-12
-4.505875347014144079e-11 1.657449143455864511e-11
5.246552548826055792e-10 -2.060259468580441792e-10
-5.578597575767305352e-09 2.352750528745036162e-09
5.366880664527269697e-08 -2.448723378862711154e-08
-4.618753055444286463e-07 2.300563946426836071e-07
3.505049556123045604e-06 -1.927988547886918529e-06
-2.301890838130905836e-05 1.419803039063713709e-05
1.275197217985403269e-04 -9.009159947894464996e-05
-5.741130375845813994e-04 4.795753837879935611e-04
1.978774665082736264e-03 -2.060404558106270021e-03
-4.659676451092535469e-03 6.722441961260564210e-03
5.449272752774907309e-03 -1.492268802893236858e-02
2.313583735399031734e-03 1.742744599601922517e-02
-5.724727842500789386e-03 -2.275973111295011113e-03
-2.288412805715191872e-02 1.357583455123712946e-15
-5.724727842498701647e-03 2.275973111297044209e-03
2.313583735397437523e-03 -1.742744599601452407e-02
5.449272752777233574e-03 1.492268802892954618e-02
-4.659676451092475621e-03 -6.722441961259217197e-03
1.978774665083250610e-03 2.060404558106168106e-03
-5.741130375841212640e-04 -4.795753837883484747e-04
1.275197217982890630e-04 9.009159947953384608e-05
-2.301890838150481445e-05 -1.419803039020606339e-05
3.505049556109525688e-06 1.927988548283123272e-06
-4.618753061747148621e-07 -2.300563947708667970e-07
5.366880682031290255e-08 2.448723442283898754e-08
-5.578597910835193247e-09 -2.352750446070055714e-09
5.246552128490942582e-10 2.060262078885430154e-10
-4.505862001007388584e-11 -1.657412032293539622e-11
3.561335011209960740e-12 1.232981757010438352e-12
-2.606652647316969728e-13 -8.509504569821514592e-14
1.769078292125802110e-14 5.371635705452286930e-15
-1.254503831268219604e-15 -3.077445381614688608e-16
-2.013081147981052562e-16 6.051619021698701016e-16
-8.161756896324738395e-17 -1.907927301199655701e-16
2.926882458005995495e-16 9.949915658451867931e-17
-1.438036010746105405e-16 1.459635943415181330e-16
8.889949339953639183e-16 2.246439980582178439e-15
-1.249266941601593021e-14 -3.305444049456556312e-14
1.944931572644110476e-13 4.692000363177713769e-13
-2.704563753271722761e-12 -6.150781556023233423e-12
3.483162654789129802e-11 7.442236352549769774e-11
-4.135521452938212487e-10 -8.254867985174518638e-10
4.493605895408007426e-09 8.322843343555429239e-09
-4.429750369143960674e-08 -7.549397136391492246e-08
3.919820433975794706e-07 6.081926739846097891e-07
-3.072579537111784860e-06 -4.280254125576242282e-06
2.097608346532909036e-05 2.573840950671818769e-05
-1.219441402888588413e-04 -1.281700639827831163e-04
5.851068883431779404e-04 5.037485967018729598e-04
-2.212032098029148661e-03 -1.435498123541522394e-03
6.105653276689318974e-03 2.429468056326532580e-03
-1.060224758240536046e-02 -6.062038694599973087e-04
7.558420952843377706e-03 -5.089802558241497341e-03
1.324850280512300050e-03 3.601525049090502882e-03
1.135063399097409331e-02 -1.353103442620445658e-15
1.324850280508782898e-03 -3.601525049090775667e-03
7.558420952841326396e-03 5.089802558238635914e-03
-1.060224758240576985e-02 6.062038694610429133e-04
6.105653276688780343e-03 -2.429468056326565539e-03
-2.212032098027992902e-03 1.435498123541660304e-03
5.851068883430233332e-04 -5.037485967003067213e-04
-1.219441402891429158e-04 1.281700639829567241e-04
2.097608346494921980e-05 -2.573840950612656567e-05
-3.072579537606139970e-06 4.280254126076234819e-06
3.919820435325685174e-07 -6.081926740638955670e-07
-4.429750354900727780e-08 7.549397127817186833e-08
4.493605444160399716e-09 -8.322843089471381222e-09
-4.135522825761694973e-10 8.254868575823027351e-10
3.483173705779543116e-11 -7.442313751671810056e-11
-2.704444931746845908e-12 6.150889838997902682e-12
1.945499420497725408e-13 -4.692489992602239369e-13
-1.315882168225592131e-14 3.313679660885626429e-14
8.888513560647981289e-16 -2.210558913344255872e-15
-5.597220325482379376e-16 -1.530735365228182944e-16
3.744264101601571123e-17 4.504664862267042894e-17
5.450353084039338297e-17 -3.298123829995985228e-16
-2.234444990983482225e-16 1.846607583648443709e-16
3.969661661404404727e-15 -1.898810233884664415e-15
-5.720803626067684275e-14 2.692873936439124624e-14
7.803211316344976188e-13 -3.947075033548728196e-13
-9.826232059137256157e-12 5.281510696220320753e-12
1.138118248304856760e-10 -6.532827251464589525e-11
-1.203282613265521960e-09 7.423233249390059784e-10
1.150468552819955666e-08 -7.687984909742936163e-09
-9.833483425900312083e-08 7.188521944200132506e-08
7.404986098631197739e-07 -5.998165259907964358e-07
-4.819428692713303674e-06 4.401460414385218614e-06
2.640162339549261323e-05 -2.787113541069530243e-05
-1.170555196466600628e-04 1.484698863393755694e-04
3.934390077654544428e-04 -6.417830392275431341e-04
-8.749321947721980762e-04 2.130537254204541153e-03
7.711208965318418511e-04 -4.941077461874309081e-03
1.563385117630725074e-03 6.532057574294061059e-03
-3.863707511189783724e-03 -2.088667902819213266e-03
4.147829495924125563e-04 -2.277116323618347867e-03
-5.038771808745691992e-03 1.095010667447877097e-15
4.147829495948311402e-04 2.277116323617682601e-03
-3.863707511187957928e-03 2.088667902818504632e-03
1.563385117629681638e-03 -6.532057574293538040e-03
7.711208965327866248e-04 4.941077461873736622e-03
-8.749321947723499729e-04 -2.130537254204756259e-03
3.934390077651939632e-04 6.417830392279088355e-04
-1.170555196461897630e-04 -1.484698863397978120e-04
2.640162339550453945e-05 2.787113541057833056e-05
-4.819428692677729137e-06 -4.401460414758801648e-06
7.404986100679044943e-07 5.998165259948758524e-07
-9.833483431538915122e-08 -7.188521969472260460e-08
1.150468578588032164e-08 7.687985041023733896e-09
-1.203282822257858918e-09 -7.423235637633114614e-10
1.138117617129029948e-10 6.532815395312297954e-11
-9.826514620562376492e-12 -5.281295885958804769e-12
7.804601239734743730e-13 3.949102960789221158e-13
-5.741479580217162010e-14 -2.739471094611331349e-14
4.016348598549246270e-15 1.876242502444984286e-15
-1.277100793247025926e-16 -5.865525483974713442e-16
-6.545890854128534559e-17 8.701399184887808298e-17
-3.150737716331891072e-16 -6.945676441337405432e-17
3.062177487053876332e-16 3.211780995779053014e-16
-3.794037994629789138e-15 -6.747937614800465709e-15
5.291665532255498749e-14 9.350869789281015277e-14
-7.403966874503237873e-13 -1.225947142716927760e-12
9.527128978955360626e-12 1.480098485464993258e-11
-1.130177835432693569e-10 -1.637876783048766220e-10
1.227693044517220322e-09 1.647460348085973260e-09
-1.210905964139905318e-08 -1.490735137018917695e-08
1.073372924661976208e-07 1.197880210911605284e-07
-8.443062497964186192e-07 -8.405788172791438076e-07
5.799301534512048736e-06 5.035760852692403698e-06
-3.406005289198757913e-05 -2.492973890823048152e-05
1.662105528373111361e-04 9.682706570106421778e-05
-6.466079398533482485e-04 -2.672403114863019439e-04
1.879072248052988817e-03 3.940161917450009160e-04
-3.626161531558102797e-03 2.420931590011105104e-04
3.494439244563739277e-03 -2.044851019508287220e-03
4.403829800623620488e-05 2.029487875277391322e-03
-8.038844798551635692e-04 9.263890613155827212e-04
1.875295996289727497e-03 7.666947624748451196e-17
-8.038844798545661738e-04 -9.263890613151334278e-04
4.403829800675078756e-05 -2.029487875276940727e-03
3.494439244563879356e-03 2.044851019507776778e-03
-3.626161531557385489e-03 -2.420931590008327378e-04
1.879072248052554919e-03 -3.940161917456583220e-04
-6.466079398529231328e-04 2.672403114852794329e-04
1.662105528379139254e-04 -9.682706570143771187e-05
-3.406005289179874499e-05 2.492973890773332401e-05
5.799301534642178408e-06 -5.035760852943991118e-06
-8.443062498672097154e-07 8.405788175499500876e-07
1.073372927254418084e-07 -1.197880208562241085e-07
-1.210905924393483643e-08 1.490735120447350710e-08
1.227693272360473424e-09 -1.647460465819802492e-09
-1.130179306627150654e-10 1.637883905146484337e-10
9.526934657238333955e-12 -1.480113798650243606e-11
-7.405269721205951390e-13 1.226203674064873798e-12
5.341553676048743085e-14 -9.383941571616046118e-14
-3.768622849611540012e-15 6.793699452714378899e-15
7.236893415949844063e-16 -3.042212653552014452e-16
3.049989869757371864e-18 -3.867999278235075503e-17
-8.118825171531952803e-17 2.561102440698127306e-16
6.955543090605730052e-16 -6.547592532468704803e-16
-1.053358808912605216e-14 6.654325837202144816e-15
1.436326200133796340e-13 -9.535836912532430662e-14
-1.809863273490643977e-12 1.283020324120103088e-12
2.097246376196958642e-11 -1.590716404080718255e-11
-2.218820959008537525e-10 1.813386531545034398e-10
2.123442052061148893e-09 -1.886437720743374115e-09
-1.817166998323674108e-08 1.774611375013465632e-08
1.370240591859151017e-07 -1.493042880734017417e-07
-8.928244005584877293e-07 1.108100708465248361e-06
4.890836175254737828e-06 -7.128521482346695051e-06
-2.159457374090855626e-05 3.883816712152988169e-05
7.127037432250227548e-05 -1.735517092017758978e-04
-1.461444377488424528e-04 6.067160114408710198e-04
4.022956056862883248e-05 -1.536724650916925341e-03
7.177780480738446805e-04 2.432855676704269703e-03
-1.726050896464406204e-03 -1.576921663637413261e-03
7.684629751797086069e-04 -5.193498793722140482e-04
5.797472205657728172e-04 -1.250948518416630632e-04
-5.258303320889680041e-04 -5.795963671391908528e-16
5.797472205646064325e-04 1.250948518416645540e-04
7.684629751798792603e-04 5.193498793720551041e-04
-1.726050896463790811e-03 1.576921663637825041e-03
7.177780480734545845e-04 -2.432855676704356439e-03
4.022956056844527028e-05 1.536724650916862240e-03
-1.461444377489871124e-04 -6.067160114411358903e-04
7.127037432195465851e-05 1.735517092023214955e-04
-2.159457374071713359e-05 -3.883816712153158253e-05
4.890836175775898565e-06 7.128521482439303704e-06
-8.928244005611190371e-07 -1.108100708634128943e-06
1.370240591148487992e-07 1.493042882578175961e-07
-1.817166994948418874e-08 -1.774611388171254921e-08
2.123442191974214903e-09 1.886437949441879444e-09
-2.218821095793573105e-10 -1.813385100639573434e-10
2.097289944794711030e-11 1.590691452998295692e-11
-1.809894440058867889e-12 -1.283070949777695864e-12
1.436767951495988019e-13 9.578474418537089097e-14
-1.061377251191505850e-14 -6.695453288357269506e-15
5.899751338974832287e-16 8.018654836349326822e-16
3.838830902619820735e-17 -2.115992638426089781e-16
2.862568808556484440e-16 -3.902564882857153557e-17
-7.978246307211886399e-16 -1.022206147536046410e-15
1.185335817586112858e-14 1.623664446810751508e-14
-1.629617623210386131e-13 -2.113641863249774585e-13
2.110274824810407631e-12 2.557550932958027470e-12
-2.517574029301538434e-11 -2.837556183894693656e-11
2.754032434952933053e-10 2.862971629222490872e-10
-2.740485105974445568e-09 -2.599884682095409465e-09
2.456669290297434024e-08 2.097497622577688340e-08
-1.960528204730841510e-07 -1.477964810669657166e-07
1.372314212961757277e-06 8.884928318123252259e-07
-8.265669394186331211e-06 -4.400295981600161557e-06
4.175881979959995198e-05 1.691634102757685654e-05
-1.707235358144942937e-04 -4.429904640650284421e-05
5.351339460186732566e-04 4.452234239398189216e-05
-1.174187914439550270e-03 1.803649051528218863e-04
1.492649680237059361e-03 -8.291452905652531638e-04
-5.381694889847699016e-04 1.181020378069079372e-03
-4.102765518283695663e-04 -1.497692209568141878e-04
-2.484187625721358955e-04 -1.412613147988008521e-04
7.795035021887486686e-05 6.793058805750059799e-16
-2.484187625720496472e-04 1.412613147989498486e-04
-4.102765518287858999e-04 1.497692209566095717e-04
-5.381694889853585149e-04 -1.181020378068796612e-03
1.492649680237157590e-03 8.291452905650757883e-04
-1.174187914439388074e-03 -1.803649051519990582e-04
5.351339460182202769e-04 -4.452234239383023260e-05
-1.707235358150956193e-04 4.429904640658111683e-05
4.175881979978757316e-05 -1.691634102740504099e-05
-8.265669394128746523e-06 4.400295981465119941e-06
1.372314213259519639e-06 -8.884928320779912865e-07
-1.960528204686604685e-07 1.477964809908218487e-07
2.456669260109501392e-08 -2.097497644595808532e-08
-2.740485311666352768e-09 2.599884864281848390e-09
2.754035089648916921e-10 -2.862978415345256341e-10
-2.517559585264311944e-11 2.837559498690706530e-11
2.110279964242666945e-12 -2.557598333063257828e-12
-1.633178460542017380e-13 2.114995635557726689e-13
1.180693584508686076e-14 -1.618292090030509168e-14
-1.177256113725333339e-15 8.989523827115150150e-16
1.171159666858928383e-16 1.258927698952626003e-17
1.464782674882657011e-16 -3.276181361920415285e-16
-1.673610568067418074e-15 1.571304504235965426e-15
2.326634706907140464e-14 -1.936073385225974673e-14
-2.941509212174667304e-13 2.609622133366574403e-13
3.425289706731096676e-12 -3.264920390384666378e-12
-3.642207586597220803e-11 3.756543689819248612e-11
3.505305520797557584e-10 -3.951566123105632464e-10
-3.018179672359388346e-09 3.767978350468800415e-09
2.290436703096836399e-08 -3.223470662586483883e-08
-1.501206829435542401e-07 2.442867488574377756e-07
8.250906327314988723e-07 -1.613946539408531046e-06
-3.623719616186648510e-06 9.104834807877432328e-06
1.153367339919329796e-05 -4.264515446464946122e-05
-1.921158793765458513e-05 1.593381163071008841e-04
-3.061894802326206973e-05 -4.464837271569463244e-04
2.878406919277839851e-04 8.415006659308471582e-04
-7.402204986333054196e-04 -8.298921214187988862e-04
6.915548628932004010e-04 6.740429745951079265e-05
6.491517421958959886e-05 2.101354042921342688e-04
4.307499092751240316e-05 1.331652004441989483e-04
1.426504822205510925e-05 1.149463216806423935e-16
4.307499092727857463e-05 -1.331652004446160951e-04
6.491517421930706932e-05 -2.101354042918178986e-04
6.915548628930483959e-04 -6.740429746003270047e-05
-7.402204986324858712e-04 8.298921214187395803e-04
2.878406919277239745e-04 -8.415006659309239197e-04
-3.061894802321054302e-05 4.464837271568615940e-04
-1.921158793729258696e-05 -1.593381163072278984e-04
1.153367339880379833e-05 4.264515446431463926e-05
-3.623719616399154677e-06 -9.104834807865251994e-06
8.250906327331016704e-07 1.613946539558291977e-06
-1.501206828194311703e-07 -2.442867489813614487e-07
2.290436713818067916e-08 3.223470688021369218e-08
-3.018179648849749840e-09 -3.767978489956320877e-09
3.505304850623406404e-10 3.951564486028063465e-10
-3.642230512917845817e-11 -3.756543870830773636e-11
3.425275106926301661e-12 3.265137065287020567e-12
-2.942586958510297222e-13 -2.613414220963239647e-13
2.331980519521266413e-14 1.944286858623528734e-14
-1.588468928910585209e-15 -1.601491012867939844e-15
-2.129142495870220633e-17 1.755276060846337278e-16
-3.128326292360850626e-16 -5.982223324346110583e-17
2.165356941623292634e-15 2.365607911435267906e-15
-3.110686245731710252e-14 -3.269100488384186583e-14
4.040132312380571855e-13 3.967937624683987820e-13
-4.872998085576434342e-12 -4.429086784023235713e-12
5.396353628224875856e-11 4.498025796354679309e-11
-5.448859899882340702e-10 -4.113785859105172331e-10
4.971549167174127363e-09 3.343521810747459476e-09
-4.054117260024328138e-08 -2.372538341317741612e-08
2.914927384326412990e-07 1.433159417891001110e-07
-1.816402415120400504e-06 -7.080562890607257908e-07
9.590910068541059699e-06 2.651113083859303530e-06
-4.160938044952271653e-05 -6.072041319752787100e-06
1.418381344415372549e-04 -1.736506076018097742e-06
-3.538422996972557188e-04 7.851493016432670733e-05
5.659308082699454102e-04 -3.134639442766929611e-04
-4.073093940992202305e-04 5.722210205829632128e-04
-9.213708450306638473e-05 -3.483758233426680214e-04
7.009771554309186315e-05 -9.415071665826213779e-05
2.941085396888615974e-05 -5.996469511407493975e-05
-9.079172775610718654e-06 -3.799513409119522429e-16
2.941085396950196285e-05 5.996469511399014159e-05
7.009771554328363141e-05 9.415071665816449184e-05
-9.213708450253385173e-05 3.483758233422979290e-04
-4.073093940988729064e-04 -5.722210205833269626e-04
5.659308082696438936e-04 3.134639442759084866e-04
-3.538422996970093880e-04 -7.851493016451584640e-05
1.418381344416107638e-04 1.736506076071808948e-06
-4.160938044957471758e-05 6.072041319678700517e-06
9.590910068339730132e-06 -2.651113083905509601e-06
-1.816402415523931023e-06 7.080562892191651036e-07
2.914927383886275083e-07 -1.433159420366047264e-07
-4.054117224380502106e-08 2.372538349662915349e-08
4.971549311668553875e-09 -3.343521673553872153e-09
-5.448862906264991342e-10 4.113791431051370938e-10
5.396342238025336838e-11 -4.498037894102812446e-11
-4.872933116220706557e-12 4.429013806246971080e-12
4.042898418693425234e-13 -3.969995146924813370e-13
-3.100364074480546740e-14 3.271122584771937670e-14
2.454297993325455009e-15 -2.323002519478112916e-15
-2.048172912981964557e-16 1.593030909631911592e-16
-3.222538319286885032e-16 4.695717159011285746e-16
3.488209925768606851e-15 -3.739721746860820753e-15
-4.339301145637300291e-14 4.684006529351841267e-14
5.079040558230575786e-13 -5.915613414075829579e-13
-5.444111927330486676e-12 6.903339418494971305e-12
5.283634069534876929e-11 -7.378207565789841536e-11
-4.588884930059869077e-10 7.168651519052061567e-10
3.511175805277932370e-09 -6.271447463627996534e-09
-2.315519052735418529e-08 4.883019075556424373e-08
1.272367670630050816e-07 -3.335158580855649865e-07
-5.479028747901035707e-07 1.961685535651058258e-06
1.586234583375978164e-06 -9.696705649569689272e-06
-1.061079410569163736e-06 3.894217639363089031e-05
-1.739357568830434710e-05 -1.208601978786835095e-04
1.025915581451926557e-04 2.669617383460959814e-04
-2.887823157074304275e-04 -3.559005825015296273e-04
3.985445590606072406e-04 1.641061829302647578e-04
-1.453692622815263961e-04 1.102244679053686598e-04
-6.391604504952117720e-05 -3.073415998987074906e-06
-3.081317620348949377e-05 8.255949253642695418e-06
-2.854398791123732983e-06 -1.077450174542656513e-16
-3.081317620357282148e-05 -8.255949252784374910e-06
-6.391604504912922456e-05 3.073415998774265925e-06
-1.453692622818197270e-04 -1.102244679055631386e-04
3.985445590598368066e-04 -1.641061829303082072e-04
-2.887823157072962033e-04 3.559005825016059010e-04
1.025915581449890696e-04 -2.669617383457750033e-04
-1.739357568843595908e-05 1.208601978789067874e-04
-1.061079410371003131e-06 -3.894217639333541134e-05
1.586234583248964515e-06 9.696705649250562833e-06
-5.479028748676274141e-07 -1.961685535668183570e-06
1.272367669657659375e-07 3.335158580316364105e-07
-2.315519054629783893e-08 -4.883019100029117999e-08
3.511175698861394719e-09 6.271447605535533139e-09
-4.588882026460035409e-10 -7.168650126772734795e-10
5.283655584417083481e-11 7.378183248343883347e-11
-5.443965540029938088e-12 -6.903353202200265990e-12
5.078740385201271992e-13 5.918708656466307692e-13
-4.335920480877631947e-14 -4.686687462186819085e-14
3.335746349773380857e-15 3.560782353633773198e-15
-1.111585186319274523e-16 -4.526586090737442727e-16
4.619223182047056151e-16 3.262173408063945610e-16
-5.197663688287183651e-15 -4.517496418590316998e-15
6.960868192144300029e-14 5.651648452715396858e-14
-8.486385086612906088e-13 -6.346511622837304294e-13
9.551448639117556615e-12 6.500048055235695062e-12
-9.825831882918527523e-11 -5.996104065116426672e-11
9.164218160325484086e-10 4.913288257900193538e-10
-7.671507992226751651e-09 -3.508187616852846817e-09
5.693445948630458041e-08 2.120301212688801558e-08
-3.688806815382074747e-07 -1.031128697081726749e-07
2.045501730345812075e-06 3.592752727444558545e-07
-9.453978898042583663e-06 -5.268252696674003976e-07
3.508854229555702516e-05 -3.138146199470210914e-06
-9.884528119466208474e-05 2.760525522327294333e-05
1.918445312546831095e-04 -1.084150849051756615e-04
-2.072763528090621561e-04 2.396152280653217977e-04
4.010446003920508859e-05 -2.541837430477572775e-04
8.070255731734476750e-05 4.293483622299420962e-05
1.709321363422394894e-05 3.026585750241390644e-05
1.282459770929576702e-05 9.333110978163752076e-06
5.026595698027163219e-06 1.079201456168092299e-16
1.282459770940390602e-05 -9.333110978377087488e-06
1.709321363414426347e-05 -3.026585750228126447e-05
8.070255731698654711e-05 -4.293483622283201297e-05
4.010446003941701623e-05 2.541837430479898931e-04
-2.072763528092136463e-04 -2.396152280654756459e-04
1.918445312545714366e-04 1.084150849053811720e-04
-9.884528119481220609e-05 -2.760525522342271570e-05
3.508854229545429700e-05 3.138146199359419428e-06
-9.453978897769159734e-06 5.268252694189099418e-07
2.045501730744238585e-06 -3.592752725434375190e-07
-3.688806816590206310e-07 1.031128695634762467e-07
5.693445933647965231e-08 -2.120301190586466438e-08
-7.671508004099058262e-09 3.508187410517087043e-09
9.164220478374679729e-10 -4.913290848001207551e-10
-9.825833075606542407e-11 5.996110937168998225e-11
9.551471536207057301e-12 -6.500146247734074200e-12
-8.489186849841973463e-13 6.347517012516369220e-13
6.947029485348489890e-14 -5.639234235903639177e-14
-5.505999126646872659e-15 4.466151979428498521e-15
2.925582191239770547e-16 -3.626342354603080439e-16
5.593486591322294884e-16 -7.518580894278735033e-16
-5.956717593420773760e-15 7.827449091200024659e-15
6.939841763088062963e-14 -9.737039361832480759e-14
-7.508765383371343942e-13 1.154331509878654798e-12
7.357147595891756432e-12 -1.258182059590879472e-11
-6.448091758792443582e-11 1.250210958999668620e-10
4.969267798494406036e-10 -1.122831433642405972e-09
-3.283462891220660920e-09 9.018194354554509392e-09
1.782454571844719132e-08 -6.393376664722841673e-08
-7.255630387356745073e-08 3.935657988727566500e-07
1.587352677944875105e-07 -2.059383081883953910e-06
4.394647220363093598e-07 8.900437244329531761e-06
-6.316213557320046028e-06 -3.049379719660004804e-05
3.289197945369235989e-05 7.768949897461395438e-05
-1.019585393018858930e-04 -1.310941581241138482e-04
1.839536691901080768e-04 1.093866878161030499e-04
-1.491005473295300521e-04 1.288598390577001681e-05
5.111722863240599013e-07 -4.632418485016392897e-05
8.998953861824984647e-06 -1.632001977337530936e-05
-4.245528978390280626e-07 -7.706224390274163996e-06
-2.521326129486533315e-06 3.446945379134676459e-16
-4.245528982012612790e-07 7.706224389754980233e-06
8.998953861913059133e-06 1.632001977397684505e-05
5.111722865483332616e-07 4.632418485026006382e-05
-1.491005473297153422e-04 -1.288598390580610888e-05
1.839536691902545255e-04 -1.093866878164162623e-04
-1.019585393019551193e-04 1.310941581238528266e-04
3.289197945346793682e-05 -7.768949897473789224e-05
-6.316213557659441119e-06 3.049379719630719487e-05
4.394647222745961392e-07 -8.900437244175315860e-06
1.587352679849140961e-07 2.059383081797925009e-06
-7.255630354871332186e-08 -3.935657987922791497e-07
1.782454547730118942e-08 6.393376645339965718e-08
-3.283462877613335117e-09 -9.018194377252810276e-09
4.969265306754038368e-10 1.122831314748590141e-09
-6.448107802790267149e-11 -1.250207908244919933e-10
7.357471879304219396e-12 1.258153885371541891e-11
-7.508566817657458963e-13 -1.154479113901923147e-12
6.944128626057158715e-14 9.740920228621440329e-14
-5.847907610547622938e-15 -7.698656308870591217e-15
3.313044946094749105e-16 6.468924074864373180e-16
-9.643011559178794017e-16 -6.030671702883622590e-16
1.098589743444830713e-14 7.359984582500989724e-15
-1.360907684117737217e-13 -8.470891745901800265e-14
1.559124143460728007e-12 8.734607609630609927e-13
-1.638799885524082026e-11 -8.123235154125277403e-12
1.566823948544401375e-10 6.698353019314723509e-11
-1.350320540417141881e-09 -4.789624759967447090e-10
1.037355672737729774e-08 2.863076692103290281e-09
-7.006522563058831006e-08 -1.328160766255656456e-08
4.088595214759694447e-07 3.785423120121459588e-08
-2.014714077247346418e-06 3.929320193388070548e-08
8.125334722752872857e-06 -1.257939871579249789e-06
-2.562528851274471046e-05 8.445836413228375694e-06
5.872319939631755897e-05 -3.422812109096486305e-05
-8.480625502160600636e-05 8.858036096286761021e-05
4.962026515259249841e-05 -1.324674131247918535e-04
2.835822106971842106e-05 8.001698568394965060e-05
-2.134661368764788120e-05 1.161797181345683421e-05
-9.877466459371718997e-06 5.054521914565508347e-07
-2.797263002395554361e-06 2.293996314563619056e-06
3.640288218262913563e-07 5.594409469639192199e-16
-2.797263002761977002e-06 -2.293996315202986206e-06
-9.877466459347913983e-06 -5.054521914286486165e-07
-2.134661368756389957e-05 -1.161797181321937022e-05
2.835822106972007785e-05 -8.001698568389581997e-05
4.962026515287254106e-05 1.324674131248979156e-04
-8.480625502118945588e-05 -8.858036096313719708e-05
5.872319939646007057e-05 3.422812109106380328e-05
-2.562528851269281106e-05 -8.445836412908441185e-06
8.125334722706375830e-06 1.257939871619192263e-06
-2.014714077401766030e-06 -3.929320211595096689e-08
4.088595218177298218e-07 -3.785423098671644571e-08
-7.006522560533046256e-08 1.328160767117461856e-08
1.037355678642908308e-08 -2.863076661549555800e-09
-1.350320790108944184e-09 4.789627167499951589e-10
1.566821818300115422e-10 -6.698348486509530748e-11
-1.638792003120738781e-11 8.123342839450623979e-12
1.559407433550340258e-12 -8.734828893209514632e-13
-1.360319078463751692e-13 8.450333465711388809e-14
1.108207385157332858e-14 -7.334222613032481318e-15
-8.017628790523685217e-16 6.412052861348457148e-16
-7.997978312999286788e-16 1.289800206877722198e-15
8.889508850601178839e-15 -1.483906559253375413e-14
-9.629730175927649185e-14 1.784721562241963508e-13
9.519716910417609953e-13 -1.987987750274504216e-12
-8.405140450920568947e-12 2.025917843151601472e-11
6.496279446683885459e-11 -1.872949287017781269e-10
-4.257322788346062351e-10 1.555821758239438599e-09
2.223912632217973512e-09 -1.147643271802200101e-08
-7.785351085089546001e-09 7.408319612317777978e-08
1.705006599580270194e-09 -4.107770792894227621e-07
2.190381669547501262e-07 1.908885120896565179e-06
-1.883219927722914878e-06 -7.184920948275891114e-06
9.577758166099689942e-06 2.081821526434254467e-05
-3.267559832288684246e-05 -4.263236692139704844e-05
7.239233126502010176e-05 5.144498341966422173e-05
-9.010598961336634301e-05 -1.623310286575485985e-05
3.854431126178146802e-05 -2.697669134366199609e-05
1.129912155278172183e-05 7.065984129816710977e-06
3.015924345170640195e-06 4.307419059690016162e-06
1.678039840256314458e-06 5.167031553024257794e-07
3.238838306677006494e-07 3.684927007787910517e-16
1.678039840253631693e-06 -5.167031553253850310e-07
3.015924345288166864e-06 -4.307419060101430228e-06
1.129912155253169125e-05 -7.065984129787138516e-06
3.854431126198410541e-05 2.697669134348465450e-05
-9.010598961328356417e-05 1.623310286562009352e-05
7.239233126510896568e-05 -5.144498341960261194e-05
-3.267559832292660558e-05 4.263236692131628893e-05
9.577758165996235032e-06 -2.081821526374088023e-05
-1.883219927818975191e-06 7.184920948152029486e-06
2.190381667882186048e-07 -1.908885120782604519e-06
1.705006641303288209e-09 4.107770794502512372e-07
-7.785350925187763060e-09 -7.408319613977513892e-08
2.223912642318679280e-09 1.147643278621628114e-08
-4.257320280323407916e-10 -1.555821703061971820e-09
6.496277231385169712e-11 1.872948060692994879e-10
-8.405368188848812019e-12 -2.025898953972264887e-11
9.519123647467106746e-13 1.988101442431207336e-12
-9.631302339097439651e-14 -1.784723972917929969e-13
8.893017699476873117e-15 1.497281328880802627e-14
-6.296595122688378693e-16 -1.194379355307496809e-15
1.742652699655765293e-15 9.175360391451643291e-16
-2.044611194808492506e-14 -1.049926823120112931e-14
2.382987147632527093e-13 1.100961922381853895e-13
-2.562668739756821041e-12 -1.028340044670321900e-12
2.516231336444470239e-11 8.490647147780215535e-12
-2.236226561605974334e-10 -6.017407861481509518e-11
1.780865904216644379e-09 3.472273090738101695e-10
-1.255250061104393777e-08 -1.422963545841806602e-09
7.710961822113688763e-08 1.666784007540645197e-09
-4.047134019321360724e-07 3.417787704518617750e-08
1.767387433398376593e-06 -3.747826741625590001e-07
-6.186057563723227495e-06 2.319865637742357234e-06
1.638628531435101470e-05 -9.900633408233449668e-06
-2.967509162311818022e-05 2.933609492266591042e-05
2.872010791392390702e-05 -5.626743448161552975e-05
2.839361124856947980e-07 5.808762658714562119e-05
-2.003049265910486655e-05 -1.585656185378408775e-05
5.003669484365880645e-07 -7.532336454194493339e-06
1.100342801596281987e-06 -2.601765120138201382e-06
-2.527489182782025478e-07 -8.257774963619190690e-07
-2.282187012724907251e-07 -7.720255749347928582e-17
-2.527489181196105044e-07 8.257774966671234629e-07
1.100342801455123099e-06 2.601765119991332646e-06
5.003669483249146055e-07 7.532336454038107340e-06
-2.003049265941210573e-05 1.585656185364851844e-05
2.839361125527464026e-07 -5.808762658726888820e-05
2.872010791358192933e-05 5.626743448169339580e-05
-2.967509162308238122e-05 -2.933609492254281621e-05
1.638628531452357903e-05 9.900633407729476923e-06
-6.186057563896845532e-06 -2.319865637863080604e-06
1.767387433597375549e-06 3.747826743153599850e-07
-4.047134020928386043e-07 -3.417787723165945513e-08
7.710961808557817150e-08 -1.666784112168817537e-09
-1.255250075538619200e-08 1.422963436392069609e-09
1.780866115507611207e-09 -3.472271832509891208e-10
-2.236224930849797899e-10 6.017402306332843053e-11
2.516221277611394941e-11 -8.490788868343622852e-12
-2.562910899555442671e-12 1.028375911756888655e-12
2.383529127784533131e-13 -1.100167894266324727e-13
-2.042364139136381945e-14 1.043071347092453749e-14
1.651751767077418401e-15 -9.259340186783320917e-16
1.064840564328216565e-15 -2.107225281105688930e-15
-1.159587263689222166e-14 2.585665149187934901e-14
1.147068649824241040e-13 -2.935566762301510712e-13
-1.014906373755609451e-12 3.073886531427938907e-12
7.796578106567058372e-12 -2.931061174920870425e-11
-4.964590125877558683e-11 2.522695579777884575e-10
2.348215297514763389e-10 -1.939076925430890106e-09
-4.840595816837174224e-10 1.313846692461943268e-08
-4.565728628417699450e-09 -7.719547916061622831e-08
6.624689210505853162e-08 3.850419289683569881e-07
-4.928523098622296523e-07 -1.584222820985285234e-06
2.552495444840580366e-06 5.159139541317807234e-06
-9.554943890604382953e-06 -1.245509452027386778e-05
2.503514123543402307e-05 1.968538867661585100e-05
-4.181990122847501336e-05 -1.413260761402691944e-05
3.546797778274607762e-05 -6.895460622900049559e-06
-4.717876101312813280e-06 1.281518527361532960e-05
-3.989039416665784933e-06 1.673225833738962905e-06
-1.516896863485359395e-06 2.269502505538021691e-07
-2.748045581686832922e-07 3.135899607950642513e-07
3.173603451082208982e-08 -9.126400260780224017e-17
-2.748045580954974221e-07 -3.135899607719027707e-07
-1.516896863314615340e-06 -2.269502501670688423e-07
-3.989039416284204214e-06 -1.673225833429925052e-06
-4.717876101481716732e-06 -1.281518527331028424e-05
3.546797778260896671e-05 6.895460623192634221e-06
-4.181990122850022106e-05 1.413260761415032706e-05
2.503514123537803758e-05 -1.968538867655235741e-05
-9.554943890606412444e-06 1.245509451983691736e-05
2.552495444785861190e-06 -5.159139541328172376e-06
-4.928523098454019663e-07 1.584222820850234090e-06
6.624689211032382077e-08 -3.850419289379708458e-07
-4.565728781725093496e-09 7.719547926873597385e-08
-4.840596081536997867e-10 -1.313846699035062537e-08
2.348212657981891953e-10 1.939076992531516285e-09
-4.964604193199251947e-11 -2.522693944915342922e-10
7.796812327705193123e-12 2.931063635565583523e-11
-1.014712458020227529e-12 -3.073972326722129255e-12
1.146233342501740598e-13 2.935428246321868446e-13
-1.149762552039069268e-14 -2.588495288570707157e-14
9.792838378686133117e-16 2.153411258217623009e-15
-3.016194806567263223e-15 -1.379078892142029436e-15
3.473485217522312653e-14 1.309645136156129831e-14
-3.800637672160147614e-13 -1.221197220833798216e-13
3.835648039950038895e-12 9.992214725655611107e-13
-3.517916882347485582e-11 -6.878798930274585351e-12
2.905491184267175744e-10 3.629888546034671239e-11
-2.137134005705694660e-09 -1.004881336177123299e-10
1.380938724418270673e-08 -5.615429567866702505e-10
-7.704076038482027409e-08 1.093849546592899887e-08
3.627552669274952342e-07 -9.555892151691425074e-08
-1.397398905180148136e-06 5.826354424953233386e-07
4.206292289133168137e-06 -2.640244922192941662e-06
-9.169101811258498276e-06 8.809640024322826099e-06
1.235388034807048571e-05 -2.054089735756305644e-05
-5.407589770653976838e-06 2.988172863609651414e-05
-8.272465529901482548e-06 -2.045517303693786989e-05
7.249754907048511731e-06 3.700310565992579873e-08
1.831128321499699951e-06 1.649730067958747032e-06
5.261425157638343960e-07 6.528003113691945423e-07
2.055624902638779495e-07 4.380430348597220348e-08
3.950144849609005936e-08 -2.155328426732719219e-16
2.055624898474667588e-07 -4.380430364123546029e-08
5.261425161127376431e-07 -6.528003117329587707e-07
1.831128321353149698e-06 -1.649730067713487583e-06
7.249754907582216179e-06 -3.700310572896066476e-08
-8.272465529857657063e-06 2.045517303687745272e-05
-5.407589770390815559e-06 -2.988172863607392886e-05
1.235388034783302341e-05 2.054089735756223312e-05
-9.169101811245152425e-06 -8.809640023843664643e-06
4.206292289068021139e-06 2.640244922060409381e-06
-1.397398905260475447e-06 -5.826354426593278696e-07
3.627552670779956248e-07 9.555892170494471242e-08
-7.704076022649966509e-08 -1.093849540234304120e-08
1.380938747256441512e-08 5.615426829269893021e-10
-2.137134152074273798e-09 1.004881853919251012e-10
2.905490866546153273e-10 -3.629889960990643591e-11
-3.517903481040523432e-11 6.878957757306235043e-12
3.835687582104249577e-12 -9.992702798283604694e-13
-3.801774553699788308e-13 1.221302798037147013e-13
3.466194425686374243e-14 -1.295306411186473617e-14
-2.879257005238535285e-15 1.222815411681290231e-15
-1.280675439551117406e-15 3.669363184483634873e-15
1.280110036746323200e-14 -4.079092678554343539e-14
-1.126171212611178552e-13 4.378684483549710576e-13
8.448817767621412286e-13 -4.313093778255339322e-12
-4.999766579354766503e-12 3.851355718862678652e-11
1.772844839098655127e-11 -3.087886718327837686e-10
5.120370635345634556e-11 2.197106121286987318e-09
-1.576483701383060522e-09 -1.367349550575281802e-08
1.631555441112453920e-08 7.306545953028777931e-08
-1.162992322597090590e-07 -3.271272624271462869e-07
6.257441730829388592e-07 1.185922560459856136e-06
-2.560781287139005407e-06 -3.305644624728191516e-06
7.742120216239349085e-06 6.472227362872259699e-06
-1.619387304263672855e-05 -7.185953812240005997e-06
2.051351186194343368e-05 6.456486027011005248e-07
-1.102521904651653146e-05 7.279530101614333686e-06
-1.423428819162248353e-06 -3.596396675666588141e-06
4.173637195837727422e-07 -1.323895388023666036e-06
1.702780841839833364e-07 -4.246188287228840000e-07
-3.304782973371204978e-08 -1.016848258531614564e-07
-2.570241739631013738e-08 1.110100240581861747e-16
-3.304782934906186160e-08 1.016848260536667282e-07
1.702780840732541868e-07 4.246188282404259976e-07
4.173637194801454609e-07 1.323895387794558659e-06
-1.423428819039466480e-06 3.596396675610793657e-06
-1.102521904614286457e-05 -7.279530101614318439e-06
2.051351186177814367e-05 -6.456486028539698548e-07
-1.619387304257260477e-05 7.185953812063152294e-06
7.742120216287934895e-06 -6.472227362693390058e-06
-2.560781287001110138e-06 3.305644624711227987e-06
6.257441729939117789e-07 -1.185922560271793434e-06
-1.162992324275171649e-07 3.271272622865605228e-07
1.631555448380112412e-08 -7.306545955477996197e-08
-1.576483639509756108e-09 1.367349550697142216e-08
5.120372642530244753e-11 -2.197106091399111310e-09
1.772850981059432152e-11 3.087883774649289229e-10
-4.999935049312865921e-12 -3.851368444007452783e-11
8.447751783728788316e-13 4.313097746249770486e-12
-1.126447625361678820e-13 -4.378601446224157865e-13
1.275172050021330362e-14 4.066543804174447392e-14
-1.214436474384115497e-15 -3.532566885106840855e-15
4.922342036091052868e-15 1.598427847372671357e-15
-5.420816241807148400e-14 -1.357959908473833581e-14
5.612102056542260988e-13 1.085640285112214492e-13
-5.311579212718865832e-12 -6.957513056378364511e-13
4.548542048528707310e-11 2.869973662181652020e-12
-3.488662810954656624e-10 4.159003200143507535e-12
2.367494370169133503e-09 -2.282389128896127903e-10
-1.400055524505866500e-08 2.715243838379298375e-09
7.074798594076786757e-08 -2.196055847634167541e-08
-2.975595024742624482e-07 1.357766922751344131e-07
1.003319028887935091e-06 -6.548053120442885598e-07
-2.556914873690653393e-06 2.427753202210697473e-06
4.408929371255014696e-06 -6.644295946070404078e-06
-3.746678590351646685e-06 1.243022827794604686e-05
-1.611546211628718008e-06 -1.360909291853168576e-05
5.536754989599080321e-06 5.476725893966571555e-06
-1.491124109287078422e-06 1.487114097447199004e-06
-7.653459968267574022e-07 9.373479230438779963e-08
-2.466053103778756814e-07 2.816412883412547974e-08
-3.690830721926462023e-08 3.824100067320062201e-08
1.934372843954640541e-09 1.261426822595677931e-16
-3.690830760987614026e-08 -3.824100084659037728e-08
-2.466053106299305578e-07 -2.816412825727088644e-08
-7.653459968140575196e-07 -9.373479254217439277e-08
-1.491124109290358769e-06 -1.487114097582908929e-06
5.536754989203039902e-06 -5.476725893929317352e-06
-1.611546211502516664e-06 1.360909291862339910e-05
-3.746678590364586807e-06 -1.243022827806089605e-05
4.408929371285435884e-06 6.644295945751796023e-06
-2.556914873677653978e-06 -2.427753202089940644e-06
1.003319028794345150e-06 6.548053121110676845e-07
-2.975595025826526487e-07 -1.357766924121675356e-07
7.074798577161199987e-08 2.196055822966231166e-08
-1.400055538698456253e-08 -2.715243516532815169e-09
2.367494447312459410e-09 2.282387733026424975e-10
-3.488663246884895435e-10 -4.159075423440661420e-12
4.548539704333684686e-11 -2.870125176722878731e-12
-5.311626122646146739e-12 6.957509488305739968e-13
5.611801159925106350e-13 -1.085542360836240741e-13
-5.432725009584980295e-14 1.357689417226684511e-14
4.771670341712574059e-15 -1.454223629157717167e-15
1.357150793104987121e-15 -5.414201084364918951e-15
-1.126847198762963184e-14 5.849056329346810055e-14
7.951245046426810118e-14 -5.945003878992179046e-13
-3.869453400017699646e-13 5.512899702716130638e-12
2.147700034205527064e-14 -4.614331209226446945e-11
2.667519411555859837e-11 3.448998485460316761e-10
-3.772655475021201139e-10 -2.272643213795275206e-09
3.505490101743612039e-09 1.298905972392961105e-08
-2.498756798229647845e-08 -6.304898607153285865e-08
1.411537983625985023e-07 2.525641161034975611e-07
-6.294214954620693941e-07 -8.006924367754937099e-07
2.159414476598842151e-06 1.875469453427845367e-06
-5.427599810189430741e-06 -2.816932378095411918e-06
9.154198621920781070e-06 1.568322684093214281e-06
-8.634945598066064897e-06 2.375696064680604619e-06
2.385977893917061252e-06 -3.804657570854030078e-06
1.106550376632518366e-06 4.173534179660227814e-07
2.238211746941859831e-07 3.629101189369421757e-07
7.532155775195989021e-08 1.103137426181052284e-07
2.619517321000215507e-08 8.131938591509742001e-09
5.473922260795096542e-09 2.657700916218428612e-16
2.619517353031018863e-08 -8.131938769910835352e-09
7.532155776992395024e-08 -1.103137425122570664e-07
2.238211745160834093e-07 -3.629101188504419535e-07
1.106550376676086352e-06 -4.173534174180166049e-07
2.385977893871560760e-06 3.804657570756034295e-06
-8.634945598068385767e-06 -2.375696064756620744e-06
9.154198621955855010e-06 -1.568322684084129006e-06
-5.427599810182886565e-06 2.816932377945161402e-06
2.159414476624630070e-06 -1.875469453573752721e-06
-6.294214954583126971e-07 8.006924367280977696e-07
1.411537984737813175e-07 -2.525641159468269590e-07
-2.498756821640546960e-08 6.304898607583587866e-08
3.505490002118457587e-09 -1.298905976658161762e-08
-3.772657027301206291e-10 2.272643187483300986e-09
2.667515355458014178e-11 -3.448997010181468123e-10
2.161854719330192082e-14 4.614333389901753286e-11
-3.870679124780757679e-13 -5.512897372835557694e-12
7.958967014963093554e-14 5.944019922799098277e-13
-1.119824278512450651e-14 -5.838123539893165324e-14
1.207334940258191152e-15 5.362718280416313467e-15
-7.586523749496247803e-15 -1.581624070529303686e-15
8.004941580352704897e-14 1.069817435077500383e-14
-7.806562846742492508e-13 -5.744370962964324123e-14
6.926228957169304285e-12 5.326779606616251733e-14
-5.532991550689158823e-11 3.598327889911863653e-12
3.935884313920085569e-10 -5.784392478682919863e-11
-2.459668609752904047e-09 5.939001396738813445e-10
1.327505623477016760e-08 -4.697939647747925410e-09
-6.050017231807680089e-08 2.986414558564818678e-08
2.256805173596886923e-07 -1.531441667308635214e-07
-6.574174746193115428e-07 6.237551829737147856e-07
1.378067247235636384e-06 -1.953360778100652957e-06
-1.714005845871800769e-06 4.449329762672846632e-06
2.908091242928622173e-07 -6.678492513530483116e-06
2.393318385204099058e-06 5.329053678483399412e-06
-2.434406197270591313e-06 -8.349285124633356263e-07
-3.464055414948937309e-08 -6.813714668108093617e-07
1.278531992137775707e-07 -1.972889093325067024e-07
3.392306530378377697e-08 -6.321196864643009488e-08
-2.645051545149260438e-09 -1.379645847389236718e-08
-2.914791718967443090e-09 2.098715245271873841e-16
-2.645052038376649849e-09 1.379645854123318717e-08
3.392306543474145645e-08 6.321196866597573748e-08
1.278531995899329911e-07 1.972889093941480693e-07
-3.464055432712418617e-08 6.813714669273337785e-07
-2.434406197027467446e-06 8.349285125972586291e-07
2.393318385256729874e-06 -5.329053678585306793e-06
2.908091243626017751e-07 6.678492513617974843e-06
-1.714005845806681511e-06 -4.449329762373333241e-06
1.378067247269063268e-06 1.953360778137569194e-06
-6.574174745572663794e-07 -6.237551831093674298e-07
2.256805174223840593e-07 1.531441667772398988e-07
-6.050017224474549258e-08 -2.986414546047027632e-08
1.327505640579564381e-08 4.697939606335061041e-09
-2.459668649978561578e-09 -5.938999898979589411e-10
3.935884762011753983e-10 5.784394747892600828e-11
-5.533001857447206463e-11 -3.598207030867488719e-12
6.926208365953974732e-12 -5.327243259040832907e-14
-7.805659512394159054e-13 5.737233875802045253e-14
8.015004265152651664e-14 -1.065465745335164430e-14
-7.482204808025137901e-15 1.308858299323886096e-15
-1.027176328342649119e-15 7.287004151214348342e-15
5.886213041607377554e-15 -7.561014929906125622e-14
-1.176879395254918603e-14 7.282460466021407544e-13
-3.273288358392081980e-13 -6.368163422642382740e-12
6.341081229283186224e-12 5.002608758553816626e-11
-7.418216306139387250e-11 -3.489723155185210717e-10
6.667496985571993215e-10 2.130998925405653355e-09
-4.857668541313670292e-09 -1.118483927093908106e-08
2.898928058958756542e-08 4.924268898440578901e-08
-1.405091980308863761e-07 -1.756789966745056036e-07
5.409001369160442650e-07 4.812059168549364140e-07
-1.591974294003757961e-06 -9.148949984355854031e-07
3.365154241611007970e-06 9.075736533558440830e-07
-4.566452097338268968e-06 3.594979799955702172e-07
3.065723098183778482e-06 -2.000235076060943281e-06
-1.050399877323524935e-07 1.422168874242222916e-06
-3.624889792618806844e-07 1.804815469670268724e-07
-1.301962712924286624e-07 -1.752312177929322074e-08
-3.838845297226104891e-08 -6.881983782472394187e-10
-5.686374905709911126e-09 4.313837294236806886e-09
-1.126410314596787086e-10 -9.329955846975395920e-17
-5.686375147162227938e-09 -4.313837140832559089e-09
-3.838845302818106559e-08 6.881984900915719503e-10
-1.301962711081288515e-07 1.752312163805874197e-08
-3.624889793195516108e-07 -1.804815472824717887e-07
-1.050399876698576086e-07 -1.422168873921803904e-06
3.065723098372779908e-06 2.000235076215810126e-06
-4.566452097377243495e-06 -3.594979797006902550e-07
3.365154241554947942e-06 -9.075736533151037040e-07
-1.591974293930132798e-06 9.148949984956866259e-07
5.409001369142852952e-07 -4.812059167422677971e-07
-1.405091979191014793e-07 1.756789967816760237e-07
2.898928077424775910e-08 -4.924268895102915056e-08
-4.857668479465017722e-09 1.118483935529090509e-08
6.667499438511057495e-10 -2.130998953499554113e-09
-7.418216167591739902e-11 3.489721822583975917e-10
6.340956681040039484e-12 -5.002603377863303178e-11
-3.272405617555258353e-13 6.368009670329412982e-12
-1.176784090802718408e-14 -7.281229849593111532e-13
5.806073891574902604e-15 7.552083364549161838e-14
-9.213691081245729146e-16 -7.304967245712861018e-15
1.136184680209770776e-14 1.012963063363808842e-15
-1.140630299210864626e-13 -2.422166513792966600e-15
1.047899976339557401e-12 -4.441460857113119378e-14
-8.712413867594426304e-12 9.872780208954000291e-13
6.486890905723191727e-11 -1.253027832663978786e-11
-4.273299821755954145e-10 1.218500222168327550e-10
2.453338337609106587e-09 -9.672339163372056464e-10
-1.203786566897493035e-08 6.367093161586591762e-09
4.916606021900996804e-08 -3.465164441007753214e-08
-1.608433392234632977e-07 1.535827190986739842e-07
3.956726506514006028e-07 -5.397943061204620555e-07
-6.420095251116157421e-07 1.442433228706527747e-06
4.130729745900349660e-07 -2.736832911742973522e-06
6.865020458225951134e-07 3.251987331813544492e-06
-1.602357158345220054e-06 -1.762850931277468381e-06
8.009866945721998191e-07 -1.465235267639813636e-07
1.743259246913981980e-07 1.612079425116643847e-07
2.281053338513281657e-08 6.998717768192971875e-08
9.155059821306199713e-09 1.865012312381991919e-08
3.330413983714393151e-09 1.705227958311542726e-09
7.965453080468358040e-10 -3.432338266165636916e-17
3.330413905868331405e-09 -1.705228392551905933e-09
9.155059911341073842e-09 -1.865012310963086001e-08
2.281053303186223117e-08 -6.998717793459265890e-08
1.743259250346993280e-07 -1.612079423187072618e-07
8.009866946258404040e-07 1.465235263318823021e-07
-1.602357158027099890e-06 1.762850931074684035e-06
6.865020459207740670e-07 -3.251987331828611090e-06
4.130729743844648872e-07 2.736832911664684384e-06
-6.420095253226516716e-07 -1.442433228528264793e-06
3.956726505020194075e-07 5.397943059770324842e-07
-1.608433390377164898e-07 -1.535827190551505726e-07
4.916606005737060454e-08 3.465164426173939833e-08
-1.203786572537132696e-08 -6.367092947623337108e-09
2.453338373633241644e-09 9.672337667338163684e-10
-4.273299354933884011e-10 -1.218501200958153961e-10
6.486904198236339213e-11 1.253014686752652908e-11
-8.712324885093329088e-12 -9.874058869585381724e-13
1.047816958922380980e-12 4.436807553309058243e-14
-1.141404402347769485e-13 2.371628073213289407e-15
1.138767568147481616e-14 -7.968246119307737051e-16
2.949795101182921110e-16 -8.532083807731006966e-15
2.840519258015698087e-15 8.477805019666731854e-14
-7.707759661539898948e-14 -7.748710264259367884e-13
1.106215875526748198e-12 6.401961983143703238e-12
-1.211280935131840674e-11 -4.728918355105824944e-11
1.089586168289917570e-10 3.083808307802111260e-10
-8.218127228915697840e-10 -1.747296740866424655e-09
5.202918820173251920e-09 8.424304602550466841e-09
-2.737381803234763473e-08 -3.357915623090837712e-08
1.173845395849003613e-07 1.059676812961336046e-07
-3.979820871173594533e-07 -2.455736058742413353e-07
1.018075193652174025e-06 3.502146610188040032e-07
-1.820436421908081207e-06 -9.201141094357570539e-08
1.967266704878724812e-06 -6.694165400836544202e-07
-8.484254744427329787e-07 1.078421339542225102e-06
-2.090437798514846295e-07 -3.721827730723132032e-07
4.975185466924386253e-08 -1.337619250580657988e-07
3.105602838483609134e-08 -2.900397317099851923e-08
6.871766226564121380e-09 -8.788694670131377059e-09
9.862463083739699265e-12 -1.937570313764136141e-09
-3.236693152746962164e-10 1.974105452126500480e-18
9.862467072522096877e-12 1.937570150976552894e-09
6.871766370593449876e-09 8.788694641553390354e-09
3.105602865914305263e-08 2.900397375936015438e-08
4.975185465394354245e-08 1.337619252340961065e-07
-2.090437801158028224e-07 3.721827730281182533e-07
-8.484254745913981665e-07 -1.078421339742488678e-06
1.967266704965967088e-06 6.694165399047966371e-07
-1.820436421794354541e-06 9.201141095672274199e-08
1.018075193783264655e-06 -3.502146610292352139e-07
-3.979820870113233691e-07 2.455736057391571032e-07
1.173845395457415649e-07 -1.059676813075232993e-07
-2.737381812851097422e-08 3.357915615551410683e-08
5.202918723701427837e-09 -8.424304635033571563e-09
-8.218128946792001791e-10 1.747296614029868589e-09
1.089587412647681012e-10 -3.083807680946676187e-10
-1.211289868264841189e-11 4.728898921369340350e-11
1.106165856949486173e-12 -6.401811554280119103e-12
-7.711374427664058874e-14 7.748374159936334446e-13
2.944607092451632244e-15 -8.471120712518981800e-14
2.408310272799658114e-16 8.557437983286275454e-15
-1.712572494768620789e-14 3.844846177521217150e-16
1.626008221614335304e-13 -1.438176525380641190e-14
-1.407860351404188185e-12 2.217621860826585662e-13
1.097761972627920298e-11 -2.586543746387869627e-12
-7.622276518926409029e-11 2.480013893278028269e-11
4.649384073970406102e-10 -2.006241096549878345e-10
-2.449027736982665603e-09 1.375680143006386233e-09
1.088892270605763812e-08 -7.947063954043007035e-09
-3.957022665661351075e-08 3.813386370072655618e-08
1.117358590255865295e-07 -1.486219105311809622e-07
-2.227869065428919485e-07 4.550192638279429231e-07
2.372884435895911193e-07 -1.040308573928416390e-06
1.121658873445610787e-07 1.634133213223670952e-06
-7.480688568592882239e-07 -1.496426083500420546e-06
8.520498765212663355e-07 4.675487297698955854e-07
-1.910487775779902601e-07 1.822012624889942932e-07
-8.251939999228353753e-08 -4.138176861293184748e-09
-2.148992393059078986e-08 -9.413745295316889496e-09
-5.980803618099452311e-09 -1.211555721553071989e-09
-9.780614659891676433e-10 4.346684892195156498e-10
-6.115327676880754405e-11 -2.162466769317415030e-16
-9.780614486941426627e-10 -4.346682224149106718e-10
-5.980803645680214057e-09 1.211555789752183268e-09
-2.148992382223578423e-08 9.413745119170804645e-09
-8.251940020947979204e-08 4.138176593788665651e-09
-1.910487777305462407e-07 -1.822012621608315742e-07
8.520498764438340775e-07 -4.675487298285192121e-07
-7.480688567378153349e-07 1.496426083474477197e-06
1.121658873711355595e-07 -1.634133213168370288e-06
2.372884436149346627e-07 1.040308573669995320e-06
-2.227869063857979888e-07 -4.550192639153871106e-07
1.117358589665571608e-07 1.486219105645665011e-07
-3.957022654370968341e-08 -3.813386372184433163e-08
1.088892266883018605e-08 7.947063730464121040e-09
-2.449027780962057587e-09 -1.375679995372466224e-09
4.649384273240761314e-10 2.006242204616076052e-10
-7.622276214801800040e-11 -2.480005147567887211e-11
1.097765325347716158e-11 2.586694473845330097e-12
-1.407649143026619119e-12 -2.217461978841188116e-13
1.625523252916582882e-13 1.448224782831727074e-14
-1.719577985158273223e-14 -5.483727316378654297e-16
5.587528777582710213e-16 7.446147816506807270e-15
-1.021789338759957697e-14 -7.054922650189126898e-14
1.327526004501957002e-13 6.132286756026546387e-13
-1.429125617856669662e-12 -4.798647372295648557e-12
1.310820505706201723e-11 3.341494620442041738e-11
-1.032054368899599248e-10 -2.041932321416015588e-10
6.953574026295616352e-10 1.075551323134272499e-09
-3.968840089615129720e-09 -4.766383930702449807e-09
1.887146912446122263e-08 1.715640210216917101e-08
-7.293461896120271987e-08 -4.734359434566498052e-08
2.210106902201545899e-07 8.887517092911232053e-08
-4.969965401215103825e-07 -7.250480593085640681e-08
7.555950252392685653e-07 -1.215509304484183011e-07
-6.377774609062895013e-07 4.176202248991098252e-07
1.270772857761588106e-07 -3.969875503221408340e-07
1.111034619635122896e-07 3.809519258254916568e-08
1.695940378988929812e-08 4.232391811163790616e-08
6.714670591884978640e-10 1.437077000706467622e-08
8.433548442998353095e-10 3.489840930596923126e-09
4.155443104459594480e-10 3.180029153014826695e-10
6.194537630445989919e-11 -8.462194962829793800e-17
4.155443250082157415e-10 -3.180027671014580335e-10
8.433546007120638581e-10 -3.489841406899750940e-09
6.714671012412723603e-10 -1.437077000212175425e-08
1.695940391054087626e-08 -4.232391834346332626e-08
1.111034620903567970e-07 -3.809519258950004377e-08
1.270772857908988250e-07 3.969875503684211261e-07
-6.377774608793793704e-07 -4.176202248893538056e-07
7.555950253241227377e-07 1.215509304502269547e-07
-4.969965400328278329e-07 7.250480581717529439e-08
2.210106900684209194e-07 -8.887517084473515996e-08
-7.293461883476215460e-08 4.734359437546925091e-08
1.887146909350871968e-08 -1.715640196384061082e-08
-3.968840063539376776e-09 4.766384069917592928e-09
6.953574679944621055e-10 -1.075551244292701367e-09
-1.032054801237070835e-10 2.041932033771577458e-10
1.310822027741741577e-11 -3.341496002499107594e-11
-1.429174378268038492e-12 4.798585273771732667e-12
1.327936318806562099e-13 -6.132093092394738222e-13
-1.031662103363841563e-14 7.048620640801390485e-14
5.762407547029191580e-16 -7.460809105971334690e-15
2.696893457320427269e-14 -3.530616016342252447e-15
-2.428255559782219396e-13 4.844856268286154997e-14
1.991214717955888085e-12 -5.483125433140616479e-13
-1.463288505742572499e-11 5.311861501995607159e-12
9.521824151481545550e-11 -4.439250333283019954e-11
-5.403633663799096056e-10 3.199202174976073848e-10
2.622196316898262177e-09 -1.973728460311508497e-09
-1.058823511070218428e-08 1.029011968885305628e-08
3.414235077406025946e-08 -4.447763340076753286e-08
-8.176492144533369571e-08 1.551194834780377140e-07
1.219122728734747424e-07 -4.197347801597703080e-07
-2.839881422510188299e-08 8.298861540757718088e-07
-3.154886437410646544e-07 -1.081425110277909140e-06
6.501684085842049764e-07 7.388452321095973720e-07
-4.580791048478693016e-07 -6.672651319959301015e-08
1.449136967129703714e-08 -1.083783194313555503e-07
2.781267021753929921e-08 -2.011265237218552040e-08
7.748602625024512578e-09 -2.991509319386542605e-09
1.120334731001622846e-09 -9.451043138569080106e-10
-1.780850647744953948e-11 -1.339268512164471048e-10
-1.130971699994282506e-11 1.113968415871397227e-16
-1.780860799705716809e-11 1.339268151145655227e-10
1.120334908222691561e-09 9.451047961785840303e-10
7.748602318003244624e-09 2.991509335002488756e-09
2.781267030383118437e-08 2.011265260841227590e-08
1.449136974741515168e-08 1.083783191399254342e-07
-4.580791048430763127e-07 6.672651312447567993e-08
6.501684082333849996e-07 -7.388452321389670748e-07
-3.154886439047027907e-07 1.081425110268193672e-06
-2.839881418894201669e-08 -8.298861538236526638e-07
1.219122727425147931e-07 4.197347801808841395e-07
-8.176492158175001946e-08 -1.551194833923728780e-07
3.414235058656897395e-08 4.447763345397908890e-08
-1.058823501184634212e-08 -1.029011953639268608e-08
2.622196384102491487e-09 1.973728256953397511e-09
-5.403634762221045074e-10 -3.199201838029978074e-10
9.521824810632242761e-11 4.439242208093187814e-11
-1.463290921735496782e-11 -5.312137842211596520e-12
1.990937302604446874e-12 5.482453849980322684e-13
-2.427656353121643206e-13 -4.846531026663903070e-14
2.713758148049641598e-14 3.666748572535665717e-15
