3.075764436498754171e-16 2.340523787166898972e-16
3.963315849814495253e-16 2.183959646215101541e-16
-5.853060155851351771e-16 -1.863601756755312031e-16
-1.410532323234476826e-16 -4.042119232625832226e-17
4.195367852076678764e-16 -1.552991880441682111e-16
-8.423064561918464770e-16 6.721594015580089356e-15
2.794455524206124849e-14 -1.123140719646662531e-13
-5.638183878468177799e-13 1.624784454808334272e-12
9.806679951040984934e-12 -2.160386893584537655e-11
-1.529325278187502983e-10 2.634165496071183595e-10
2.145389347073721581e-09 -2.914289223504150605e-09
-2.705346054032244461e-08 2.883863738722308825e-08
3.053423787260381588e-07 -2.499701402601375155e-07
-3.060895515349059024e-06 1.831525314507907939e-06
2.693211056299345531e-05 -1.054394177192037412e-05
-2.047592656351073035e-04 3.772363396367381177e-05
1.317909874408393269e-03 5.326489210015143114e-05
-6.909253420757490230e-03 -2.224529228896209975e-03
2.972536945369270989e-02 2.339584012017078066e-02
-1.429167686221394784e-01 -1.375580387939743243e-01
9.318090535598099189e-01 0.000000000000000000e+00
-1.429167686221693989e-01 1.375580387939108473e-01
2.972536945369694608e-02 -2.339584012016364747e-02
-6.909253420758791273e-03 2.224529228897611198e-03
1.317909874405302859e-03 -5.326489209718254000e-05
-2.047592656356102378e-04 -3.772363396425008555e-05
2.693211056433695121e-05 1.054394177183529643e-05
-3.060895515188752110e-06 -1.831525315147940010e-06
3.053423775414510412e-07 2.499701404770150606e-07
-2.705346072903591263e-08 -2.883863729639595377e-08
2.145389696953401655e-09 2.914289107521062788e-09
-1.529330907693223747e-10 -2.634172496342871231e-10
9.807005875836252815e-12 2.160295965447639378e-11
-5.623068620271408300e-13 -1.624609528066979128e-12
2.850360163983263532e-14 1.128500327981650595e-13
-1.318619824389035265e-15 -7.540053896173858958e-15
1.273932289733990932e-16 -3.103442816608540913e-16
-1.231543553555675102e-16 -2.508586641498962646e-16
4.205689990650275411e-16 -5.375921363677892934e-16
-2.886545844082958758e-16 -2.669716291049865987e-16
2.949131117489033829e-17 2.330033942874642294e-17
1.485458360440500158e-16 -1.013053345298443143e-16
-5.723199787049342284e-17 -6.939182601520694914e-17
1.514240990747641787e-16 1.275571356856843518e-16
1.010816922155614575e-16 2.426656099161050455e-16
-1.674319067320203147e-15 -1.771428675986811808e-16
2.928404079276982545e-14 3.552477580851977010e-15
-4.366752768683611012e-13 -9.163122559680121654e-14
6.044453619944098249e-12 1.814469923576419136e-12
-7.701593818750225461e-11 -3.099702627896816586e-11
8.954387698118031367e-10 4.672848746959515331e-10
-9.395352679332181702e-09 -6.262641630512138763e-09
8.765741942784981470e-08 7.460636896995136226e-08
-7.119869810543686282e-07 -7.859131219285450652e-07
4.868216412754742845e-06 7.250203630923247586e-06
-2.629264624545146135e-05 -5.771910708217830324e-05
9.453205773007608613e-05 3.881068008471049813e-04
-3.741393909892185173e-05 -2.134429856406329720e-03
-2.323043017231480028e-03 9.117075296120644157e-03
1.811923682451789530e-02 -2.746526859663668205e-02
-7.411791953253435428e-02 4.560549564422967245e-02
1.622394096784974538e-01 1.747055983547422341e-14
-7.411791953251690990e-02 -4.560549564424762337e-02
1.811923682451052967e-02 2.746526859664016537e-02
-2.323043017229583108e-03 -9.117075296121785605e-03
-3.741393909989522133e-05 2.134429856405886498e-03
9.453205773050646018e-05 -3.881068008467291426e-04
-2.629264624529430286e-05 5.771910708243024472e-05
4.868216412650101242e-06 -7.250203630817428607e-06
-7.119869810887927884e-07 7.859131216654618199e-07
8.765741930806086681e-08 -7.460636893572325055e-08
-9.395352164781589840e-09 6.262641641707147406e-09
8.954392507767592292e-10 -4.672851107008858275e-10
-7.701602501342290102e-11 3.099657071457918498e-11
6.044358682685431146e-12 -1.814648206768642569e-12
-4.364414666311363662e-13 9.183107234469492565e-14
2.928683849968576071e-14 -3.776593824033774174e-15
-1.700392268742330292e-15 2.954454213212615868e-16
2.986601807295531321e-16 4.985097451557253191e-17
3.094920605396971668e-16 1.242925064360228792e-16
-4.476109141998695862e-17 1.397102197465110271e-16
-1.880646430009554883e-16 5.888128620486030411e-17
-1.676477899734103843e-16 -1.778485850315534049e-16
-4.768032468096257994e-16 4.609016560117901526e-17
3.022657714851309887e-16 2.294832587861233902e-17
2.346125702806888495e-16 -2.621476825630098734e-16
-2.200191766742903900e-16 5.388793242511385190e-15
7.802187349874193607e-15 -8.610701078280285156e-14
-2.107788873557561655e-13 1.236233306582128126e-12
4.221674411919322690e-12 -1.637364342636012045e-11
-7.075905772812745469e-11 1.989218073243652667e-10
1.030124725266394563e-09 -2.197103468987369363e-09
-1.317897825151641291e-08 2.180712085122095594e-08
1.483262367651301651e-07 -1.915310794640216338e-07
-1.460319849215500559e-06 1.456759636221374475e-06
1.243380519974764992e-05 -9.281720076275346679e-06
-8.992132234270699205e-05 4.670013976902988339e-05
5.375933716000193653e-04 -1.613078869450741541e-04
-2.547097798356515348e-03 1.779789101622868152e-04
8.896352479589766937e-03 1.816863844090892610e-03
-1.987642403205133051e-02 -1.207723315338833300e-02
1.700471488539034501e-02 2.676754141907012122e-02
4.101462985634973801e-02 1.074007712627412208e-14
1.700471488539608000e-02 -2.676754141906339049e-02
-1.987642403205383199e-02 1.207723315338298832e-02
8.896352479591817380e-03 -1.816863844090648664e-03
-2.547097798354575494e-03 -1.779789101627906982e-04
5.375933715993075866e-04 1.613078869452443738e-04
-8.992132234350923390e-05 -4.670013976915964884e-05
1.243380519976166153e-05 9.281720076393697511e-06
-1.460319849179310441e-06 -1.456759636421688450e-06
1.483262367172338930e-07 1.915310795327959710e-07
-1.317897842352486093e-08 -2.180712111542724785e-08
1.030124887449888429e-09 2.197103966553602742e-09
-7.075948121871768282e-11 -1.989212090142868210e-10
4.221155883168126024e-12 1.637355629431379754e-11
-2.113109762820276552e-13 -1.236637767164899999e-12
7.879747745162405073e-15 8.626576185920945788e-14
-2.980558150356981448e-16 -5.322997188608778742e-15
1.386423678412996977e-16 2.788794738994760304e-16
-1.799891147145266740e-16 2.714246745342895325e-16
1.832810074935894040e-16 1.290183611685575547e-16
-5.334161640576546053e-17 -6.249584284918929352e-18
-1.519918994074050342e-16 1.058332735659747876e-16
5.738157227118123873e-17 4.788525306877322222e-17
-3.987504119090154192e-17 -2.216475115245554127e-16
-7.883855537672224996e-16 -2.499846217759038132e-16
1.382001349118957905e-14 -2.052334284918050693e-16
-2.080997652404738113e-13 -1.121703805568049912e-14
2.869893553817116653e-12 3.771515215580989320e-13
-3.646452915859386518e-11 -7.876168937351545460e-12
4.235521674881192449e-10 1.314230947345070572e-10
-4.454292597376712836e-09 -1.863175924094758058e-09
4.189678034075292793e-08 2.288391393053686685e-08
-3.468501896744071128e-07 -2.443726741556536026e-07
2.471777476360784179e-06 2.256683388984172892e-06
-1.466622944671570277e-05 -1.779400191785365196e-05
6.845505621432083085e-05 1.173353338104120384e-04
-2.221313348112284158e-04 -6.264912007407013672e-04
3.013787638185888768e-04 2.571699193345579337e-03
1.215111823853824193e-03 -7.402254102856862389e-03
-7.261999619540262726e-03 1.221050058094445660e-02
1.103797052959620308e-02 -5.442794848159655287e-03
1.050837968774858723e-02 1.717366139021109645e-15
1.103797052959067972e-02 5.442794848161625065e-03
-7.261999619536839250e-03 -1.221050058094474110e-02
1.215111823852103564e-03 7.402254102857165098e-03
3.013787638199099772e-04 -2.571699193344891519e-03
-2.221313348115276556e-04 6.264912007404093916e-04
6.845505621419072659e-05 -1.173353338105210549e-04
-1.466622944690609037e-05 1.779400191766732843e-05
2.471777476265265968e-06 -2.256683388825398683e-06
-3.468501897012775390e-07 2.443726739674262057e-07
4.189678010055753853e-08 -2.288391413959073260e-08
-4.454292866353079065e-09 1.863176153116203798e-09
4.235521618721999181e-10 -1.314231585252974525e-10
-3.646454302411530829e-11 7.876168870255874132e-12
2.869826438317557432e-12 -3.773612025234575447e-13
-2.082876573655399434e-13 1.135347634854211948e-14
1.395934133224878045e-14 1.811909193967843928e-16
-9.755125041750647734e-16 -1.069134639765529149e-16
-1.767662068838653949e-16 -1.456863772486563857e-16
1.965519495548977849e-17 -1.244968937651640698e-16
1.495046922006015812e-16 -9.171805007917707713e-17
1.226579886376383973e-16 1.434649410005861098e-16
3.387867420104709094e-16 -7.877525182239487180e-17
-2.221812304054467657e-16 -1.188724425321045443e-16
-3.123895585610835799e-17 2.022646790746408382e-15
-1.594776645476955622e-15 -3.074000112271607645e-14
-8.155125303221997160e-15 4.428971415726282640e-13
5.530952798563205629e-13 -5.870279092432105380e-12
-1.261303595831218634e-11 7.147528610225259158e-11
2.121796990198407010e-10 -7.930271290568887173e-10
-2.945029087637336830e-09 7.937031792637353458e-09
3.483634728544978211e-08 -7.074330463305746062e-08
-3.538865506186108525e-07 5.521653841479878640e-07
3.073278665380357474e-06 -3.687955672249874952e-06
-2.250627791642739072e-05 2.037299456974442645e-05
1.357602426846437715e-04 -8.799122269665914640e-05
-6.498415790145285580e-04 2.648053361189844348e-04
2.321469968859643605e-03 -3.723689862490122912e-04
-5.528672665829101156e-03 -7.380474073120647490e-04
6.737506345118342635e-03 4.105072358204590530e-03
-7.361921147934975037e-04 -3.968338362705425663e-03
1.087851780925876187e-03 1.004618016965225774e-15
-7.361921147950813062e-04 3.968338362705016269e-03
6.737506345118681773e-03 -4.105072358202971165e-03
-5.528672665830562660e-03 7.380474073113142642e-04
2.321469968859092830e-03 3.723689862493204214e-04
-6.498415790139381015e-04 -2.648053361192033895e-04
1.357602426849268567e-04 8.799122269700919462e-05
-2.250627791663695006e-05 -2.037299456959659210e-05
3.073278665480397571e-06 3.687955672443208528e-06
-3.538865504790226815e-07 -5.521653842805016158e-07
3.483634725624918814e-08 7.074330468164050439e-08
-2.945029149900916430e-09 -7.937032278244217399e-09
2.121800811274959838e-10 7.930268663653656127e-10
-1.261260705839669245e-11 -7.147512324873954713e-11
5.535046582421821874e-13 5.870606562732961806e-12
-8.137099189670875178e-15 -4.430016200593405828e-13
-1.451428483420563479e-15 3.076271839453633927e-14
1.708942366213138734e-16 -1.941751348563554699e-15
7.871205064504289878e-17 -1.492949224002067855e-16
-8.633937536134476628e-17 -8.664969543581853903e-17
4.725031895846308408e-17 5.531813028681519649e-17
1.282320406118225642e-16 -7.215113430800217085e-17
-3.745277382683829088e-17 -1.504617695727532396e-16
-2.128620234208572804e-16 2.678953757199623057e-16
4.065804596181631477e-15 -3.367087707538893476e-16
-6.106466655909909536e-14 5.329441976314618277e-15
8.472163993538705036e-13 -1.485135311080363987e-14
-1.081201225464093659e-11 -6.163558555367254920e-13
1.264002516999171891e-10 1.736938555036955225e-11
-1.341996656286245180e-09 -3.031833748349203116e-10
1.280200520022166398e-08 4.169713366825443336e-09
-1.082616156150806376e-07 -4.781888726060757975e-08
7.974556637515753905e-07 4.641450664200949694e-07
-4.995178460800687802e-06 -3.803489166747086837e-06
2.569215319436330650e-05 2.594687052556585299e-05
-1.025180685293670599e-04 -1.436086906306836212e-04
2.838646886681766212e-04 6.182851097495779087e-04
-3.854170966065511954e-04 -1.928926722664942505e-03
-4.227782155657985115e-04 3.809851333139497274e-03
2.227009165609266164e-03 -3.370738917220550239e-03
-1.293987672766506482e-03 -2.778038616888479028e-04
-3.628082634604831930e-04 5.367755045572510658e-16
-1.293987672766197484e-03 2.778038616888477944e-04
2.227009165607952545e-03 3.370738917220729349e-03
-4.227782155652406353e-04 -3.809851333139440462e-03
-3.854170966075326694e-04 1.928926722664078613e-03
2.838646886682321324e-04 -6.182851097495608867e-04
-1.025180685295100662e-04 1.436086906308752268e-04
2.569215319455064308e-05 -2.594687052571086164e-05
-4.995178460762726327e-06 3.803489166780096982e-06
7.974556638500717698e-07 -4.641450664355221922e-07
-1.082616154120596780e-07 4.781888734684304458e-08
1.280200527752252602e-08 -4.169713494391441594e-09
-1.341996799121095506e-09 3.031834190818139751e-10
1.264003249804201417e-10 -1.736927482415973426e-11
-1.081203703519203962e-11 6.165075428825728513e-13
8.473380787886989502e-13 1.470098979267523866e-14
-6.114766305046396969e-14 -5.342410203768466576e-15
4.261786706460629586e-15 5.520913904257070224e-16
-1.019723877967920635e-16 8.868253739194088907e-17
-3.133114314026956103e-17 9.577142214717773623e-17
-1.536344401780737215e-16 3.329165523965580609e-17
-9.852949014350460978e-17 -1.160631105702628041e-16
-2.340709897534428991e-16 1.891699979102668052e-17
2.585714600401841923e-16 5.591026351145083592e-16
-1.260990009761414348e-15 -7.832971406088794202e-15
1.367907744428233169e-14 1.124749849636077177e-13
-7.819939298849299274e-14 -1.502321839946541409e-12
-3.930308698761505038e-13 1.844578741710776843e-11
2.070549327560020267e-11 -2.069091953241271752e-10
-3.913671466421641510e-10 2.101245762579854415e-09
5.402121909773325198e-09 -1.910395932477234424e-08
-6.041804425672747363e-08 1.533119653482486449e-07
5.624079232534130419e-07 -1.066183306030177094e-06
-4.361697872345758006e-06 6.266133817704140379e-06
2.779424477845112489e-05 -3.001212179355731204e-05
-1.415392285787552766e-04 1.105302111524088178e-04
5.496620534819371103e-04 -2.800966931132404907e-04
-1.501610934381897820e-03 3.537035585138469042e-04
2.460609335117276263e-03 2.386785664128457244e-04
-1.540427360209856329e-03 -1.166603642219081081e-03
-3.766213137649507595e-04 3.423274933556028077e-04
-2.258216871375827732e-04 -3.430814460481831819e-16
-3.766213137640399755e-04 -3.423274933553736073e-04
-1.540427360210093769e-03 1.166603642218506671e-03
2.460609335117955841e-03 -2.386785664122963592e-04
-1.501610934381839273e-03 -3.537035585140699788e-04
5.496620534816922974e-04 2.800966931133350331e-04
-1.415392285789091520e-04 -1.105302111522761793e-04
2.779424477867513122e-05 3.001212179358516926e-05
-4.361697872404079612e-06 -6.266133817780300499e-06
5.624079232316291545e-07 1.066183306109349052e-06
-6.041804444830718865e-08 -1.533119654002477328e-07
5.402121948056890036e-09 1.910395969775096103e-08
-3.913673494431061295e-10 -2.101245628120944809e-09
2.070525821256474258e-11 2.069090330505427164e-10
-3.934120358846221368e-13 -1.844602918880387479e-11
-7.818743416150773462e-14 1.502448507430781211e-12
1.353459021498457743e-14 -1.125140296425761218e-13
-1.494194692126332240e-15 7.795848411842735043e-15
8.788843248170743285e-17 -2.868455133673774995e-16
3.043996763183906391e-17 8.955213267974298654e-17
-8.104886116941002332e-18 -7.162640061864387608e-17
-1.063018802779071707e-16 7.295798799521617111e-17
2.444402844739915490e-17 1.399293967990867052e-16
8.307124539665022790e-16 -4.380589174317735506e-16
-1.377088350206193371e-14 2.843290498016399402e-15
1.921436945998110896e-13 -3.001467628682468213e-14
-2.478882851686643145e-12 2.161270288380450966e-13
2.933646013156616945e-11 -4.280493894863025127e-13
-3.162832510134516773e-10 -1.991261762584826429e-11
3.076939502693288258e-09 4.533435149663807966e-10
-2.669568408100969653e-08 -6.439517030952707249e-09
2.035237844371512694e-07 7.096553356928609419e-08
-1.337435173462365114e-06 -6.371115107815176391e-07
7.379772017824191517e-06 4.693824715871409533e-06
-3.292345919867751918e-05 -2.802220701246329018e-05
1.118383608925688764e-04 1.316432393770346058e-04
-2.583913576643353366e-04 -4.622917013336248922e-04
2.964470475194192563e-04 1.108093004981669473e-03
1.387017104991157578e-04 -1.504038169632384387e-03
-5.960968401942159109e-04 6.337533661537968731e-04
3.821383506587106114e-05 2.147885219339158908e-04
-2.069806048263516681e-05 -2.038009059208549244e-16
3.821383506620044176e-05 -2.147885219333866105e-04
-5.960968401943270416e-04 -6.337533661536812971e-04
1.387017104986856277e-04 1.504038169632198555e-03
2.964470475195641057e-04 -1.108093004981420757e-03
-2.583913576647064048e-04 4.622917013332216232e-04
1.118383608924384875e-04 -1.316432393768737644e-04
-3.292345919871795992e-05 2.802220701249826925e-05
7.379772017794095589e-06 -4.693824715873315357e-06
-1.337435173549338245e-06 6.371115107022399081e-07
2.035237844049451444e-07 -7.096553357442203877e-08
-2.669568432422701494e-08 6.439517070035733051e-09
3.076939473016974031e-09 -4.533434189834707580e-10
-3.162833377724739624e-10 1.991242037039225936e-11
2.933645368243904322e-11 4.279846646201848523e-13
-2.478938784615021462e-12 -2.159738675460772404e-13
1.922475096100504239e-13 3.004857728381146602e-14
-1.397366702438168872e-14 -3.044797370696884629e-15
7.467287281532321874e-16 8.224320162921980597e-17
-6.130482404762099801e-17 -2.674555723972811900e-17
1.315298910095667917e-16 -6.252956189768048557e-17
6.156049797376624818e-17 9.714170556148565340e-17
2.287003556119117462e-16 4.791790293424591357e-17
-6.162949691809612152e-16 -1.660522580185115619e-15
5.746531423086634892e-15 2.313071363848047330e-14
-5.912931812270735731e-14 -3.118834656013157563e-13
4.698812983089538967e-13 3.881925729929630274e-12
-2.176101563074027075e-12 -4.424237718837970490e-11
-1.248177697071748485e-11 4.581529741443227383e-10
4.694374404252271399e-10 -4.268209429311203222e-09
-7.121156404442124431e-09 3.533597666098013399e-08
7.823567848811271149e-08 -2.559744803867398190e-07
-6.812231823247572593e-07 1.590085382808702533e-06
4.784906804085238021e-06 -8.241076693649123503e-06
-2.683843621394250325e-05 3.425510419074397382e-05
1.166030074930565850e-04 -1.072781595424427727e-04
-3.710939446506052088e-04 2.253075306648534527e-04
7.814955631363960193e-04 -2.309339726373254773e-04
-8.754073184949397613e-04 -8.595508163872121407e-05
2.255119100111649096e-04 2.960070174768867864e-04
9.905964415878032708e-05 2.345154834387036741e-05
3.092728236337277919e-05 -2.350793902087772423e-16
9.905964415899985091e-05 -2.345154834335370442e-05
2.255119100112787237e-04 -2.960070174766325410e-04
-8.754073184949438813e-04 8.595508163828682847e-05
7.814955631365570234e-04 2.309339726378335615e-04
-3.710939446503512345e-04 -2.253075306648054225e-04
1.166030074929826695e-04 1.072781595423904599e-04
-2.683843621417474274e-05 -3.425510419072528488e-05
4.784906804249166001e-06 8.241076693836753159e-06
-6.812231822869721783e-07 -1.590085382796465236e-06
7.823567864028045993e-08 2.559744802803596806e-07
-7.121156392443373338e-09 -3.533597696906717288e-08
4.694375967006329049e-10 4.268209288516174910e-09
-1.248169094086227678e-11 -4.581527249664195225e-10
-2.175759593524184921e-12 4.424257125883838939e-11
4.698278851814741562e-13 -3.882038617302406964e-12
-5.904569464568396721e-14 3.119230936944267979e-13
5.907034361062232040e-15 -2.317307204397721867e-14
-4.414881538534187657e-16 1.493493982773196741e-15
3.367594747983849210e-17 -1.346348316976776994e-16
4.724457168980495024e-17 9.196875505731898676e-17
7.642287512253167381e-17 -4.779295635564341427e-17
8.867482550256330305e-17 -1.646633164808336598e-16
-2.542996947769368648e-15 1.057187007699418390e-15
3.658978146361486681e-14 -1.046765510715942811e-14
-4.782641542653504635e-13 1.072881384935303753e-13
5.756598121293927586e-12 -8.969755380717849933e-13
-6.330238122086642764e-11 5.335207360549986264e-12
6.307078073280919033e-10 -5.391303957814141913e-12
-5.634896751691492379e-09 -4.114757835288908688e-10
4.456946838747337270e-08 7.254215406345090700e-09
-3.070872599326679670e-07 -8.112718627763714628e-08
1.804704028803318484e-06 6.911089797849750797e-07
-8.790800600904724601e-06 -4.650304706113175561e-06
3.405535147626584874e-05 2.458479204248252439e-05
-9.829162428534906736e-05 -9.902765498876588753e-05
1.871876213621482665e-04 2.861831717598546242e-04
-1.690720700657600347e-04 -5.299023063217310654e-04
-5.706242971122802983e-05 4.868160967183845448e-04
1.427779858324968181e-04 -6.079100449373536823e-05
2.763593142144837384e-05 -3.583848243567734930e-05
1.320288716491405344e-05 -6.206047946107870648e-17
2.763593142151417475e-05 3.583848243593040886e-05
1.427779858327065028e-04 6.079100449371955921e-05
-5.706242971125482317e-05 -4.868160967185241358e-04
-1.690720700655108850e-04 5.299023063214652191e-04
1.871876213622721908e-04 -2.861831717596581668e-04
-9.829162428546122808e-05 9.902765498887247816e-05
3.405535147643650216e-05 -2.458479204250402548e-05
-8.790800600832396458e-06 4.650304706144213390e-06
1.804704028921758889e-06 -6.911089797142888038e-07
-3.070872599041936839e-07 8.112718630152931198e-08
4.456946859336552254e-08 -7.254215467221101293e-09
-5.634896646966802125e-09 4.114756910855793155e-10
6.307078729125057388e-10 5.391451070141379611e-12
-6.330238544041350281e-11 -5.335151868533078356e-12
5.756678671522535235e-12 8.968560412738895800e-13
-4.783011012687083790e-13 -1.073132170724919948e-13
3.677817052356961149e-14 1.064874886619918487e-14
-2.492317925620008993e-15 -8.104516867073875456e-16
1.523413288985744413e-16 6.882149451503014878e-17
-1.158086673094610226e-16 1.790562535316120033e-17
-4.435997966744717300e-17 -7.418159700697380435e-17
-2.591083489698619786e-16 -2.319408106166423442e-16
1.683693006935242253e-15 4.116750888638589694e-15
-1.801138928480178639e-14 -5.586726049222505995e-14
1.822055254604173721e-13 7.068959944892258847e-13
-1.555432451277322334e-12 -8.217410532918241869e-12
1.028711774333692709e-11 8.709050592512082039e-11
-3.593073610174880260e-11 -8.341931833661622766e-10
-2.672458067589417828e-10 7.143914855903495687e-09
6.775241718886499994e-09 -5.397447506957186505e-08
-7.944740402356848632e-08 3.537468996915898303e-07
6.687099447290981338e-07 -1.967333182035096469e-06
-4.331753858450681548e-06 9.009812608618750481e-06
2.165429491014534227e-05 -3.253798833495348661e-05
-8.106260400687660954e-05 8.652123753393000554e-05
2.131000236925133674e-04 -1.490707111686545181e-04
-3.469867416460958561e-04 1.171561596568659083e-04
2.589874229944137121e-04 3.961838974393159200e-05
-3.861152826123442515e-06 -6.616097326685822311e-05
-9.249808938688809694e-06 -1.648081774016109911e-05
-6.582974941565990547e-07 5.919688541654147120e-17
-9.249808939049423807e-06 1.648081773979901286e-05
-3.861152825573918032e-06 6.616097326710963604e-05
2.589874229944612543e-04 -3.961838974403174518e-05
-3.469867416462312187e-04 -1.171561596574048787e-04
2.131000236923440150e-04 1.490707111686656854e-04
-8.106260400688966063e-05 -8.652123753403801918e-05
2.165429491028529583e-05 3.253798833493618003e-05
-4.331753858549092376e-06 -9.009812608665279695e-06
6.687099446239363464e-07 1.967333182122473424e-06
-7.944740415951495825e-08 -3.537468996371974508e-07
6.775241756745041236e-09 5.397447526486524382e-08
-2.672459436033385840e-10 -7.143914800294812417e-09
-3.593083969940977657e-11 8.341930343728661599e-10
1.028685211083444997e-11 -8.709068041946976212e-11
-1.555388582376844650e-12 8.217537646136176752e-12
1.821326559051417393e-13 -7.069752390832000240e-13
-1.816290316911832604e-14 5.591708261828634302e-14
1.583184729578215753e-15 -3.991317886847995739e-15
-9.168717362173550177e-17 2.919683962175294321e-16
-2.717564359668746871e-17 -4.516528371709091183e-17
-7.857062406420904131e-17 7.409052723260657972e-18
-3.093735732088921364e-16 3.203514754579880880e-16
6.072161602791867248e-15 -2.633484238143515625e-15
-8.117838196697616399e-14 2.914106641653566042e-14
9.966847354677083728e-13 -2.919353068817554393e-13
-1.121709719805986800e-11 2.514033005918313358e-12
1.148207607612157472e-10 -1.755286846448739637e-11
-1.059267590744037815e-09 8.268445219494185235e-11
8.708977749348463699e-09 1.568619739949399009e-11
-6.293359335967307805e-08 -5.588593757840375176e-09
3.927533527016382094e-07 7.308358674787037813e-08
-2.068706381096471495e-06 -6.178549025368085444e-07
8.912618150519949477e-06 3.880189208683479730e-06
-3.001388484273460094e-05 -1.841280509053124526e-05
7.350423534809034703e-05 6.422282484563280529e-05
-1.143197127092187237e-04 -1.538234976153349861e-04
7.716198344467404646e-05 2.201598137355416135e-04
2.782950869821298909e-05 -1.316706208682106487e-04
-2.905888611465901023e-05 -1.027716119996073696e-05
-8.546564761103647199e-06 6.804735759063591905e-07
-2.636356419783181762e-06 8.436859801542216345e-17
-8.546564761242887557e-06 -6.804735757681707414e-07
-2.905888611430820984e-05 1.027716119961462236e-05
2.782950869811013218e-05 1.316706208683342207e-04
7.716198344441717186e-05 -2.201598137356938355e-04
-1.143197127091628601e-04 1.538234976152194644e-04
7.350423534804495962e-05 -6.422282484558093976e-05
-3.001388484270073656e-05 1.841280509046931699e-05
8.912618150371351099e-06 -3.880189208650735978e-06
-2.068706381096361381e-06 6.178549024578996962e-07
3.927533526284608626e-07 -7.308358666034781365e-08
-6.293359347526006753e-08 5.588593785555030167e-09
8.708977636198550130e-09 -1.568614561261765236e-11
-1.059267607862815423e-09 -8.268456686762522557e-11
1.148207687969238593e-10 1.755273965133123086e-11
-1.121722908330687096e-11 -2.513917474421041842e-12
9.966703101378744992e-13 2.919439364505614166e-13
-8.131881851368170908e-14 -2.924578239481711805e-14
6.009179372927878225e-15 2.514669119891969500e-15
-4.610052952061713909e-16 -1.996548544859557157e-16
9.508799250466386844e-17 -1.378807279217401127e-17
-1.730787783846557040e-17 3.368131854379764129e-17
4.719377181977151764e-16 6.314793665597499556e-16
-4.118845661818195266e-15 -8.944832507385719875e-15
4.531350020427098048e-14 1.151792025533514421e-13
-4.468380339320697414e-13 -1.369085252643016197e-12
3.833074615281848972e-12 1.489030326163346039e-11
-2.737340777391905115e-11 -1.469907356848329287e-10
1.457607535568988411e-10 1.304565416730982676e-09
-3.345159004636390086e-10 -1.028912828998791990e-08
-3.798939990372349429e-09 7.108326709716067881e-08
6.298894136662679627e-08 -4.223592799463473584e-07
-5.465455322171175985e-07 2.107183550260688537e-06
3.353393527388214545e-06 -8.542343347666222063e-06
-1.516619237858228585e-05 2.682849098611341771e-05
4.941228511608116965e-05 -6.048860759278139988e-05
-1.079831215137195231e-04 8.472465519390035200e-05
1.357002470331449082e-04 -4.839458034042736390e-05
-6.372483271853993060e-05 -1.927255989060987210e-05
-1.021937480500926900e-05 1.176811218518747854e-05
-1.475840447713091196e-06 3.676540368319522616e-06
-8.141122045521056868e-07 -2.017047245453564513e-17
-1.475840447979615619e-06 -3.676540368114081127e-06
-1.021937480485039103e-05 -1.176811218514904866e-05
-6.372483271848352498e-05 1.927255989064276408e-05
1.357002470330602591e-04 4.839458034062961504e-05
-1.079831215134923692e-04 -8.472465519397235658e-05
4.941228511620831946e-05 6.048860759281240128e-05
-1.516619237856372567e-05 -2.682849098618861051e-05
3.353393527400181850e-06 8.542343347573151777e-06
-5.465455321220573143e-07 -2.107183550204110548e-06
6.298894144378032752e-08 4.223592798956906059e-07
-3.798939951544868671e-09 -7.108326719879531512e-08
-3.345156844027344543e-10 1.028912834055477273e-08
1.457608350595114250e-10 -1.304565281150596899e-09
-2.737319751432523895e-11 1.469909013996135625e-10
3.832983670254948484e-12 -1.489041064495207148e-11
-4.468203140607630298e-13 1.369211852694137591e-12
4.545095676053992428e-14 -1.151835037467387890e-13
-4.128310150362586698e-15 8.849953665327700213e-15
3.041531366694946337e-16 -6.427731814381148374e-16
2.900848794120400949e-17 1.251932341280625044e-16
4.434708896354088998e-17 2.352184465823548404e-17
8.007781902418813180e-16 -6.263804690059285149e-16
-1.246430434686645143e-14 6.283946673428624269e-15
1.561103397544086348e-13 -6.723429452329498775e-14
-1.802332544889637294e-12 6.532879772520956263e-13
1.899868018767506996e-11 -5.562530524108670913e-12
-1.813357274467183335e-10 4.009211518233973297e-11
1.551751821820221468e-09 -2.271602503785854925e-10
-1.176260166507779899e-08 7.914972651505182545e-10
7.780918887249694057e-08 1.412043171691191311e-09
-4.407007844095949121e-07 -4.971689786269320144e-08
2.084452953027060611e-06 4.613684218801952906e-07
-7.955949967976065732e-06 -2.799171135111053463e-06
2.330864431335991281e-05 1.212961330820639258e-05
-4.836107647994658906e-05 -3.701964850752214361e-05
6.084994169535129515e-05 7.391280799128247588e-05
-2.888921231990140378e-05 -8.140784027436721870e-05
-1.295999538264444806e-05 2.911063682034876386e-05
4.145888457943884743e-06 6.928069994994796994e-06
1.395770045435170921e-06 1.284273920217178801e-06
2.837752805629177099e-07 8.209195383938120647e-17
1.395770045294029609e-06 -1.284273920194192657e-06
4.145888458027843496e-06 -6.928069994849617241e-06
-1.295999538244079254e-05 -2.911063682051065219e-05
-2.888921231988787159e-05 8.140784027457397605e-05
6.084994169535951476e-05 -7.391280799135065865e-05
-4.836107647978522589e-05 3.701964850741896822e-05
2.330864431327954293e-05 -1.212961330807746569e-05
-7.955949967806840407e-06 2.799171135068891551e-06
2.084452953067949008e-06 -4.613684218266963191e-07
-4.407007843064269874e-07 4.971689782102247592e-08
7.780918900404618654e-08 -1.412043148566773091e-09
-1.176260161255463755e-08 -7.914972527008866222e-10
1.551751883743313055e-09 2.271603591337997739e-10
-1.813357875802560281e-10 -4.009205574894470483e-11
1.899881068254523286e-11 5.562460552785747225e-12
-1.802342497668029423e-12 -6.533291729268801371e-13
1.562472711916397932e-13 6.728921150150516202e-14
-1.238956031929498401e-14 -6.119533544889508609e-15
9.650069911706327295e-16 5.332638950562969602e-16
-8.230229929323995990e-17 -4.399807243104289074e-17
6.390938575572792082e-17 2.479671741198305392e-17
-9.095711046953280195e-16 -1.284790904955166621e-15
9.176560197597136907e-15 1.712425904660952206e-14
-9.709443787515317119e-14 -2.087800574141979978e-13
9.246362987089983273e-13 2.334097734782685664e-12
-7.754506091631886316e-12 -2.378437233720625243e-11
5.565818104210217002e-11 2.190093244444602723e-10
-3.236854826539671426e-10 -1.803829602961141406e-09
1.320421166765435653e-09 1.312414139767966177e-08
-1.308034825253503321e-09 -8.305237676080190510e-08
-3.493419237101333690e-08 4.481782744026804883e-07
3.716838226492635632e-07 -2.009346449212050264e-06
-2.261887324261339384e-06 7.220892610873106164e-06
9.442751206288826232e-06 -1.973388746956358886e-05
-2.707281104449584298e-05 3.765688191576721446e-05
4.944063546001899054e-05 -4.244194337444728778e-05
-4.759811539071263778e-05 1.635803227075841411e-05
1.233897236639311886e-05 8.397625773048807807e-06
3.962313417257087228e-06 -1.058542917129446799e-06
8.308951017424336682e-07 -4.231057081862301228e-07
2.542151122200801895e-07 -7.218325645070180849e-17
8.308951019222655391e-07 4.231057079361045758e-07
3.962313417260058619e-06 1.058542917027457256e-06
1.233897236655129549e-05 -8.397625773094510317e-06
-4.759811539060907615e-05 -1.635803227074714180e-05
4.944063545985585199e-05 4.244194337445087920e-05
-2.707281104456868781e-05 -3.765688191588986483e-05
9.442751206397617450e-06 1.973388746956616046e-05
-2.261887324310484235e-06 -7.220892610879408089e-06
3.716838226039381949e-07 2.009346449134548020e-06
-3.493419244002051554e-08 -4.481782743620518647e-07
-1.308034802494260526e-09 8.305237671356330114e-08
1.320420923564960504e-09 -1.312414147835720080e-08
-3.236854786101392082e-10 1.803829457010013234e-09
5.565802184866797286e-11 -2.190094061488303760e-10
-7.754469152399507664e-12 2.378440296689598917e-11
9.246276883842156317e-13 -2.334173569282185488e-12
-9.719263253433919382e-14 2.088057379851731442e-13
9.211188962854089176e-15 -1.709765459705801624e-14
-7.468087471161997727e-16 1.311866989166505252e-15
4.426814653791645982e-17 -1.883926479386649967e-16
4.830894700389117090e-17 -7.383027966252799921e-17
-1.655878540193465835e-15 1.187525841364856324e-15
2.244678311113401763e-14 -1.294625036006048751e-14
-2.664727990395037375e-13 1.343482608396356668e-13
2.897488497907989093e-12 -1.256838487108151518e-12
-2.865259293087610938e-11 1.038602455423303217e-11
2.554148917941362069e-10 -7.397970933749706290e-11
-2.030823969290101529e-09 4.351727534374094253e-10
1.421786674524318377e-08 -1.920448035853294658e-09
-8.624904370032954475e-08 4.326848895094504913e-09
4.441411756736465530e-07 1.917733752199554675e-08
-1.889598480390213757e-06 -2.822348235500515283e-07
6.398002394795873414e-06 1.766750257262521603e-06
-1.631395818972155163e-05 -7.163643833446193647e-06
2.861454604751959973e-05 1.936137002763342865e-05
-2.879426971656121821e-05 -3.237742881424496863e-05
8.716549594130040322e-06 2.714636595962034206e-05
5.224415042776701731e-06 -4.672737125701575425e-06
2.597488487617399951e-08 -2.014735837235858270e-06
-6.044922919409291245e-08 -4.252809471754155483e-07
1.735781523722091698e-08 4.286455571306357602e-17
-6.044922935066701893e-08 4.252809471246984448e-07
2.597488491831268757e-08 2.014735837263301290e-06
5.224415042728643622e-06 4.672737125595539606e-06
8.716549594238807823e-06 -2.714636595954694835e-05
-2.879426971662129995e-05 3.237742881423809750e-05
2.861454604751510368e-05 -1.936137002759892052e-05
-1.631395818977097770e-05 7.163643833343425680e-06
6.398002394690437293e-06 -1.766750257200659611e-06
-1.889598480493694290e-06 2.822348235937765337e-07
4.441411755853491386e-07 -1.917733756172717562e-08
-8.624904372161227987e-08 -4.326848908871315475e-09
1.421786669809839534e-08 1.920448018124742871e-09
-2.030824046697627683e-09 -4.351728488484821136e-10
2.554149688046129268e-10 7.397974177672812548e-11
-2.865262831877093932e-11 -1.038601721956399501e-11
2.897466684835105863e-12 1.256856127574145013e-12
-2.665560275288441637e-13 -1.343944615087088765e-13
2.244733722135509080e-14 1.283422472439017232e-14
-1.792770856172745850e-15 -1.126830274063439445e-15
1.203992379462663629e-16 1.372386938107011467e-16
-1.323070026806087888e-16 -9.248386020741724016e-17
1.706763902834881746e-15 2.329088981660663369e-15
-1.802200703554247213e-14 -2.954973510477400763e-14
1.831248900771171709e-13 3.398569926116825583e-13
-1.672928113899599434e-12 -3.577937261533000049e-12
1.353224646565605896e-11 3.420128549167134237e-11
-9.483271793865058830e-11 -2.941400842394761819e-10
5.556401850616879799e-10 2.251312419031925486e-09
-2.535577578771935423e-09 -1.513210273138884478e-08
7.278616357265576802e-09 8.784651643157375242e-08
4.318124448089113675e-09 -4.311869023663952950e-07
-2.007361193282295947e-07 1.739691033106131135e-06
1.336748397108607793e-06 -5.548080841460290979e-06
-5.307958938655249187e-06 1.319559027378974144e-05
1.356792956490569700e-05 -2.125571695266758237e-05
-2.079400532984341997e-05 1.902323963927461797e-05
1.510777649417178175e-05 -4.299975694115556938e-06
-1.423169950499257348e-06 -3.114188903078929766e-06
-9.225332500699859648e-07 -2.953376452102319662e-07
-1.992886163429903901e-07 -3.578592372718118549e-08
-4.602224480258100076e-08 6.098918122972769768e-17
-1.992886162555682519e-07 3.578592378135192694e-08
-9.225332500402943896e-07 2.953376450080139144e-07
-1.423169950685052119e-06 3.114188903195797866e-06
1.510777649422859225e-05 4.299975693926366200e-06
-2.079400533000558274e-05 -1.902323963920790227e-05
1.356792956496136739e-05 2.125571695275500634e-05
-5.307958938711638711e-06 -1.319559027382229122e-05
1.336748397124202940e-06 5.548080841503441378e-06
-2.007361192892442151e-07 -1.739691033105555152e-06
4.318124526059925838e-09 4.311869024010775355e-07
7.278616280779282523e-09 -8.784651633541491942e-08
-2.535577470041137911e-09 1.513210286044862452e-08
5.556402234905841092e-10 -2.251312316653716260e-09
-9.483263570038292328e-11 2.941401401432898431e-10
1.353221813869733627e-11 -3.420133502911813777e-11
-1.672927106580852017e-12 3.578037783487697334e-12
1.832327696252627835e-13 -3.398840059382103655e-13
-1.806974530338475353e-14 2.949804416132231313e-14
1.549706229564771811e-15 -2.367323130367493818e-15
-1.241015587474241230e-16 2.563468270274102380e-16
-1.618248266637834819e-16 1.641785774335975566e-16
2.912881254014508694e-15 -2.225947473160347055e-15
-3.654448575384141489e-14 2.400815220359391601e-14
4.107556346487959374e-13 -2.385662611603545685e-13
-4.212764094161753035e-12 2.138271134706202516e-12
3.914167369707225893e-11 -1.698605127851444509e-11
-3.263913357828473491e-10 1.172571156223319570e-10
2.415284074281227211e-09 -6.822408862782848276e-10
-1.564389593607252518e-08 3.164916694262749354e-09
8.717577333521475430e-08 -1.019771601893604211e-08
-4.088231901089797438e-07 9.730595118038095564e-09
1.566867275179045575e-06 1.277336989395569639e-07
-4.711340128185643345e-06 -9.735825381290285902e-07
1.045544102299097331e-05 3.839960025222276500e-06
-1.545518952494636235e-05 -9.327038785701246082e-06
1.224644982295735630e-05 1.311338467589967275e-05
-1.894168516994113380e-06 -8.201838678264174214e-06
-1.774925518568004379e-06 1.927956546540355541e-07
-2.812591597228136980e-07 3.746209247752468708e-07
-5.014411931973631322e-08 8.038493703313596654e-08
-1.869175818544334695e-08 -7.456509756490416398e-17
-5.014411921210713210e-08 -8.038493717773902255e-08
-2.812591596917217125e-07 -3.746209247591259280e-07
-1.774925518650760133e-06 -1.927956545899601057e-07
-1.894168517063106119e-06 8.201838678128679436e-06
1.224644982284158723e-05 -1.311338467586372128e-05
-1.545518952493290808e-05 9.327038785642660201e-06
1.045544102299721256e-05 -3.839960025182949607e-06
-4.711340128180883867e-06 9.735825380690442580e-07
1.566867275247506166e-06 -1.277336988905273617e-07
-4.088231900580393412e-07 -9.730595094567942525e-09
8.717577334428635805e-08 1.019771605205529008e-08
-1.564389589688700426e-08 -3.164916654498627586e-09
2.415284158549388952e-09 6.822409253268439774e-10
-3.263914576738623801e-10 -1.172570856744229279e-10
3.914178183725998343e-11 1.698606752346342954e-11
-4.212743083874857384e-12 -2.138332135294043258e-12
4.108208236911495843e-13 2.386134806065705835e-13
-3.655495309513770824e-14 -2.387839058577498974e-14
3.040696784080342874e-15 2.169768208815790881e-15
-2.218118575500700962e-16 -2.281527666165281609e-16
2.606926912384983197e-16 2.368062230227342278e-16
-3.096326061609386574e-15 -3.904869318091842510e-15
3.203000062718274904e-14 4.643956649143714959e-14
-3.108341873580106848e-13 -5.051244054484337050e-13
2.712517403685527807e-12 5.012774486744275212e-12
-2.100285365641646869e-11 -4.499518867119217936e-11
1.416503788286547988e-10 3.618116100108769091e-10
-8.097647316337353544e-10 -2.576340064856626850e-09
3.746307391040215827e-09 1.601659589454379656e-08
-1.268149522109355087e-08 -8.540270421573970073e-08
2.115336317956172119e-08 3.817530087181896471e-07
6.887159864373985892e-08 -1.387602720542903416e-06
-6.851195757725813750e-07 3.929818173204660746e-06
2.721137743191950257e-06 -8.131065055407186458e-06
-6.303730263343592643e-06 1.101490316350642398e-05
8.133090058017743054e-06 -7.684600190804311283e-06
-4.340304336597825935e-06 6.748094417726806360e-07
-1.812237032501077494e-07 9.640088064833644047e-07
1.265389387977168155e-07 1.977338467176225516e-07
2.776957131163053711e-08 3.568587858067676682e-08
4.109085515654749335e-09 -8.776879967807472787e-17
2.776957101747591966e-08 -3.568587869535913173e-08
1.265389386677744439e-07 -1.977338466765769761e-07
-1.812237030478624338e-07 -9.640088062227817065e-07
-4.340304336666071379e-06 -6.748094417488218355e-07
8.133090058069732242e-06 7.684600190721151283e-06
-6.303730263380137033e-06 -1.101490316358917232e-05
2.721137743274209438e-06 8.131065055427621975e-06
-6.851195757636015553e-07 -3.929818173195518720e-06
6.887159861099901795e-08 1.387602720596082686e-06
2.115336317038358981e-08 -3.817530088058224053e-07
-1.268149522158870615e-08 8.540270418126715384e-08
3.746307354881496829e-09 -1.601659600255699131e-08
-8.097647444472175785e-10 2.576339988712488801e-09
1.416503642524453643e-10 -3.618116174245234742e-10
-2.100282779612815418e-11 4.499522464212226875e-11
2.712572244859398143e-12 -5.012826116226560877e-12
-3.108965976538558492e-13 5.051219394005139792e-13
3.204160175456629801e-14 -4.636677073794042275e-14
-2.902123033827646748e-15 3.896483632170186227e-15
2.562954333551227339e-16 -3.800536197585264937e-16
3.586145057261556347e-16 -3.158593633455580004e-16
-4.642055344744108895e-15 3.838697052996895571e-15
5.431307416163053099e-14 -4.020454056453645963e-14
-5.786608823873668637e-13 3.829118347201277617e-13
5.606613639173000413e-12 -3.279070525278213780e-12
-4.902446423489812411e-11 2.491041258693642722e-11
3.830467841530795850e-10 -1.649967438060109274e-10
-2.642558196433408406e-09 9.294821791372197795e-10
1.586221804470188589e-08 -4.279329896479932817e-09
-8.133677545937812817e-08 1.489182050579704316e-08
3.479392317484552467e-07 -3.096345134773625300e-08
-1.202966600558628955e-06 -2.023617960908515399e-08
3.214964226913981757e-06 4.569237922848783914e-07
-6.206676604457111975e-06 -1.882166109502049920e-06
7.698803062055217418e-06 4.188201516002574109e-06
-4.697923804604673850e-06 -4.963450290630908135e-06
1.151161983548574654e-07 2.233501069953532777e-06
4.959830434354781659e-07 2.316808872540324159e-07
1.200541518272722404e-07 -2.714180463404778934e-08
2.216941162408117684e-08 -6.843265559932843437e-09
5.854331070213420867e-09 -7.175891814731945513e-17
2.216941169011921714e-08 6.843265683833906322e-09
1.200541520235355711e-07 2.714180461166005011e-08
4.959830437762239563e-07 -2.316808874038371542e-07
1.151161982876991612e-07 -2.233501069895524573e-06
-4.697923804647270290e-06 4.963450290538525640e-06
7.698803062043738427e-06 -4.188201515849021435e-06
-6.206676604379876970e-06 1.882166109494942255e-06
3.214964226942965954e-06 -4.569237922433198316e-07
-1.202966600485193951e-06 2.023617951970224046e-08
3.479392317638525587e-07 3.096345128642924574e-08
-8.133677546671011153e-08 -1.489182051209379510e-08
1.586221799118424656e-08 4.279329881879879849e-09
-2.642558248098508933e-09 -9.294822608682606936e-10
3.830468654961394978e-10 1.649967707971949619e-10
-4.902453392270885346e-11 -2.491041589426361438e-11
5.606599508565052633e-12 3.279100212762033848e-12
-5.787028796044658332e-13 -3.829259468323226482e-13
5.433239594857203538e-14 4.012788590090210395e-14
-4.704897936905020957e-15 -3.823728828753693374e-15
3.799748020642498145e-16 3.574789274750726252e-16
-4.766637547635519137e-16 -4.162778946455859132e-16
5.178231059044799430e-15 5.990425213453022338e-15
-5.224174113170399690e-14 -6.747956414325313573e-14
4.831907615262750522e-13 6.951803755337841192e-13
-4.016638628475040837e-12 -6.507647923575570405e-12
2.962832049406799238e-11 5.489395316769711538e-11
-1.907251821520102777e-10 -4.130372293512328039e-10
1.046864829640091493e-09 2.738464829492359962e-09
-4.727650273552489339e-09 -1.575969554625864048e-08
1.645897665117550175e-08 7.725011711895470757e-08
-3.739810253082722448e-08 -3.147281814304687934e-07
1.332405266026225097e-08 1.031287783194854023e-06
2.920641085628610253e-07 -2.594231993324412335e-06
-1.280628984727989845e-06 4.664418463466987399e-06
2.746247977157293526e-06 -5.285946825063427096e-06
-2.987050259925174532e-06 2.797187931406820642e-06
1.114954413848028458e-06 1.013298606290595431e-07
1.833389084451139959e-07 -2.389542665128556018e-07
5.961593813149018794e-09 -6.577138862068360680e-08
3.523892496292319850e-10 -1.165194734410802192e-08
7.606365949024593811e-10 -7.638848740836931524e-17
3.523892169579344193e-10 1.165194721775377129e-08
5.961593587702775048e-09 6.577138851515926285e-08
1.833389084956473992e-07 2.389542662516799805e-07
1.114954413753410007e-06 -1.013298606030298369e-07
-2.987050260076443605e-06 -2.797187931324553837e-06
2.746247977251097343e-06 5.285946825057434338e-06
-1.280628984794132531e-06 -4.664418463491151555e-06
2.920641085722274627e-07 2.594231993219317146e-06
1.332405268418667340e-08 -1.031287783173976991e-06
-3.739810254675105346e-08 3.147281815190781805e-07
1.645897662982003098e-08 -7.725011713997246696e-08
-4.727650312671833333e-09 1.575969561876644086e-08
1.046864854659875594e-09 -2.738464755918919759e-09
-1.907251632146748268e-10 4.130372214760558013e-10
2.962828701491924142e-11 -5.489392601829143382e-11
-4.016670180805970813e-12 6.507660091786719546e-12
4.832118862241413528e-13 -6.951427534882216294e-13
-5.227080061004126726e-14 6.745302963885247514e-14
5.057709215571980996e-15 -5.982608781312495556e-15
-4.667617484952179414e-16 5.212319533469041416e-16
-5.359077059344882612e-16 5.524851490915369504e-16
6.698881841577630466e-15 -6.163711310976374607e-15
-7.419257659587685175e-14 6.170245569393831823e-14
7.504100229907055348e-13 -5.616272688206347211e-13
-6.880910539896781591e-12 4.588997702228039475e-12
5.672688924517213451e-11 -3.324977395169135358e-11
-4.160838297585207762e-10 2.102074411264777572e-10
2.681180671595878239e-09 -1.134346571773219572e-09
-1.494388735666347353e-08 5.057269232237478407e-09
7.064488794206716734e-08 -1.761824243211857004e-08
-2.761498852352106742e-07 4.232887895673690468e-08
8.625688843486509394e-07 -3.939057271564009901e-08
-2.050611408070145964e-06 -1.672333747092699531e-07
3.441114159735282811e-06 8.461674659723928460e-07
-3.560920950950594211e-06 -1.770837475241653357e-06
1.617370095628634618e-06 1.770206156162291618e-06
1.555177881807890995e-07 -5.355548575596239126e-07
-1.054950183780044853e-07 -1.222810587984051631e-07
-3.293215537270430364e-08 -1.261640212936954337e-08
-5.745938698991749666e-09 -1.823466611814705333e-09
-1.209548838425886076e-09 1.500494080726565651e-16
-5.745938727693573581e-09 1.823466542476408773e-09
-3.293215558586629242e-08 1.261640219432964657e-08
-1.054950183221224792e-07 1.222810588699215842e-07
1.555177881846230089e-07 5.355548574822599466e-07
1.617370095590020927e-06 -1.770206156048429638e-06
-3.560920950986923454e-06 1.770837475105390108e-06
3.441114159669643687e-06 -8.461674659983358770e-07
-2.050611408081450889e-06 1.672333746562297293e-07
8.625688843992248415e-07 3.939057268982227008e-08
-2.761498852323216566e-07 -4.232887888883873040e-08
7.064488795954606278e-08 1.761824250770975564e-08
-1.494388727839550501e-08 -5.057269237217119757e-09
2.681180695316925911e-09 1.134346619822506846e-09
-4.160838369146637935e-10 -2.102074896296005439e-10
5.672687539354701549e-11 3.324976605663233470e-11
-6.880864856291516148e-12 -4.589010632687350121e-12
7.504381889990481141e-13 5.615834424397574056e-13
-7.420072494538670905e-14 -6.164562720082864426e-14
6.710750098841444576e-15 6.145547203856634817e-15
-5.611354265030790207e-16 -5.956327980880414390e-16
7.802584193378309157e-16 6.803297698401907780e-16
-8.212468239388154188e-15 -8.566802183142495152e-15
7.942989927535849518e-14 9.204052335051853440e-14
-6.989753735808803505e-13 -8.980340682310950084e-13
5.522589256088647247e-12 7.933548420586548111e-12
-3.867761310135923000e-11 -6.291877076521814309e-11
2.363571983205586436e-10 4.431826705035418211e-10
-1.233926603529302620e-09 -2.737012692410630158e-09
5.337313777269243877e-09 1.458666020817564413e-08
-1.819193739235974456e-08 -6.575046150883255154e-08
4.405451169955677473e-08 2.442067075714137270e-07
-5.232246985349667971e-08 -7.213749224022517851e-07
-8.904453847057684919e-08 1.610901091326356864e-06
5.561042450777276639e-07 -2.511685882152621207e-06
-1.134572279861210621e-06 2.363460240542913059e-06
1.038508884556968978e-06 -9.084108128803343655e-07
-2.462726388552161671e-07 -1.417964497678816049e-07
-7.356178484306842725e-08 4.040624618650501851e-08
-1.078914291768523143e-08 1.499366257307789499e-08
-1.706950427592347970e-09 2.495354003773868137e-09
-5.016414013912509627e-10 -1.096753182203297178e-16
-1.706950596525915842e-09 -2.495353704603446650e-09
-1.078914285273789163e-08 -1.499366267984498516e-08
-7.356178488014536223e-08 -4.040624630539283584e-08
-2.462726388847531059e-07 1.417964499272000849e-07
1.038508884487918852e-06 9.084108130010418544e-07
-1.134572280051002964e-06 -2.363460240508201649e-06
5.561042451338719723e-07 2.511685882115191244e-06
-8.904453847265372104e-08 -1.610901091341996480e-06
-5.232246984535574018e-08 7.213749222979516420e-07
4.405451172979943099e-08 -2.442067076302338654e-07
-1.819193733297364921e-08 6.575046159424563341e-08
5.337313727939791208e-09 -1.458666027250909184e-08
-1.233926641040529127e-09 2.737012617301214405e-09
2.363571897489715624e-10 -4.431826473912627349e-10
-3.867756732884764316e-11 6.291875555900891597e-11
5.522599245649106200e-12 -7.933541673561242409e-12
-6.989548108411375641e-13 8.979676809716421462e-13
7.941626675719572015e-14 -9.204488107911002912e-14
-8.150546663259279500e-15 8.596631760205767960e-15
7.912289780071911447e-16 -7.468318749555835876e-16
7.687435575670588906e-16 -8.427865672903109707e-16
-8.840220415693516640e-15 9.030382340726292594e-15
9.319214876551444354e-14 -8.694941484273576575e-14
-8.967562404540663965e-13 7.559554692145889914e-13
7.798610608781527875e-12 -5.893259315691651231e-12
-6.075141113308408437e-11 4.068718075575008134e-11
4.192758043342501984e-10 -2.449336604191499623e-10
-2.529564751192192219e-09 1.259516298212845545e-09
1.312287224413729877e-08 -5.374235225465782892e-09
-5.733036524114942484e-08 1.818022971667470063e-08
2.052549593550856653e-07 -4.471137025023522589e-08
-5.803630358802113748e-07 6.213147074187669195e-08
1.228773161164670765e-06 2.931059260808391971e-08
-1.790801941982022068e-06 -3.478512090015116093e-07
1.534205053802957243e-06 7.110626932793372160e-07
-4.899114964874826528e-07 -5.981784235004736757e-07
-1.086852394301363705e-07 1.050224402903386549e-07
1.145081973276842731e-08 4.143295547708384312e-08
5.999809180874683788e-09 7.242949531630185910e-09
9.636235735986711838e-10 1.124066090365335672e-09
1.432674558359018599e-10 -9.226331878781784476e-17
9.636236604284822416e-10 -1.124066221307209385e-09
5.999809139438627756e-09 -7.242949814333862559e-09
1.145081977650284768e-08 -4.143295555565542663e-08
-1.086852391953945564e-07 -1.050224402154874519e-07
-4.899114965047224202e-07 5.981784235211497499e-07
1.534205053838638294e-06 -7.110626931776534518e-07
-1.790801941953520045e-06 3.478512090934772057e-07
1.228773161244295038e-06 -2.931059259170146209e-08
-5.803630359613985299e-07 -6.213147072309977146e-08
2.052549593638425037e-07 4.471137011645076586e-08
-5.733036530438208871e-08 -1.818022972092031100e-08
1.312287218463758354e-08 5.374235239825175104e-09
-2.529564726391758633e-09 -1.259516375813393675e-09
4.192757925015679690e-10 2.449336768441939892e-10
-6.075142401283730505e-11 -4.068722332787032589e-11
7.798543242268044604e-12 5.893236491537450426e-12
-8.967497603647037842e-13 -7.558932479719624386e-13
9.319136405853292284e-14 8.686715123101644102e-14
-8.842262393288536878e-15 -9.053385684149254695e-15
7.665628015314096255e-16 8.738889464492494807e-16
-1.223652356791958135e-15 -9.990831190386939885e-16
1.238698143105410800e-14 1.172746189071536304e-14
-1.144769195959322491e-13 -1.197495111732121333e-13
9.578540029287897613e-13 1.106513531181489126e-12
-7.179666758398995225e-12 -9.228728843988312770e-12
4.761181763443908966e-11 6.882603454874475010e-11
-2.750785541560902487e-10 -4.538668343531283409e-10
1.356991826031602427e-09 2.610802621006498282e-09
-5.557381501311158774e-09 -1.288237783824608079e-08
1.809646281460420525e-08 5.337620094301550992e-08
-4.330793231263766177e-08 -1.806049355158693468e-07
6.192032833604541926e-08 4.804153165514316429e-07
2.550955760007770722e-09 -9.506016071893626409e-07
-2.247282738262273663e-07 1.280498040161522561e-06
4.507138261177257734e-07 -9.898260263871918896e-07
-3.444143778725111099e-07 2.561964850609913873e-07
4.106972066581978384e-08 7.441255110872483659e-08
2.174331282302547100e-08 -1.327055384184018681e-12
4.327190886375820911e-09 -1.919827534895976927e-09
6.759054319567928363e-10 -2.936095572047823682e-10
1.557197878225228291e-10 1.096886874814144071e-18
6.759055501719034586e-10 2.936094471998255153e-10
4.327190805886859205e-09 1.919827545699071533e-09
2.174331271282805620e-08 1.327153163516291006e-12
4.106972084597757058e-08 -7.441255117586573696e-08
-3.444143778132103333e-07 -2.561964851470169534e-07
4.507138263411316662e-07 9.898260264442996980e-07
-2.247282739399775119e-07 -1.280498040090625056e-06
2.550955787793537189e-09 9.506016072075157216e-07
6.192032825319536645e-08 -4.804153164760297228e-07
-4.330793233741011308e-08 1.806049355116932890e-07
1.809646272280624859e-08 -5.337620100917072202e-08
-5.557381519394916805e-09 1.288237791370427725e-08
1.356991856521488491e-09 -2.610802595805062010e-09
-2.750785347093089669e-10 4.538668372484116520e-10
4.761180784623411731e-11 -6.882605046902087218e-11
-7.179642700081911312e-12 9.228700300491032887e-12
9.578350515083632978e-13 -1.106506003918496138e-12
-1.144519321539185135e-13 1.197619534830308233e-13
1.238467427231123087e-14 -1.178256266903251320e-14
-1.225600802188013292e-15 1.067527171394067034e-15
-9.301480825951743799e-16 1.206246380136187456e-15
1.052123698936103559e-14 -1.212440671721126461e-14
-1.064616202330285586e-13 1.114400012272047481e-13
9.771774918093737485e-13 -9.271036034495903551e-13
-8.081897422774310874e-12 6.903043569392731734e-12
5.966317774651456276e-11 -4.544061290474205383e-11
-3.886191566022597111e-10 2.604383766155059991e-10
2.202235478343773238e-09 -1.274092017269759481e-09
-1.066967193727261966e-08 5.177447004221106821e-09
4.322679629185206596e-08 -1.678241318965585864e-08
-1.422393588327475867e-07 4.046912804278186504e-08
3.652569477699426979e-07 -6.176781969779139935e-08
-6.904255782593425583e-07 2.250600285766537181e-08
8.738375956508589579e-07 1.284595277466210609e-07
-6.137893383227553663e-07 -2.723162921474306788e-07
1.230351648956076156e-07 1.915216801501137365e-07
4.827547976329629346e-08 -1.193878663753586309e-08
3.311288873370520886e-09 -1.091129429617631501e-08
-2.847712447177904841e-10 -2.359048108978540401e-09
-3.006923763307116420e-11 -3.537928321353381804e-10
1.271031416533060132e-11 -4.516883796282444710e-18
-3.006924154346302679e-11 3.537929867430102600e-10
-2.847712834284748398e-10 2.359048164121093747e-09
3.311289027099889127e-09 1.091129426014113296e-08
4.827547969988935256e-08 1.193878654110757765e-08
1.230351649055451384e-07 -1.915216802430822993e-07
-6.137893383465194050e-07 2.723162920605004286e-07
8.738375956516104879e-07 -1.284595278096281360e-07
-6.904255783664661798e-07 -2.250600284443652704e-08
3.652569478204775835e-07 6.176781968834049690e-08
-1.422393588004590613e-07 -4.046912795802544547e-08
4.322679634515124359e-08 1.678241320071446272e-08
-1.066967189206660195e-08 -5.177447023423432244e-09
2.202235483258262534e-09 1.274092034670176785e-09
-3.886191302814086020e-10 -2.604383889476720907e-10
5.966318903901601870e-11 4.544066676249814877e-11
-8.081887404611995711e-12 -6.903017060164337324e-12
9.771595825738484574e-13 9.270930152667914802e-13
-1.064542789681355696e-13 -1.113726010652148044e-13
1.056375037589045875e-14 1.210797366486193626e-14
-9.571423034733865033e-16 -1.196347228636774311e-15
1.902458177500008763e-15 1.410268131090481161e-15
-1.823159309709347546e-14 -1.564858155261217689e-14
1.604176112779466145e-13 1.519111263383798206e-13
-1.275146254777418312e-12 -1.330904837868129784e-12
9.056319602897564106e-12 1.048581268788350087e-11
-5.675452578637552075e-11 -7.357194781248488668e-11
3.090577988474237890e-10 4.543127851648953060e-10
-1.433661593535873939e-09 -2.433955731749809950e-09
5.514110786045990336e-09 1.111397909471364694e-08
-1.689640692648154895e-08 -4.228695591467385741e-08
3.855076105195186467e-08 1.301390102476236845e-07
-5.628511141051313788e-08 -3.109510783702146569e-07
2.391862879196115252e-08 5.430977523115325083e-07
8.680860076376223491e-08 -6.279295152899761968e-07
-1.762035540352524831e-07 3.924575879804098159e-07
1.101616664086774061e-07 -5.871460022099258162e-08
-1.778066515839275160e-09 -2.881576283200002321e-08
-5.005452974236443675e-09 -3.500964227816102872e-09
-1.191689466678059580e-09 -2.595925813922888956e-10
-1.788521711041033436e-10 -3.769989821609003526e-11
-3.612069591327516136e-11 -4.145413547291033086e-17
-1.788521573044632174e-10 3.769980384113209187e-11
-1.191689413408598207e-09 2.595925956350749567e-10
-5.005452933939305332e-09 3.500964319049853290e-09
-1.778066691343253202e-09 2.881576282401386902e-08
1.101616663516375589e-07 5.871460026986728265e-08
-1.762035541016145234e-07 -3.924575880725409543e-07
8.680860089801293364e-08 6.279295152400737801e-07
2.391862876697325706e-08 -5.430977522383984131e-07
-5.628511139550728086e-08 3.109510784243787081e-07
3.855076098431454345e-08 -1.301390102643765933e-07
-1.689640689383462938e-08 4.228695594700773875e-08
5.514110810265841153e-09 -1.111397909529549737e-08
-1.433661607801843753e-09 2.433955738312507075e-09
3.090577880372577201e-10 -4.543127970981729860e-10
-5.675449995785471254e-11 7.357197578542308165e-11
9.056273800692568191e-12 -1.048577339616787296e-11
-1.275122124128827089e-12 1.330861369464196776e-12
1.603943920993463687e-13 -1.519299705874399852e-13
-1.820289485106118058e-14 1.571260379428572656e-14
1.908168822068780050e-15 -1.507196570092544372e-15
9.960201143303489348e-16 -1.479063623042775702e-15
-1.093175626210849883e-14 1.417184804177839351e-14
1.061616029149701037e-13 -1.251969249322446017e-13
-9.324625280143767023e-13 9.988176912343467168e-13
7.361182957734299104e-12 -7.119192964379816586e-12
-5.169837961763273917e-11 4.478324120261174808e-11
3.191450489520880536e-10 -2.448672668434722080e-10
-1.706446858805103182e-09 1.141280534953998229e-09
7.759351179700424934e-09 -4.416670151304906219e-09
-2.930844191143144453e-08 1.366499315368558320e-08
8.914531140557456720e-08 -3.179525266889150466e-08
-2.091270019056221310e-07 4.915335969677419479e-08
3.548397895385402080e-07 -3.222712987299385800e-08
-3.910527272720073629e-07 -3.982296085382006920e-08
2.225058576575034802e-07 9.810851288435168221e-08
-2.003734875789714015e-08 -5.709887052513609384e-08
-1.686874348842878184e-08 -2.636472327181126396e-09
-2.760151386145419839e-09 2.142432324653954709e-09
-3.144034380057389294e-10 5.677452206760130818e-10
-4.967270910352733540e-11 8.168820402003762468e-11
-1.718901459631691442e-11 -7.406770576423135639e-17
-4.967274399189340597e-11 -8.168821652590115014e-11
-3.144033618613926374e-10 -5.677452060447055086e-10
-2.760151358871449042e-09 -2.142432326508754618e-09
-1.686874357338518060e-08 2.636472336868187678e-09
-2.003734869712579189e-08 5.709887070270439499e-08
2.225058575447211492e-07 -9.810851293409708016e-08
-3.910527272197161545e-07 3.982296090375182102e-08
3.548397896264621220e-07 3.222712992191527157e-08
-2.091270019876896180e-07 -4.915335969564200291e-08
8.914531136251952515e-08 3.179525261967757355e-08
-2.930844197520510768e-08 -1.366499317115209740e-08
7.759351209387735287e-09 4.416670153684619642e-09
-1.706446844278905035e-09 -1.141280508387252174e-09
3.191449988471681903e-10 2.448672826958622505e-10
-5.169836976439072347e-11 -4.478326598565628528e-11
7.361134266848353775e-12 7.119167224701624745e-12
-9.324668293699119218e-13 -9.988033962536960663e-13
1.061298570550461635e-13 1.251360655160084385e-13
-1.096438521950652248e-14 -1.415138841658158730e-14
1.041415771459371811e-15 1.439350088287223026e-15
-2.943794391279741490e-15 -2.024249556710286916e-15
2.703299528889110900e-14 2.103353737454713811e-14
-2.270888451330622246e-13 -1.943471425353698030e-13
1.717099835642104009e-12 1.618401310980697013e-12
-1.156728329900269387e-11 -1.207751938654346747e-11
6.854534492335924085e-11 7.992584609785834390e-11
-3.517557750844128309e-10 -4.632567988808954837e-10
1.532180553367830033e-09 2.316303511783332410e-09
-5.514156174417329358e-09 -9.803982986787709617e-09
1.577186449123956376e-08 3.428869454148807121e-08
-3.366454455955409185e-08 -9.597483853016622536e-08
4.714852787270636928e-08 2.056601974678991504e-07
-2.667826342419365681e-08 -3.157731802071248830e-07
-3.447600361009313703e-08 3.106948029633638039e-07
7.148734512633840941e-08 -1.535739103177421891e-07
-3.510051280629403845e-08 8.655175568668378803e-09
-2.491800700810723682e-09 9.256979981830835589e-09
8.078525864799865826e-10 1.725571680256821285e-09
2.367580079738224790e-10 2.658751730040385955e-10
3.398841463249249416e-11 4.273698215741591688e-11
3.749482663258036528e-12 -3.714334527971087911e-17
3.398841880370535757e-11 -4.273685171954536766e-11
2.367580026215011082e-10 -2.658753529507212479e-10
8.078526706742184358e-10 -1.725571787400108035e-09
-2.491800585838613529e-09 -9.256979927511281043e-09
-3.510051278667564366e-08 -8.655175523733388484e-09
7.148734505520124730e-08 1.535739103725851902e-07
-3.447600370554025060e-08 -3.106948029674039393e-07
-2.667826341898692212e-08 3.157731801736686698e-07
4.714852787197759669e-08 -2.056601975037630547e-07
-3.366454453072412111e-08 9.597483852450643062e-08
1.577186447539367174e-08 -3.428869451396100259e-08
-5.514156172908033278e-09 9.803982962173843723e-09
1.532180578662290623e-09 -2.316303518009616006e-09
-3.517557819119500264e-10 4.632567819151994875e-10
6.854535047869813429e-11 -7.992587096196183131e-11
-1.156727015798019218e-11 1.207745930446435406e-11
1.717055730232734773e-12 -1.618377398624593249e-12
-2.270579280298529334e-13 1.943448330831170506e-13
2.699563598097691443e-14 -2.107057647612527533e-14
-2.933814921739658133e-15 2.127289643602866561e-15
-8.044143631780319564e-16 1.347724770503030632e-15
8.429798566648702820e-15 -1.241219188052204833e-14
-7.878057650599562070e-14 1.056228995829791370e-13
6.652008726234493471e-13 -8.107783457344621865e-13
-5.036032521001658671e-12 5.552673807067066212e-12
3.382136370629953098e-11 -3.351321568661477092e-11
-1.990036414932719807e-10 1.755728029046562321e-10
1.010360582599657969e-09 -7.831262689191416985e-10
-4.342496786397022747e-09 2.898658100996106001e-09
1.541567404266802328e-08 -8.587070599199575772e-09
-4.373842629209353593e-08 1.924737451274314300e-08
9.469730147188018635e-08 -2.940315323007309202e-08
-1.457955226515629461e-07 2.277045016313543470e-08
1.410718107781849247e-07 7.724201326237126642e-09
-6.395124053758711378e-08 -2.979039656123284199e-08
-1.834420420530142711e-09 1.423843009603496065e-08
4.349254873108520372e-09 2.457520613679018988e-09
1.178592413621980240e-09 -1.406444852280556491e-10
1.945326136819954502e-10 -9.087360161812755019e-11
2.202981013735358367e-11 -1.039245541300341948e-11
1.803696942740205667e-12 -1.118520670898641952e-16
2.202984720911333263e-11 1.039245522552301442e-11
1.945327083443862681e-10 9.087344430541250753e-11
1.178592292942592900e-09 1.406444186622776042e-10
4.349254962898314120e-09 -2.457520651131859986e-09
-1.834420468967221976e-09 -1.423843019394849851e-08
-6.395124046517615971e-08 2.979039660622001582e-08
1.410718107306059987e-07 -7.724201329041502183e-09
-1.457955227423929625e-07 -2.277045022099108380e-08
9.469730155195219608e-08 2.940315326442785169e-08
-4.373842625037213402e-08 -1.924737448880388095e-08
1.541567409913211304e-08 8.587070626170411758e-09
-4.342496800294437070e-09 -2.898658092831562868e-09
1.010360593777078064e-09 7.831262689924908020e-10
-1.990036011880075442e-10 -1.755728165473579915e-10
3.382133611069798979e-11 3.351320037949144132e-11
-5.036012902968096222e-12 -5.552644610505788604e-12
6.651940809339625296e-13 8.107649611345962351e-13
-7.875287168738833810e-14 -1.055750829768932023e-13
8.423700812833151189e-15 1.239433759878952903e-14
-8.417578286736839114e-16 -1.311877498471617679e-15
4.844029747857234470e-15 2.971523406034143787e-15
-4.255897185322734145e-14 -2.953466275233893125e-14
3.429886733254371483e-13 2.617184051391760135e-13
-2.482977884276826100e-12 -2.086473208749716514e-12
1.597735598484572301e-11 1.485894017973082747e-11
-9.021082200598827131e-11 -9.350120284667145258e-11
4.398760455347725200e-10 5.131723935832789921e-10
-1.815110320490840424e-09 -2.417701220184719452e-09
6.169239963611684707e-09 9.584300342071368558e-09
-1.662112571061992946e-08 -3.115776663324991623e-08
3.341992768200262371e-08 8.026079477825377964e-08
-4.469102477096401589e-08 -1.560993740579460869e-07
2.783164907990208496e-08 2.129910366414181902e-07
1.496748851840295164e-08 -1.793465747490885566e-07
-3.483994914029377580e-08 6.871293279919279714e-08
1.288317669743501916e-08 2.186409650690665612e-09
1.946327154143313939e-09 -3.075127817851440252e-09
-3.387261704682061361e-11 -6.482774948870273597e-10
-2.598280663911975425e-11 -7.407720325711637425e-11
-1.088977612515811050e-12 -4.385304622047892710e-12
6.554941694533517659e-14 -7.060352533394123668e-17
-1.089009508443468656e-12 4.385286330290336285e-12
-2.598279454679466180e-11 7.407727759694793275e-11
-3.387268347322456082e-11 6.482774601278793473e-10
1.946327125277020463e-09 3.075127700060822177e-09
1.288317667700770956e-08 -2.186409730378263012e-09
-3.483994896298779017e-08 -6.871293287251666744e-08
1.496748853714303944e-08 1.793465747758110696e-07
2.783164906752595091e-08 -2.129910365961776576e-07
-4.469102474952498995e-08 1.560993741168474346e-07
3.341992764772224081e-08 -8.026079476232082521e-08
-1.662112567503125785e-08 3.115776659132845572e-08
6.169239886446136179e-09 -9.584300268785149865e-09
-1.815110336575803566e-09 2.417701241319511666e-09
4.398760302055993922e-10 -5.131723730364659892e-10
-9.021081183580134750e-11 9.350127277780143039e-11
1.597736805523367866e-11 -1.485885116575122664e-11
-2.482947092623657660e-12 2.086465726171835078e-12
3.429503224153056538e-13 -2.617014117235031257e-13
-4.249976009177978316e-14 2.955533754685906905e-14
4.843120721611383654e-15 -3.081841492063711137e-15
