3.232303570211513116e-17 -4.894693223158247481e-17
-4.620350478591671022e-16 -2.264523702140920464e-16
-1.882765376555204583e-16 3.561417952696936236e-16
1.263199138633960092e-16 -4.347836681364889376e-16
-5.091138598271488401e-16 -2.272855130527711369e-15
1.910079092305070965e-14 1.896395333331438512e-14
-2.670750542131398701e-13 -3.246200084943783798e-13
3.784327383534752616e-12 4.871208986499977840e-12
-4.987360546287168983e-11 -6.817646625372556135e-11
6.067172226584515474e-10 8.871745995555427939e-10
-6.763661962364431088e-09 -1.067509723963898714e-08
6.844138600499445815e-08 1.179929402784282503e-07
-6.210784190769106271e-07 -1.188953905154239558e-06
4.971151493095953644e-06 1.081907557107695453e-05
-3.422359570066672640e-05 -8.791088013546105714e-05
1.941257293231539959e-04 6.297325840798140631e-04
-8.183656346304774443e-04 -3.917170412266698411e-03
1.570111439500917767e-03 2.069936650143528595e-02
1.143490894202431676e-02 -8.928236165640301980e-02
-1.605797819031849760e-01 2.873734123985263733e-01
7.298034368708103958e-01 0.000000000000000000e+00
-1.605797819031926921e-01 -2.873734123984492683e-01
1.143490894205176356e-02 8.928236165639055755e-02
1.570111439492502406e-03 -2.069936650143931745e-02
-8.183656346343355778e-04 3.917170412265057362e-03
1.941257293256823553e-04 -6.297325840804146027e-04
-3.422359570372671763e-05 8.791088013649012763e-05
4.971151492526001267e-06 -1.081907557097523773e-05
-6.210784210789708302e-07 1.188953900739735077e-06
6.844138499628874253e-08 -1.179929405671422891e-07
-6.763662802432725207e-09 1.067509986756439535e-08
6.067174436605885603e-10 -8.871755043489002545e-10
-4.987404203505862708e-11 6.817362805405622338e-11
3.786252569971793441e-12 -4.870234075703765375e-12
-2.662517502277851156e-13 3.249726686216919917e-13
1.747448777085887871e-14 -2.055922152483012368e-14
1.416024708704211824e-16 1.755277392770722738e-15
-8.052232280797329994e-16 -8.630020438288695718e-16
7.042704374262289069e-16 -8.549860494592256302e-16
2.365963537251280815e-18 1.149014812512509983e-15
-2.810770998141864795e-16 1.859909591144796876e-16
-3.578877492161023556e-17 -1.903979989283711270e-17
-8.987400223332359949e-17 2.827154787585154206e-16
4.000847353345091899e-16 -5.016727729031033065e-16
-5.707242716015946427e-17 -3.114727557574129235e-16
-4.435384122861702536e-15 4.628479578717047013e-15
7.591092794961875958e-14 -7.603440750428014209e-14
-1.169115597485405325e-12 1.117340490249159849e-12
1.676530799407992635e-11 -1.536579603717608887e-11
-2.235780206488292920e-10 1.957219649939763293e-10
2.756253738197349262e-09 -2.295372940515684630e-09
-3.120285346959891170e-08 2.459870897565991665e-08
3.218260066929579003e-07 -2.387071972154049730e-07
-2.995508672801846348e-06 2.074246074686609600e-06
2.487047915154350252e-05 -1.591433489663877189e-05
-1.815201964734145066e-04 1.058558601688980864e-04
1.142961624623977605e-03 -5.955085425475864112e-04
-6.055018241145493016e-03 2.734356263435619525e-03
2.605916643034298860e-02 -9.690485779601633667e-03
-8.648348945969432100e-02 2.393829084556832465e-02
2.033773649676365314e-01 -3.198450939425739881e-02
-2.903464160908720837e-01 3.541814183902021479e-15
2.033773649676088313e-01 3.198450939422727707e-02
-8.648348945968550860e-02 -2.393829084554203318e-02
2.605916643034477190e-02 9.690485779593194238e-03
-6.055018241146464461e-03 -2.734356263434439913e-03
1.142961624622877573e-03 5.955085425475246117e-04
-1.815201964736298833e-04 -1.058558601679831552e-04
2.487047915129513551e-05 1.591433489604618764e-05
-2.995508672785471507e-06 -2.074246075733833702e-06
3.218260066893904092e-07 2.387071965825565884e-07
-3.120285410156733491e-08 -2.459870933531590625e-08
2.756253303827954151e-09 2.295372071237731468e-09
-2.235777015536384748e-10 -1.957213968050669229e-10
1.676512072589274192e-11 1.536565045795295296e-11
-1.169073503847628990e-12 -1.117247817922400610e-12
7.622956580816595032e-14 7.581369470293708837e-14
-4.691850891420416382e-15 -4.707945711964353875e-15
4.672771043546984067e-17 2.220823672060617683e-16
-4.156804313803512312e-16 3.588250167439836290e-16
-3.952265445755316428e-16 -2.096005031344057632e-16
3.702752775629930933e-16 2.539516010463462610e-16
-1.272986593418630842e-17 8.880446544615691816e-17
3.614317206108641291e-16 1.253565260589421181e-16
8.523742175174540297e-17 3.016617734492898035e-16
-9.503367342330331133e-16 -2.157963346690646365e-16
1.549043085319461391e-14 1.300746669508340047e-14
-2.408113214846068658e-13 -2.073732266309477301e-13
3.408990583841274262e-12 3.044734114012407706e-12
-4.501430959907380454e-11 -4.157118643272434247e-11
5.494372635512671213e-10 5.255479257702842039e-10
-6.157672195930434521e-09 -6.112258230047667440e-09
6.286349014587899453e-08 6.489458532456222327e-08
-5.790565090626364857e-07 -6.231449817826439607e-07
4.756907492561678352e-06 5.350242141904496841e-06
-3.434760992294626350e-05 -4.048483247009458154e-05
2.139800211557815344e-04 2.649858572220226659e-04
-1.122498487693542870e-03 -1.462844831668477612e-03
4.797318741626158990e-03 6.568181945984196551e-03
-1.595992099636758463e-02 -2.264622620952006296e-02
3.894183275641503045e-02 5.400450131959419475e-02
-6.601146606274757578e-02 -6.962795909127530991e-02
7.726889909388409694e-02 -4.283530762661310883e-15
-6.601146606272882689e-02 6.962795909126612282e-02
3.894183275639198638e-02 -5.400450131959218941e-02
-1.595992099635709649e-02 2.264622620952458365e-02
4.797318741624302836e-03 -6.568181945983552102e-03
-1.122498487693926678e-03 1.462844831667953725e-03
2.139800211580198156e-04 -2.649858572216305099e-04
-3.434760992203898957e-05 4.048483247110042300e-05
4.756907492569869161e-06 -5.350242140712199712e-06
-5.790565082805759418e-07 6.231449809143009350e-07
6.286349121994419434e-08 -6.489458652851177285e-08
-6.157672533964759183e-09 6.112259405015064904e-09
5.494382181227400161e-10 -5.255468634736317432e-10
-4.501445344393799262e-11 4.157036083113572434e-11
3.409064440080979361e-12 -3.044506301024219845e-12
-2.404842933071371289e-13 2.076212396499647779e-13
1.543226709070928134e-14 -1.360782507618785036e-14
-4.362018368297349470e-17 1.261837160516320633e-15
-2.590427429573648526e-16 1.612609243311508832e-16
-1.172969862914473006e-17 -7.242231045125829580e-16
-2.233799600044991206e-16 1.951496927996132737e-16
4.018637564166250989e-17 2.945794658021508143e-17
-1.061795484386721627e-16 -1.830248603642854289e-17
4.450777523385680583e-17 1.704384309284525800e-16
-1.617655780586100097e-15 2.868922010978081931e-15
3.017774328173201016e-14 -4.136835545610511681e-14
-4.582664184629146877e-13 6.141831595921761289e-13
6.435224900198782365e-12 -8.414051988834844957e-12
-8.381235595433648529e-11 1.069129254499948846e-10
1.006141385727408019e-09 -1.251613161546016072e-09
-1.105147713783314750e-08 1.340335009717465054e-08
1.100960841171649678e-07 -1.301794532765878549e-07
-9.841013614230139628e-07 1.134925495542728713e-06
7.787130981789737092e-06 -8.769246038569372337e-06
-5.361087944237843489e-05 5.909750226116286331e-05
3.137486093405251726e-04 -3.402284048487791033e-04
-1.510538512890811057e-03 1.627176786627373408e-03
5.691208963598405612e-03 -6.214145873602511423e-03
-1.539089776974031550e-02 1.783696171637156810e-02
2.465703969397333231e-02 -3.461379107316715775e-02
-8.914670736375612803e-03 3.540037274708269371e-02
-2.445932794123023904e-02 2.986374558964073398e-15
-8.914670736378431729e-03 -3.540037274707737158e-02
2.465703969397717299e-02 3.461379107315274567e-02
-1.539089776974406423e-02 -1.783696171636480962e-02
5.691208963599819412e-03 6.214145873600614503e-03
-1.510538512890477773e-03 -1.627176786627664625e-03
3.137486093403826001e-04 3.402284048488591174e-04
-5.361087944269683796e-05 -5.909750226076187791e-05
7.787130981533226716e-06 8.769246039327463436e-06
-9.841013616709182718e-07 -1.134925495665798365e-06
1.100960847952112951e-07 1.301794532667746341e-07
-1.105147720854543490e-08 -1.340334957316005368e-08
1.006141012819352012e-09 1.251612447189005295e-09
-8.381252345996405002e-11 -1.069132458132647090e-10
6.434759714982859120e-12 8.414256360303369432e-12
-4.584281323907080435e-13 -6.139346108340995722e-13
3.057768717006287439e-14 4.140010857725350976e-14
-1.854273615425546079e-15 -2.758877585687546726e-15
4.580079483366866785e-16 1.149976209325680707e-16
4.360279637022036366e-16 2.372059521837668595e-17
8.669825451424543996e-17 -9.318154687497703435e-18
1.651237560704335132e-16 -1.718275020512572674e-17
-4.553577502294944074e-16 1.992733390046574615e-16
-5.074843191242503317e-16 -7.106852129336624691e-16
6.288710625164795676e-15 3.709383790764151855e-15
-9.702248429249562023e-14 -6.099744426639211609e-14
1.378435001295028467e-12 8.817022644412115104e-13
-1.817013782152906121e-11 -1.182807633038751429e-11
2.215213981702172721e-10 1.466307486975436592e-10
-2.480649848465533708e-09 -1.668143528885859679e-09
2.531794053664814243e-08 1.727323576920273332e-08
-2.333235397678351291e-07 -1.611769750019781428e-07
1.919652021867758083e-06 1.338544513437581012e-06
-1.390196755926000672e-05 -9.738627038360940494e-06
8.702844628555599007e-05 6.079157782623502182e-05
-4.598092260061466198e-04 -3.163506656122702892e-04
1.983416613597314016e-03 1.315299898357340149e-03
-6.649913019054258523e-03 -4.075915347651807782e-03
1.598286980364811011e-02 8.215912686077657054e-03
-2.341283756639339630e-02 -7.199480152178967633e-03
1.183303374401071389e-02 -3.697841210755257752e-03
1.048262996076973139e-02 4.218124102237216971e-16
1.183303374401060461e-02 3.697841210754444167e-03
-2.341283756638637414e-02 7.199480152181507268e-03
1.598286980364296145e-02 -8.215912686082611424e-03
-6.649913019052421451e-03 4.075915347652170340e-03
1.983416613597087635e-03 -1.315299898358033605e-03
-4.598092260065232174e-04 3.163506656120119781e-04
8.702844628571031269e-05 -6.079157782634775852e-05
-1.390196755936873695e-05 9.738627037808839337e-06
1.919652021440160605e-06 -1.338544512761007516e-06
-2.333235402246009017e-07 1.611769753246834020e-07
2.531794081050416455e-08 -1.727323648099301361e-08
-2.480650248824011165e-09 1.668142545641659568e-09
2.215222159707358372e-10 -1.466299748001030230e-10
-1.816983045947424016e-11 1.182838305044195666e-11
1.378290931741841985e-12 -8.818003780574509439e-13
-9.697571668481050080e-14 6.147546849399712083e-14
5.935227366740977845e-15 -4.124296611986077435e-15
3.827054007267590635e-16 3.056757148319757349e-16
1.447356728699229861e-16 6.031220063726068922e-16
1.455305275219824708e-16 -4.395657033432345939e-17
-5.262749161990395647e-18 -1.395273309254019637e-16
1.060269508699713874e-16 -6.692805888851809732e-17
-4.322106855324240677e-16 6.185862460991814750e-16
7.043453058078409716e-15 -1.390445480445726969e-14
-1.085744977313224286e-13 2.012731600668064427e-13
1.502774882463021047e-12 -2.757672465974331955e-12
-1.927499865815975566e-11 3.503409140768034999e-11
2.275406836464728330e-10 -4.103107885725556198e-10
-2.453018930808576352e-09 4.398330443994227233e-09
2.392827939774334275e-08 -4.279306072931117406e-08
-2.088161064455584903e-07 3.740838545645398125e-07
1.607127587745124137e-06 -2.901769361767171751e-06
-1.070769281401560020e-05 1.966251440951714523e-05
6.022059089426981651e-05 -1.140379555998902801e-04
-2.756923597455131257e-04 5.507348524691284795e-04
9.702806051799457753e-04 -2.129457588764087361e-03
-2.363606183559691619e-03 6.204161188033298704e-03
3.048572012828334142e-03 -1.224280775689068693e-02
3.676469040978471076e-04 1.288463739764098524e-02
-3.480766583967256217e-03 -2.315835072271192098e-03
-4.474476232772771345e-03 -2.856982831397425299e-16
-3.480766583968444069e-03 2.315835072271990504e-03
3.676469040944372376e-04 -1.288463739763750365e-02
3.048572012831823538e-03 1.224280775688768065e-02
-2.363606183561222946e-03 -6.204161188031362753e-03
9.702806051796063116e-04 2.129457588764219634e-03
-2.756923597454565304e-04 -5.507348524690683063e-04
6.022059089456097901e-05 1.140379555996129277e-04
-1.070769281348310785e-05 -1.966251440987919422e-05
1.607127587866015221e-06 2.901769361949084782e-06
-2.088161069896261224e-07 -3.740838545512078845e-07
2.392827954312503379e-08 4.279306097167177819e-08
-2.453018961187862992e-09 -4.398330039895023565e-09
2.275408262680360858e-10 4.103107964972417086e-10
-1.927464985468642648e-11 -3.503417507055321400e-11
1.503052564878105696e-12 2.757416247010371795e-12
-1.088502644675984134e-13 -2.008064449569780326e-13
6.986585498325676470e-15 1.362632785853485917e-14
-6.282225838413989120e-16 -8.508730821073072073e-16
-1.092968558566031599e-16 8.597661596963002041e-17
2.550421121798689177e-17 1.754898394860236832e-17
-1.715307199199692646e-16 1.064419839608548018e-16
4.327102659701960027e-16 5.959511244729929872e-17
1.939223060785709234e-15 1.216499278039985622e-15
-2.709606874214691055e-14 -1.213414554219028431e-14
3.851888034500545292e-13 1.755188903238202110e-13
-5.091188433062913676e-12 -2.329037189699372206e-12
6.220840125208994662e-11 2.849512807347162031e-11
-6.987424553487734522e-10 -3.194652058311893632e-10
7.159688753343911675e-09 3.254124741303390507e-09
-6.631978447386228385e-08 -2.980389586147798543e-08
5.492634164832499120e-07 2.422544618297593759e-07
-4.012095449983657663e-06 -1.718427473660459708e-06
2.540135916015400975e-05 1.040087789888769550e-05
-1.362354884636201506e-04 -5.202688605083308644e-05
5.997783118049831216e-04 2.047531136588623879e-04
-2.069904893472385935e-03 -5.807644249740939995e-04
5.200745913062086549e-03 9.614939208192193817e-04
-8.281741568667079154e-03 -1.472861503718394909e-04
5.812931462969891938e-03 -2.215702331303105992e-03
6.401108616697350710e-04 1.469300377424573138e-03
1.871742481750764521e-03 -1.261697199534983341e-15
6.401108616675643898e-04 -1.469300377424978196e-03
5.812931462969028046e-03 2.215702331301865665e-03
-8.281741568665804132e-03 1.472861503748660412e-04
5.200745913061266025e-03 -9.614939208207927759e-04
-2.069904893473019543e-03 5.807644249743577859e-04
5.997783118052911434e-04 -2.047531136590450488e-04
-1.362354884634549724e-04 5.202688605119872684e-05
2.540135916098500328e-05 -1.040087789845080099e-05
-4.012095448960945000e-06 1.718427473226071354e-06
5.492634168391095231e-07 -2.422544621793931360e-07
-6.631978446483986095e-08 2.980389634131627376e-08
7.159689031263616547e-09 -3.254124468028464006e-09
-6.987428460454931860e-10 3.194645519419272603e-10
6.220813274802089342e-11 -2.849544819430861397e-11
-5.091171640180157415e-12 2.329067774914577667e-12
3.855372818592777291e-13 -1.758977738554962293e-13
-2.697863257443722965e-14 1.256545164824589559e-14
1.256286473945266338e-15 -1.135467223630303173e-15
-7.582779139263079210e-17 -3.845996775284959600e-16
4.208989978620291412e-17 1.439799426082079124e-16
-8.573374125160159063e-19 -7.558969785992739423e-17
-1.823813780495211385e-16 2.415284622250423667e-16
1.208651906253305011e-15 -3.246452663111667798e-15
-1.842653821941037239e-14 4.977202371616860420e-14
2.583615436008598044e-13 -6.813740589741303971e-13
-3.279464086333914221e-12 8.694716865942554194e-12
3.822972321931334437e-11 -1.023334627179317207e-10
-4.063481582852274696e-10 1.103631200332669308e-09
3.899804015492168653e-09 -1.081804218793158859e-08
-3.338786866349241387e-08 9.544656552203613761e-08
2.510790869706377807e-07 -7.490056939016232166e-07
-1.624531907854612077e-06 5.150539281186992417e-06
8.782828099905122014e-06 -3.044682048670998938e-05
-3.791914617342031271e-05 1.508197887108992513e-04
1.204563205862943005e-04 -6.040525101696659488e-04
-2.292237895514563574e-04 1.854023598132485814e-03
2.139362440789096235e-05 -3.988418892071543022e-03
1.052073428839688744e-03 5.025610839372991918e-03
-1.827936018621439300e-03 -2.083256938372956071e-03
5.021224823853728315e-05 -7.661030513862359444e-04
-6.990384246421379923e-04 9.015716775460663890e-16
5.021224824015352366e-05 7.661030513866055490e-04
-1.827936018620088168e-03 2.083256938372753542e-03
1.052073428838134431e-03 -5.025610839372756863e-03
2.139362440934848922e-05 3.988418892070416319e-03
-2.292237895518975464e-04 -1.854023598132533953e-03
1.204563205861844166e-04 6.040525101689216440e-04
-3.791914617393290316e-05 -1.508197887109139152e-04
8.782828099915388054e-06 3.044682048606050484e-05
-1.624531908215122217e-06 -5.150539281310106962e-06
2.510790877639100762e-07 7.490056944702702095e-07
-3.338786884080348170e-08 -9.544656583468352909e-08
3.899803987938953675e-09 1.081804163325408471e-08
-4.063479052465707760e-10 -1.103631724331713313e-09
3.822945328501652584e-11 1.023329988252033754e-10
-3.279408800111558889e-12 -8.694561694222811702e-12
2.586917151313804866e-13 6.810155477514725944e-13
-1.876280845747409535e-14 -4.930769766875073437e-14
1.639193578258264210e-15 3.525976141021748087e-15
1.549233254339992510e-16 3.021465591002007521e-17
4.118673273238095074e-17 -2.390991055493256515e-16
9.184266502138092145e-17 -1.655270261141578306e-17
3.405140029521363594e-17 6.585041632702911109e-17
-6.342494179806317568e-15 -2.188975252531990667e-15
8.587403567046689698e-14 2.632102463176589535e-14
-1.141100046032485831e-12 -3.499428100599129460e-13
1.403614084287671405e-11 4.230682228700456261e-12
-1.588745658095543582e-10 -4.675509899331807701e-11
1.643040295763241325e-09 4.682186425502788953e-10
-1.539074959671810291e-08 -4.200325255330716495e-09
1.292259060224470862e-07 3.325779252773436087e-08
-9.601302847947535244e-07 -2.278169991957378832e-07
6.210968929024033463e-06 1.311611109705957522e-06
-3.425262195468069970e-05 -6.058016472468208360e-06
1.565285792828961093e-04 2.048899848515983274e-05
-5.692524667699561461e-04 -3.839846371366021055e-05
1.548389761345568029e-03 -3.802546853754169376e-05
-2.828931431957062374e-03 4.834048503709853744e-04
2.746283055378063651e-03 -1.262442887583409886e-03
-4.909190039925734501e-04 1.029324978340552532e-03
-2.548112517075550509e-04 2.742081296835013112e-04
1.727246058367363233e-04 -9.025383868759812082e-16
-2.548112517078641027e-04 -2.742081296831623896e-04
-4.909190039929832786e-04 -1.029324978341206523e-03
2.746283055378005537e-03 1.262442887582030130e-03
-2.828931431957004694e-03 -4.834048503697438003e-04
1.548389761345162104e-03 3.802546853777331322e-05
-5.692524667705214491e-04 3.839846371356952381e-05
1.565285792828089936e-04 -2.048899848516419665e-05
-3.425262195540233111e-05 6.058016472205662875e-06
6.210968928738003989e-06 -1.311611109363116913e-06
-9.601302850973314809e-07 2.278169991463095403e-07
1.292259062634455621e-07 -3.325779321299424577e-08
-1.539074977593976274e-08 4.200325127935272125e-09
1.643040430510189903e-09 -4.682177650718988834e-10
-1.588743584776842264e-10 4.675568085856392512e-11
1.403596677622355499e-11 -4.230948985023408404e-12
-1.141262564966999121e-12 3.501988885786340536e-13
8.572383978234138914e-14 -2.680112473077452678e-14
-5.610727334195475519e-15 2.296209729195978709e-15
3.784556715401830568e-16 9.243084092026996053e-17
8.287386723247451082e-17 -1.484453752122680687e-16
-4.803102521669045924e-17 -6.671451541636448744e-17
2.386611485941822288e-16 -6.520586581253476255e-16
-2.458609391426748467e-15 9.840668626552300838e-15
3.409636862257601755e-14 -1.400598921853423322e-13
-4.283873764966106571e-13 1.797891373868948967e-12
4.912578228395349667e-12 -2.135814507202307130e-11
-5.112522849429841588e-11 2.328517321637606881e-10
4.776380015888695105e-10 -2.311973465572701245e-09
-3.945591390712358853e-09 2.071444240177804273e-08
2.821384814563571315e-08 -1.656150623415901277e-07
-1.690477493252439580e-07 1.165351288485672178e-06
8.005236480972200287e-07 -7.091218464603743095e-06
-2.599468470241306589e-06 3.646720316744651825e-05
2.476767937045127159e-06 -1.535867183372668834e-04
3.028392759315260601e-05 5.062015679534356523e-04
-2.081257014325860633e-04 -1.215338620899781945e-03
6.642884516239023042e-04 1.866779289975195382e-03
-1.037675548690102090e-03 -1.340278271563109759e-03
4.359591303496920096e-04 -2.692195701813601534e-05
1.700082387695380523e-04 6.986984229866277584e-07
-3.902038071382063326e-06 -2.850283154045535364e-16
1.700082387688177897e-04 -6.986984230296051514e-07
4.359591303493370418e-04 2.692195701794134006e-05
-1.037675548689398009e-03 1.340278271562648539e-03
6.642884516230663844e-04 -1.866779289974858629e-03
-2.081257014315670217e-04 1.215338620899579416e-03
3.028392759310877375e-05 -5.062015679535708523e-04
2.476767937709600366e-06 1.535867183374436625e-04
-2.599468470210751993e-06 -3.646720316747982358e-05
8.005236480893037647e-07 7.091218464661451450e-06
-1.690477496730833053e-07 -1.165351288756872222e-06
2.821384825170179754e-08 1.656150623670135834e-07
-3.945590837397618489e-09 -2.071444223397804648e-08
4.776376599593455570e-10 2.311973942531878264e-09
-5.112469887713660692e-11 -2.328520060031008000e-10
4.912648958856659042e-12 2.135818074899015404e-11
-4.289633983735089309e-13 -1.797861893027269577e-12
3.414797959109067677e-14 1.395606456582016759e-13
-2.675768371057272790e-15 -1.008158388333221958e-14
-3.582564748702012421e-16 6.956297072115166027e-16
-1.928346691302272262e-16 -7.910886832627893163e-17
3.043002656057052373e-17 2.521319484933882915e-16
-9.029571559602112591e-16 -2.210592276191019018e-16
1.661842724555521395e-14 3.395311707824829682e-15
-2.192181784343908253e-13 -3.943033107154893244e-14
2.721783485948994482e-12 4.695613546231183428e-13
-3.117359254833193386e-11 -5.028975768413871872e-12
3.268431041853452880e-10 4.830291791933005247e-11
-3.111707489276971339e-09 -4.088397715661775324e-10
2.663884720442337358e-08 2.967951177831563557e-09
-2.026334606266404931e-07 -1.760902707874980890e-08
1.349387909922007883e-06 7.622636409990354647e-08
-7.718726540781168963e-06 -1.404526290088635096e-07
3.698547189748630301e-05 -1.147938842732550650e-06
-1.433866781160360467e-04 1.380594701910545456e-05
4.273311980667606163e-04 -7.986514813929760401e-05
-9.011924901354625853e-04 2.912231365994059538e-04
1.147986167429664028e-03 -6.472501744472599532e-04
-5.675243940534849610e-04 7.067424840133036158e-04
-1.140523259933833684e-04 -1.233720834025787722e-04
-5.217908386115785528e-05 -5.492197028686526990e-05
-2.069185202650835982e-05 6.158738519074089535e-16
-5.217908386041745361e-05 5.492197028649515716e-05
-1.140523259929704635e-04 1.233720834025161053e-04
-5.675243940540388799e-04 -7.067424840131593085e-04
1.147986167430216755e-03 6.472501744461412734e-04
-9.011924901357940259e-04 -2.912231365993461058e-04
4.273311980671160178e-04 7.986514813942567539e-05
-1.433866781159502863e-04 -1.380594701884529686e-05
3.698547189767847107e-05 1.147938842672213317e-06
-7.718726540500384317e-06 1.404526286609993866e-07
1.349387910140848798e-06 -7.622636378381848501e-08
-2.026334610672180896e-07 1.760902764773207798e-08
2.663884720211216147e-08 -2.967951052281130654e-09
-3.111707812204210683e-09 4.088392545280150820e-10
3.268430239971371990e-10 -4.830361729218512208e-11
-3.117347392053137837e-11 5.028851953027022860e-12
2.721791212016018714e-12 -4.693790783264774867e-13
-2.189711393158212365e-13 4.007642966228115890e-14
1.597839513901402835e-14 -3.321548284866327143e-15
-1.090475257886814383e-15 3.743584923217431678e-17
-3.969465480002536055e-17 1.705400663296636921e-17
-1.282411192067225434e-16 -1.387711509019405413e-16
-2.073887659081723740e-16 1.522408727564099340e-15
3.363417846006337754e-15 -2.486661179529849319e-14
-3.923529732726284638e-14 3.258253806165871987e-13
4.273378511839586413e-13 -3.917350598226870510e-12
-4.124317410380817454e-12 4.334414369994361605e-11
3.440355230837403166e-11 -4.377936076228413224e-10
-2.352567106951684784e-10 4.002139828192900147e-09
1.144913963996065482e-09 -3.277171322148099887e-08
-1.407707253842669649e-09 2.373450248561131072e-07
-4.461578851172204366e-08 -1.496354765278118082e-06
6.007650313915254419e-07 8.045922578777628623e-06
-4.752162217673087591e-06 -3.590375612590249584e-05
2.678601755202160781e-05 1.279676491834358116e-04
-1.093816359344038932e-04 -3.439423368972493230e-04
3.088337332468698540e-04 6.331504537128952378e-04
-5.355461733389318838e-04 -6.559372599195845447e-04
4.201538579301911233e-04 1.916445308100466979e-04
1.994681415203526072e-08 7.850314049064838835e-05
1.093460474551595662e-06 3.414933499594019570e-05
1.167949208342785150e-05 4.500889675452466791e-17
1.093460474602624738e-06 -3.414933499578783819e-05
1.994681445790379458e-08 -7.850314049033609747e-05
4.201538579298035210e-04 -1.916445308096101168e-04
-5.355461733385856980e-04 6.559372599200288508e-04
3.088337332467602412e-04 -6.331504537132373036e-04
-1.093816359342949580e-04 3.439423368974570561e-04
2.678601755195056207e-05 -1.279676491832633151e-04
-4.752162217828165771e-06 3.590375612614072893e-05
6.007650312029993072e-07 -8.045922579151879966e-06
-4.461578808415843337e-08 1.496354765444433849e-06
-1.407707236331180394e-09 -2.373450252890015769e-07
1.144913881204050764e-09 3.277171307298142587e-08
-2.352568784608669268e-10 -4.002139722225517433e-09
3.440338336119127737e-11 4.377934104496767700e-10
-4.124013390091071224e-12 -4.334430414500222702e-11
4.276921799667000274e-13 3.917606787000745275e-12
-3.966703516978436196e-14 -3.255545825684126844e-13
3.419324387453478223e-15 2.475130498839775288e-14
-8.150419579467567496e-17 -1.729572394152367165e-15
2.584255022722445777e-16 1.680778061986669595e-16
-2.317599024613466153e-16 -1.403833130325852362e-16
2.690073863090553542e-15 5.935940169563969256e-17
-3.775901256375707562e-14 -2.603882173392420222e-15
4.708733951835754228e-13 2.853930537037646447e-14
-5.476910679777142037e-12 -2.572009929923684675e-13
5.841695226219962185e-11 1.772647181826158270e-12
-5.673773448341673690e-10 -6.099171529155748352e-12
4.972677956156040251e-09 -6.209948928404001212e-11
-3.889866374197970406e-08 1.567686557015100945e-09
2.679450432193854826e-07 -1.982546013712785945e-08
-1.597865492812002582e-06 1.844552699007884004e-07
8.069315402985093117e-06 -1.351737862735789178e-06
-3.349763895061371957e-05 7.868664734814176452e-06
1.095744074330214757e-04 -3.571825099936401971e-05
-2.646914729428377828e-04 1.212110883628873353e-04
4.217974427191628845e-04 -2.847224471761305997e-04
-3.448709932855825245e-04 3.980338407933217953e-04
3.490369388167442310e-05 -2.209245964386540278e-04
3.377280684734377381e-05 -2.965814777903072152e-05
1.097549247744476251e-05 -1.187518387268623070e-05
-2.125123393471511306e-06 -3.977809439615158986e-16
1.097549247737007962e-05 1.187518387227410682e-05
3.377280684780039233e-05 2.965814777943590820e-05
3.490369388137624040e-05 2.209245964389275449e-04
-3.448709932853258396e-04 -3.980338407930874992e-04
4.217974427193452473e-04 2.847224471763249972e-04
-2.646914729426704362e-04 -1.212110883630999067e-04
1.095744074332136370e-04 3.571825099925765270e-05
-3.349763895065857843e-05 -7.868664735318491398e-06
8.069315402470364748e-06 1.351737862746841476e-06
-1.597865492891403451e-06 -1.844552699294093790e-07
2.679450433773510921e-07 1.982545995039242181e-08
-3.889866351415326547e-08 -1.567686603564327818e-09
4.972678143852856150e-09 6.210002851141350053e-11
-5.673775181000116015e-10 6.099298435972760015e-12
5.841710530515649832e-11 -1.772614091315529502e-12
-5.476872064634866168e-12 2.573856144519369953e-13
4.711070998287313464e-13 -2.886450052607088445e-14
-3.718470506319816282e-14 2.805134636148047657e-15
2.711974451058348566e-15 2.493377594045364649e-16
1.377391600214865241e-16 -1.782961691419155716e-16
1.059583327951918908e-16 3.378551718931656553e-16
2.424497641643125266e-16 -3.903371690917149264e-15
-9.663129665554199004e-16 5.308304699323670415e-14
1.433666902680873626e-15 -6.498917290153073155e-13
1.018920942128120511e-13 7.317110975638576028e-12
-2.509883991653398341e-12 -7.542800583905911695e-11
3.952344909136158511e-11 7.059736536240227291e-10
-4.921204532627272699e-10 -5.942474451598823726e-09
5.107244015679344032e-09 4.446720004741503956e-08
-4.480242555312561668e-08 -2.915991085844640998e-07
3.315166953955960131e-07 1.645599642472580159e-06
-2.043561555934832352e-06 -7.804514107992685363e-06
1.026322945931277674e-05 3.011624041359804054e-05
-4.056135528060336498e-05 -9.024008077631197995e-05
1.194748296276963907e-04 1.950707385854787883e-04
-2.393810693119217525e-04 -2.659949346927145859e-04
2.722848239312872080e-04 1.631241142490404367e-04
-1.015329202039130444e-04 1.569649290333239073e-05
-2.496893087845689329e-05 -7.454638002267536368e-06
-8.218616385029185373e-06 -6.311289907924023957e-07
-1.538356159375309773e-06 3.643337572032487794e-16
-8.218616384260262416e-06 6.311289899539651388e-07
-2.496893087748969686e-05 7.454638001786706257e-06
-1.015329202041486686e-04 -1.569649290314632469e-05
2.722848239312936590e-04 -1.631241142493144417e-04
-2.393810693117705876e-04 2.659949346925893606e-04
1.194748296275561762e-04 -1.950707385854961084e-04
-4.056135528087459171e-05 9.024008077607416020e-05
1.026322945946107188e-05 -3.011624041352891926e-05
-2.043561556404525673e-06 7.804514107970166145e-06
3.315166953541943132e-07 -1.645599642395565594e-06
-4.480242519981936656e-08 2.915991086992779335e-07
5.107244148057253746e-09 -4.446720006709234946e-08
-4.921204246074113788e-10 5.942474461426330763e-09
3.952378014828145061e-11 -7.059733515553222969e-10
-2.510029743701365589e-12 7.542810436427252745e-11
1.017368084756053988e-13 -7.317469869243053409e-12
1.901918661281215220e-15 6.497865848844890829e-13
-8.507024675836374471e-16 -5.301766578766761903e-14
6.320108631942357886e-17 3.754843763167381655e-15
-1.790177985629714331e-16 -3.564550926787812963e-16
2.651340759724483494e-16 1.149968092497885731e-16
-5.629739583670038025e-15 1.749856460829733264e-16
7.474276797207581237e-14 -2.759541245840693447e-15
-8.813234870325906681e-13 4.880311007928919798e-14
9.588521750188329620e-12 -7.129305552164240825e-13
-9.525819533216198853e-11 9.202674126368876843e-12
8.570748304027025701e-10 -1.050940370304385339e-10
-6.914229870526366516e-09 1.059949399208383666e-09
4.940479848633500438e-08 -9.383635787900995834e-09
-3.079600151210785035e-07 7.217694725954250670e-08
1.642470028602845907e-06 -4.753378298109919397e-07
-7.305789520992336044e-06 2.626551224612362116e-06
2.616210822434028444e-05 -1.183923526813534624e-05
-7.160966765380969161e-05 4.180849998837662555e-05
1.377110760557792384e-04 -1.087536521724294034e-04
-1.579853935614709555e-04 1.877520353323510458e-04
6.566671988598197986e-05 -1.734497769068311305e-04
2.275253920867773667e-05 3.872138132449329376e-05
2.742331109795384761e-06 1.386357390422967374e-05
2.181089700211498279e-06 3.570735875152031590e-06
1.253907500579808737e-06 1.416144219353778818e-17
2.181089699652690314e-06 -3.570735874722183122e-06
2.742331109676577803e-06 -1.386357390427348906e-05
2.275253920891882935e-05 -3.872138132436471415e-05
6.566671988544456795e-05 1.734497769065070896e-04
-1.579853935617523330e-04 -1.877520353320611031e-04
1.377110760559093156e-04 1.087536521725889979e-04
-7.160966765399666228e-05 -4.180849998817313436e-05
2.616210822384334037e-05 1.183923526828147128e-05
-7.305789521018042646e-06 -2.626551224453644235e-06
1.642470028664890012e-06 4.753378297264977033e-07
-3.079600151996390095e-07 -7.217694759397557235e-08
4.940479842344308598e-08 9.383635742848992547e-09
-6.914230071664523262e-09 -1.059949878770085339e-09
8.570749255399673087e-10 1.050939362607386831e-10
-9.525830816607418401e-11 -9.202822320117704858e-12
9.588727365702272393e-12 7.130599410329667090e-13
-8.811884290099558319e-13 -4.853204893507887388e-14
7.433259111349238759e-14 2.550123345886806566e-15
-5.694860765703711524e-15 -4.855187203235430986e-16
2.776508636851574851e-16 6.764552587829251727e-17
-1.778126024035374218e-16 -5.363418832453572088e-16
5.508196647858079013e-16 7.869638320174766735e-15
-9.199469558486425651e-15 -9.915285933260796173e-14
1.287614780780134944e-13 1.139647182715508666e-12
-1.617935262871154045e-12 -1.201697816719951932e-11
1.845899959168396008e-11 1.154420657762845003e-10
-1.896828248865679796e-10 -1.001384131251839529e-09
1.740646116163137272e-09 7.761086532542597462e-09
-1.411325237550601551e-08 -5.305468090705622134e-08
9.974590954878756373e-08 3.147756386293203032e-07
-6.038850478998252509e-07 -1.587670663921029797e-06
3.061032611594176489e-06 6.622569340940836847e-06
-1.259299997999573593e-05 -2.198125643694032503e-05
4.022172568740988975e-05 5.478700330213016466e-05
-9.316740937656554889e-05 -9.299297967661800720e-05
1.390978824409910201e-04 8.742293248803496679e-05
-1.033730542219627363e-04 -1.863430389878143956e-05
1.004015666587684581e-05 -1.642935018839274708e-05
5.580538869996339916e-06 -4.454846122898476983e-06
8.281294055745355695e-07 -1.785195815394847410e-06
-2.946157834791085458e-07 7.004996487565637246e-17
8.281294058156349217e-07 1.785195815185427831e-06
5.580538869457342358e-06 4.454846122685041621e-06
1.004015666604176652e-05 1.642935018849504494e-05
-1.033730542223413939e-04 1.863430389929273575e-05
1.390978824409145839e-04 -8.742293248809314779e-05
-9.316740937672556358e-05 9.299297967655314480e-05
4.022172568724310558e-05 -5.478700330190560606e-05
-1.259299998006104555e-05 2.198125643705047997e-05
3.061032612086864638e-06 -6.622569340799472977e-06
-6.038850478800163266e-07 1.587670663980055711e-06
9.974590948729306440e-08 -3.147756385176493324e-07
-1.411325219565010502e-08 5.305468082403589505e-08
1.740646101559271622e-09 -7.761086427933502390e-09
-1.896829228979591534e-10 1.001384023564933817e-09
1.845932471172703773e-11 -1.154422405336203959e-10
-1.617584427464705390e-12 1.201702489579070811e-11
1.284271674106794731e-13 -1.139579496051615704e-12
-9.384658655464957751e-15 9.919964140698209208e-14
8.669256156279318691e-16 -7.846142902733550949e-15
6.236782946079874266e-17 6.098678333932079584e-16
-8.198213672975090968e-16 5.237285926559323005e-17
1.090068808830502228e-14 -1.442926799063170033e-15
-1.319458961102826687e-13 1.951650913895557246e-14
1.466847180382439346e-12 -2.502385919810633529e-13
-1.493209223124419794e-11 2.915269565564785460e-12
1.381575383142457126e-10 -3.092504031277612105e-11
-1.151301807941167042e-09 2.961996081683935020e-10
8.545702264337666586e-09 -2.536637244994558466e-09
-5.573662635823263804e-08 1.919433625969534277e-08
3.140061967663297746e-07 -1.264473436994784256e-07
-1.494581519579696469e-06 7.117079099145871040e-07
5.833539436961795366e-06 -3.339276012296546831e-06
-1.789637063381354292e-05 1.262975786527661525e-05
4.042242528967369020e-05 -3.669410884738791517e-05
-5.986494941671682932e-05 7.597312835559623823e-05
4.407189376942442912e-05 -9.807447444127451240e-05
8.004826192491066223e-07 5.760991207573093047e-05
-8.882796676555533452e-06 6.911825005542345044e-07
-3.198338220717647910e-06 -1.282190447596203147e-06
-9.072540313390314873e-07 1.098396399544457746e-07
-1.097718724894089375e-07 -1.479306105942563976e-16
-9.072540315340925872e-07 -1.098396402208517052e-07
-3.198338220535058099e-06 1.282190447142867091e-06
-8.882796676898586878e-06 -6.911825004398998796e-07
8.004826196893385500e-07 -5.760991207550866902e-05
4.407189376916559618e-05 9.807447444109950862e-05
-5.986494941678953863e-05 -7.597312835550638498e-05
4.042242528943400698e-05 3.669410884717729535e-05
-1.789637063393412992e-05 -1.262975786540317722e-05
5.833539437024888309e-06 3.339276012497976771e-06
-1.494581519691080667e-06 -7.117079097809726328e-07
3.140061968118980296e-07 1.264473436075869446e-07
-5.573662639533388551e-08 -1.919433631278118390e-08
8.545702367005598717e-09 2.536637421319002895e-09
-1.151301918992779409e-09 -2.961994734528395820e-10
1.381576909869451085e-10 3.092511111289338246e-11
-1.493193794459284263e-11 -2.915035659807315047e-12
1.466892203097404542e-12 2.501072386351514578e-13
-1.319915884832707993e-13 -1.951273339156581517e-14
1.093654912772056743e-14 1.392901399600968672e-15
-7.266478900421966329e-16 -2.685910141327331807e-16
2.344824798785947634e-16 1.056124456494325288e-15
-2.502540271233583001e-15 -1.410267121166616557e-14
3.397978074890179279e-14 1.654997796130673518e-13
-4.097665102762779859e-13 -1.788254199800654703e-12
4.535363243298626995e-12 1.766407931711860577e-11
-4.569728261164134859e-11 -1.581706960135723240e-10
4.152955877727363813e-10 1.271611566237207589e-09
-3.369185039805774534e-09 -9.072195723724798560e-09
2.409381336885557192e-08 5.661779838888068061e-08
-1.495151869287804797e-07 -3.035123712561968351e-07
7.892134821572883959e-07 1.364805198695313095e-06
-3.451836644849211172e-06 -4.984095945783694646e-06
1.206900938186961911e-05 1.410504979040650131e-05
-3.202245167130295166e-05 -2.870801571328339009e-05
5.937422557884967830e-05 3.647532278444845402e-05
-6.609464731813670922e-05 -1.919339334871250963e-05
2.982754048865397952e-05 -6.646265153987553506e-06
3.285868330366460604e-06 3.654684911542661326e-06
3.254925386622757716e-07 1.636600507236043270e-06
2.890841912867477587e-07 3.304646313055672148e-07
1.190743182594293174e-07 -1.595355222472447924e-16
2.890841914446404705e-07 -3.304646314488906422e-07
3.254925390664695179e-07 -1.636600507552294033e-06
3.285868330059479347e-06 -3.654684912043081191e-06
2.982754048843399490e-05 6.646265153750516417e-06
-6.609464731816916752e-05 1.919339334889754906e-05
5.937422557859170594e-05 -3.647532278403411938e-05
-3.202245167163643192e-05 2.870801571340058557e-05
1.206900938188741527e-05 -1.410504979014270646e-05
-3.451836644684976566e-06 4.984095945687431892e-06
7.892134815782753079e-07 -1.364805199009371313e-06
-1.495151870615628203e-07 3.035123714507322452e-07
2.409381322606908064e-08 -5.661779831430386329e-08
-3.369184944102178314e-09 9.072195549325859784e-09
4.152954664340564185e-10 -1.271611536451192669e-09
-4.569764113105724551e-11 1.581709324614394250e-10
4.535499618453084764e-12 -1.766413544253564625e-11
-4.093355668578514778e-13 1.788332268883301096e-12
3.389279120407803582e-14 -1.654548411136574610e-13
-2.796930064439798573e-15 1.413569026532657964e-14
2.012778619810246108e-16 -1.137671608815680472e-15
1.595836062839480209e-15 -3.174522413349190542e-16
-1.862814311096089888e-14 4.456049953738625916e-15
2.113795156380810325e-13 -5.515219943063177703e-14
-2.208282105099171807e-12 6.360590474163901885e-13
2.103068123690632678e-11 -6.713965031538727712e-12
-1.811637603259722826e-10 6.440069799822477436e-11
1.397467226246330274e-09 -5.563485991618496442e-10
-9.535772865975889786e-09 4.281837518190484391e-09
5.669254008950891872e-08 -2.897380990263879138e-08
-2.880416953074131230e-07 1.695633111524889965e-07
1.219176206324355164e-06 -8.403952755949779060e-07
-4.149852639620131988e-06 3.430908031512868351e-06
1.077985106679117797e-05 -1.110395360817225026e-05
-1.958709763142065904e-05 2.693233210643797431e-05
2.076341589908070221e-05 -4.470655285344376546e-05
-6.074581223714813228e-06 4.268740969163275085e-05
-6.727149473691510641e-06 -1.412714976662110737e-05
8.749305805186466907e-07 -2.894127328724914074e-06
5.904142711453593099e-07 -6.234208817006047465e-07
5.024437100664415185e-08 -2.062412664767154755e-07
-3.641376634053238038e-08 -4.975474666873873621e-18
5.024437008608786465e-08 2.062412659763182152e-07
5.904142710277988660e-07 6.234208815032539049e-07
8.749305803091628433e-07 2.894127328785103388e-06
-6.727149473487957612e-06 1.412714976652634979e-05
-6.074581223423447446e-06 -4.268740969154236905e-05
2.076341589927079335e-05 4.470655285367194259e-05
-1.958709763144291229e-05 -2.693233210651266567e-05
1.077985106725169623e-05 1.110395360836325957e-05
-4.149852639619861785e-06 -3.430908031419651951e-06
1.219176206179957222e-06 8.403952759154266695e-07
-2.880416953849102850e-07 -1.695633110090051887e-07
5.669254004636820061e-08 2.897381003355709706e-08
-9.535772887654844420e-09 -4.281837628073836077e-09
1.397467168510972266e-09 5.563487959810272682e-10
-1.811636529020896358e-10 -6.440078603905572681e-11
2.103061694044184054e-11 6.713621620205802081e-12
-2.208355338571691877e-12 -6.362117381097746522e-13
2.116531392104386640e-13 5.505115006504654592e-14
-1.861041629555461720e-14 -4.329527298174960495e-15
1.431122282318725537e-15 5.229967938574856548e-16
-4.357251983612549754e-16 -1.810940568473798394e-15
6.467895937811783453e-15 2.256870698438926745e-14
-7.983697612743657181e-14 -2.500063332994432284e-13
8.879108662681986554e-13 2.542301574577366730e-12
-9.035255710564461549e-12 -2.352803432338572183e-11
8.339926746561561220e-11 1.963971910859887097e-10
-6.916345329896518347e-10 -1.463153181852630585e-09
5.095272088524210038e-09 9.603899545673347182e-09
-3.288726967687907456e-08 -5.465347267373795844e-08
1.827928599058520590e-07 2.641335661368698192e-07
-8.557509133653636910e-07 -1.054608549357183016e-06
3.276683175772481726e-06 3.346321984599915493e-06
-9.851175035928904592e-06 -7.952453143383474317e-06
2.188610165440072096e-05 1.275031604785727104e-05
-3.251134764352160293e-05 -1.073418068255869667e-05
2.642826769834427422e-05 -6.141450919065246873e-08
-5.901544350273013437e-06 4.978830280493602757e-06
-1.836502596001195171e-06 2.613953289002429658e-07
-4.681498579160516574e-07 -8.062341616659385141e-08
-1.032050037086543932e-07 3.276703668753951832e-08
-1.147413977091813848e-08 1.470298834394237858e-18
-1.032050038607219800e-07 -3.276703662840294696e-08
-4.681498576160827742e-07 8.062341623013128833e-08
-1.836502595891463747e-06 -2.613953290483732523e-07
-5.901544350400499519e-06 -4.978830280357972454e-06
2.642826769817249255e-05 6.141450940164887881e-08
-3.251134764353912635e-05 1.073418068231837987e-05
2.188610165440880165e-05 -1.275031604785398455e-05
-9.851175035609845916e-06 7.952453143476586955e-06
3.276683175592337300e-06 -3.346321984526130453e-06
-8.557509129118994146e-07 1.054608549348632642e-06
1.827928597529519712e-07 -2.641335659191416412e-07
-3.288726964934759872e-08 5.465347258928614647e-08
5.095271822635492314e-09 -9.603899451597930680e-09
-6.916346888003101016e-10 1.463153219554984411e-09
8.339947986431861221e-11 -1.963970896902660473e-10
-9.035174371645484401e-12 2.352802899274610878e-11
8.874999331983066670e-13 -2.542351961941947819e-12
-7.964818694981666870e-14 2.499862038180831014e-13
6.826410970507222029e-15 -2.257648823810988422e-14
-5.864671296852348021e-16 1.906792748679591468e-15
-2.372574778657250017e-15 7.560308407613854983e-16
2.890082504738875365e-14 -1.006509400770053011e-14
-3.109058606026460079e-13 1.172653794036227085e-13
3.049504171882344425e-12 -1.253100448002139342e-12
-2.715658313305587399e-11 1.222346474893478606e-11
2.176249785106731715e-10 -1.079532900941544782e-10
-1.552213749287867095e-09 8.548160577718051548e-10
9.721367753419621325e-09 -5.998119387440332955e-09
-5.255901375855635419e-08 3.676478042042775608e-08
2.399519239424492124e-07 -1.933351302092308217e-07
-8.977950191797982439e-07 8.522783120965083635e-07
2.636966761057164067e-06 -3.053422463396833793e-06
-5.677589770071675524e-06 8.512185383859209494e-06
7.861963120362306816e-06 -1.729361294512477955e-05
-4.716410395866199584e-06 2.292096067496078595e-05
-2.358751058257387791e-06 -1.568569153226041668e-05
3.111392161803489757e-06 1.973735744478167367e-06
5.362538509190998246e-07 9.428963820242254706e-07
9.306865744055175968e-08 2.542363957647858143e-07
4.276246149907031771e-08 3.896937341259926403e-08
1.475879123842329677e-08 -2.754890469799651810e-16
4.276246233515008340e-08 -3.896937329061833384e-08
9.306865779496327530e-08 -2.542363960101489715e-07
5.362538511178159775e-07 -9.428963820747492918e-07
3.111392161727121266e-06 -1.973735744388966328e-06
-2.358751058474169356e-06 1.568569153219239994e-05
-4.716410395889127072e-06 -2.292096067490360445e-05
7.861963120612317060e-06 1.729361294519578124e-05
-5.677589769982903930e-06 -8.512185383968808781e-06
2.636966761006365807e-06 3.053422463597159626e-06
-8.977950193810917063e-07 -8.522783123132045907e-07
2.399519239062487183e-07 1.933351302791115428e-07
-5.255901374155958593e-08 -3.676478051476741378e-08
9.721367663152880199e-09 5.998119715664561077e-09
-1.552213573729234541e-09 -8.548159567756432986e-10
2.176249009684061458e-10 1.079534248531691137e-10
-2.715663222968814956e-11 -1.222325498039385422e-11
3.049595648535004736e-12 1.253059419786452846e-12
-3.111289233384512231e-13 -1.171160229018783253e-13
2.901536467316659708e-14 1.005999505557196388e-14
-2.447674013496276359e-15 -9.600700576574683003e-16
1.066589671832846036e-15 2.836550307040471815e-15
-1.334499438138511662e-14 -3.289238594518410550e-14
1.513767353876354401e-13 3.444683287103944064e-13
-1.572913462616812391e-12 -3.298567956049611034e-12
1.489273734535726938e-11 2.860735151402796994e-11
-1.273842900221394231e-10 -2.226133890701265684e-10
9.742696164131979877e-10 1.536324826471221383e-09
-6.582021437994332054e-09 -9.269120538893649101e-09
3.869335468059543474e-08 4.800870940618208979e-08
-1.942283045963578096e-07 -2.084347498805760237e-07
8.124197648538651770e-07 7.340592864313710109e-07
-2.740251415248432528e-06 -1.997505267312209655e-06
7.115125625040927744e-06 3.871425163381025716e-06
-1.324850892258310282e-05 -4.486439369618054450e-06
1.564398003977911675e-05 1.358901237794228026e-06
-8.881634934177849497e-06 2.758930355998117857e-06
3.145097775436620226e-07 -1.695760897030481179e-06
3.872437607687189274e-07 -4.615591569019126560e-07
1.038581405557820788e-07 -1.104197113300994757e-07
7.392899772226263549e-09 -2.878250107348870768e-08
-3.642601443204847610e-09 -4.717232147243154131e-16
7.392899321252067983e-09 2.878250181083949094e-08
1.038581401213887227e-07 1.104197108237297993e-07
3.872437611093174400e-07 4.615591569085250716e-07
3.145097775916387629e-07 1.695760897167996555e-06
-8.881634934403151790e-06 -2.758930356066060063e-06
1.564398003951843728e-05 -1.358901237913961427e-06
-1.324850892257625880e-05 4.486439369625482929e-06
7.115125625254994145e-06 -3.871425163261843945e-06
-2.740251415450953447e-06 1.997505267441682876e-06
8.124197646309895269e-07 -7.340592865666947945e-07
-1.942283043772929872e-07 2.084347499042720881e-07
3.869335459908119920e-08 -4.800870950216127901e-08
-6.582021416723009544e-09 9.269120635022649007e-09
9.742699726722531441e-10 -1.536325068800102937e-09
-1.273844104641937815e-10 2.226135609479144287e-10
1.489263328824156096e-11 -2.860737477032505249e-11
-1.572600115383248741e-12 3.298648895049907721e-12
1.511816260406420034e-13 -3.444662905450695079e-13
-1.348651597677061055e-14 3.289932956640739783e-14
1.112363972042803700e-15 -2.938072825828355146e-15
3.729666730726145197e-15 -1.577657167230560218e-15
-4.213325970186767817e-14 1.952757674855477751e-14
4.253089852062898096e-13 -2.127537489088468599e-13
-3.914422574649470571e-12 2.124240380196804666e-12
3.256019444656436608e-11 -1.928281024337157441e-11
-2.423948841042367815e-10 1.578099293750792844e-10
1.595519094914732246e-09 -1.152276198765934728e-09
-9.146669608491670412e-09 7.412611066108346535e-09
4.479320231213829261e-08 -4.136558591378362155e-08
-1.826320835452956450e-07 1.963592210546362978e-07
5.978898590651222028e-07 -7.729214985243406016e-07
-1.486332482898826206e-06 2.437256314648925147e-06
2.537024628035314917e-06 -5.860091199352981461e-06
-2.292704444122661498e-06 9.949986893934284349e-06
-3.138413530240217429e-07 -1.040019024170925588e-05
2.367433599349348995e-06 4.791603199245112974e-06
-7.970715114072515931e-07 2.387005176787784378e-07
-3.011196869198019298e-07 -1.036014585845500195e-07
-7.803871401556803843e-08 -2.590874078743127913e-08
-1.491985492353417748e-08 2.788945599549558605e-09
-2.041922102148389225e-09 -4.824214089413019254e-16
-1.491985472986376677e-08 -2.788945311992787247e-09
-7.803871392398542004e-08 2.590874076343532874e-08
-3.011196871957576937e-07 1.036014590405038977e-07
-7.970715115673552197e-07 -2.387005180890488514e-07
2.367433599270744337e-06 -4.791603199654177372e-06
-3.138413528079941953e-07 1.040019024153245299e-05
-2.292704444200862121e-06 -9.949986893670901148e-06
2.537024627931651637e-06 5.860091199245678480e-06
-1.486332482829590368e-06 -2.437256314488070626e-06
5.978898591495021427e-07 7.729214985480139019e-07
-1.826320833328886868e-07 -1.963592210527812956e-07
4.479320230615665843e-08 4.136558604158183505e-08
-9.146669714627678030e-09 -7.412611146934899674e-09
1.595518857635163809e-09 1.152276278221013313e-09
-2.423948296255697542e-10 -1.578099647551373697e-10
3.256036668327359077e-11 1.928274144556944082e-11
-3.914359662802316036e-12 -2.124101676091774167e-12
4.254839140344117637e-13 2.126980574778861381e-13
-4.216286667617419672e-14 -1.947738973224632008e-14
3.813507301608904308e-15 1.741270177434514250e-15
-2.009289889138464078e-15 -4.056470833680369882e-15
2.314499972893378867e-14 4.382714630168868664e-14
-2.468310964122393967e-13 -4.336161046653449964e-13
2.409440706267131367e-12 3.909778340609363215e-12
-2.135561692460119886e-11 -3.178587493323310005e-11
1.702609190971069029e-10 2.305783300027611796e-10
-1.207808580744649775e-09 -1.473282401780025722e-09
7.524083988241791755e-09 8.158702566678105975e-09
-4.049705423975480581e-08 -3.834807143413104696e-08
1.844863701715402594e-07 1.487178839868944396e-07
-6.924492840721624227e-07 -4.567608446546684425e-07
2.064309051394944979e-06 1.039771568080457935e-06
-4.635968863935830355e-06 -1.536076433705112741e-06
7.214327699257945573e-06 9.210236471292184420e-07
-6.665373532743667693e-06 9.949137664328054167e-07
2.414260955618199629e-06 -1.750571979983357305e-06
3.324696468099533371e-07 2.960926044081591006e-07
1.034726739096401545e-08 1.634306685023099032e-07
4.819012583656862301e-09 4.270890157636987574e-08
4.646563048022099351e-09 6.182567232031209356e-09
1.726367489767361751e-09 -2.352439706522257678e-17
4.646563248905194956e-09 -6.182567325490904870e-09
4.819012448180060216e-09 -4.270890195836830153e-08
1.034726756045523706e-08 -1.634306686031691073e-07
3.324696467143741922e-07 -2.960926043955020460e-07
2.414260955600120557e-06 1.750571980260989930e-06
-6.665373532772852213e-06 -9.949137664500990766e-07
7.214327699538415123e-06 -9.210236470557641684e-07
-4.635968864136035909e-06 1.536076433972970182e-06
2.064309051565592048e-06 -1.039771568273597117e-06
-6.924492841530028237e-07 4.567608448883422274e-07
1.844863701828415582e-07 -1.487178841725683498e-07
-4.049705441486387253e-08 3.834807167794461039e-08
7.524083827222476226e-09 -8.158702659797566386e-09
-1.207808808429674393e-09 1.473282425497474952e-09
1.702609023907195435e-10 -2.305783989699712824e-10
-2.135543441967827349e-11 3.178588796465236759e-11
2.409336650811228705e-12 -3.909596287407310635e-12
-2.467579231817169770e-13 4.335244848603646007e-13
2.314783218848640794e-14 -4.368031026867641677e-14
-2.031874796085365267e-15 4.096043446037569387e-15
-5.618569009072863893e-15 2.998210705844599186e-15
5.785422030208025928e-14 -3.410142662381103106e-14
-5.497886275511868070e-13 3.484954278062670905e-13
4.742139088574213281e-12 -3.261471403921903033e-12
-3.678556728613240750e-11 2.763337264212121708e-11
2.538470916004829400e-10 -2.101421494255552450e-10
-1.537346507100167024e-09 1.418445091789947547e-09
8.032200105545944567e-09 -8.384279820377284054e-09
-3.539881833523649601e-08 4.267736039462314867e-08
1.275569961758550718e-07 -1.831280558651180649e-07
-3.586138077004432539e-07 6.441375134119831944e-07
7.250472315817797737e-07 -1.787200234787073620e-06
-8.698659605696065778e-07 3.697714543852322355e-06
1.418404487841475690e-07 -5.210980030998802976e-06
1.148521851403024478e-06 4.201033006469107781e-06
-1.183268503755547621e-06 -1.139346361606903106e-06
5.897733832274544814e-08 -2.595399336212756134e-07
7.234860552826083723e-08 -4.103541660807709473e-08
1.872801060132787709e-08 -1.171163267754006904e-08
1.688822217575131749e-09 -3.387630829145220497e-09
-2.687923535861231387e-10 1.884835719635031488e-16
1.688822126536411909e-09 3.387630921117297440e-09
1.872801017112406511e-08 1.171163262545290953e-08
7.234860549256438067e-08 4.103541683075316271e-08
5.897733814938924332e-08 2.595399336831382412e-07
-1.183268503712660649e-06 1.139346361670310511e-06
1.148521850990215560e-06 -4.201033006498650596e-06
1.418404489738149748e-07 5.210980031199924173e-06
-8.698659605680716482e-07 -3.697714543619954112e-06
7.250472318311440499e-07 1.787200234623059031e-06
-3.586138077036322270e-07 -6.441375137106257299e-07
1.275569963032269366e-07 1.831280560142852521e-07
-3.539881842727076164e-08 -4.267736018871912713e-08
8.032200047152085445e-09 8.384279862684735156e-09
-1.537346336289219901e-09 -1.418444941768571084e-09
2.538472834763895705e-10 2.101419798947840381e-10
-3.678571488549413545e-11 -2.763336467426137656e-11
4.741966731807217385e-12 3.261494128781308776e-12
-5.498399910165458242e-13 -3.487357779681575113e-13
5.786060801671742360e-14 3.404440598746632676e-14
-5.573662899256172207e-15 -3.146938786724367144e-15
3.129724942463173409e-15 5.147441605895931799e-15
-3.476716029176713506e-14 -5.255108580822847647e-14
3.517544281054579814e-13 4.929095655689293508e-13
-3.240144412609989664e-12 -4.188818219495651926e-12
2.699783433090918761e-11 3.193564646329882253e-11
-2.015011246825809934e-10 -2.159458839018451881e-10
1.331624207723751917e-09 1.276410528460707481e-09
-7.682714393350788046e-09 -6.473857647010324309e-09
3.802357105062572570e-08 2.748523291148795456e-08
-1.578532781127165603e-07 -9.428941749323462596e-08
5.336283402009266523e-07 2.471760691737938509e-07
-1.409897714518377399e-06 -4.448085242489757164e-07
2.739946830994620454e-06 3.959978182716006099e-07
-3.544304029184089268e-06 2.561020626587888604e-07
2.494900597812715383e-06 -1.022398787121982793e-06
-4.568858321541762804e-07 7.272793149330796738e-07
-1.676200335965411928e-07 3.793784037788809313e-08
-3.696496370634359896e-08 -2.388332964936524431e-08
-9.685026619307792352e-09 -5.797415994315980435e-09
-1.928051900402525071e-09 5.863595657977076270e-12
-3.091062403072332134e-10 1.219450718128995772e-16
-1.928052427829385061e-09 -5.863430421432521107e-12
-9.685026380244708984e-09 5.797415617010389307e-09
-3.696496377843213788e-08 2.388332945495897042e-08
-1.676200338705789564e-07 -3.793784048657392138e-08
-4.568858320218556521e-07 -7.272793150888491387e-07
2.494900597819932527e-06 1.022398787235664779e-06
-3.544304029096047393e-06 -2.561020626004090733e-07
2.739946831418139892e-06 -3.959978183824233832e-07
-1.409897714560299600e-06 4.448085243444139361e-07
5.336283404814130366e-07 -2.471760691329870329e-07
-1.578532780047670816e-07 9.428941731297409014e-08
3.802357096153753993e-08 -2.748523289652066070e-08
-7.682714286289196756e-09 6.473857446736493549e-09
1.331624193689741124e-09 -1.276410452157924048e-09
-2.015014709362390361e-10 2.159459201326140207e-10
2.699771460722028136e-11 -3.193584868119267829e-11
-3.240082900569255884e-12 4.188517346260562115e-12
3.516986213190090346e-13 -4.928944126154545576e-13
-3.489494966646925148e-14 5.244766280717491500e-14
3.284899814480344806e-15 -5.250246895113368221e-15
7.894082764617307179e-15 -5.311648404236428921e-15
-7.672586159838565495e-14 5.575444367642277193e-14
6.863745985170206240e-13 -5.378737071442273050e-13
-5.542231607690744075e-12 4.723381910552286428e-12
4.001922768880434103e-11 -3.741682097296772331e-11
-2.552798538393715054e-10 2.647893881499950448e-10
1.416553776390628333e-09 -1.654200890561997851e-09
-6.702215394785698496e-09 8.991340376958783345e-09
2.630736955476140026e-08 -4.175843356878875662e-08
-8.226199938946980766e-08 1.619087213755763059e-07
1.912887958357458468e-07 -5.081876679712556301e-07
-2.835924289726627366e-07 1.236966609368187725e-06
1.208385889208950163e-07 -2.189513236954077274e-06
4.394225449032070775e-07 2.529140444782596421e-06
-8.471801920284189627e-07 -1.514804223505959730e-06
4.335024811971074891e-07 1.605079491209875101e-07
5.570687393352223711e-08 8.928058502429378565e-08
-1.488811861460730821e-09 2.437259766074240690e-08
-2.296928292025879399e-10 5.979758913473774286e-09
4.629198582407401621e-10 8.808794239133490470e-10
2.122034996953166089e-10 -1.497821193026389510e-16
4.629196353391911151e-10 -8.808792139994657817e-10
-2.296932125696543981e-10 -5.979758889160498382e-09
-1.488811937670722787e-09 -2.437259808794138936e-08
5.570687383728969239e-08 -8.928058514885008642e-08
4.335024811667430521e-07 -1.605079491903314240e-07
-8.471801920188773483e-07 1.514804223431381444e-06
4.394225450283168084e-07 -2.529140444795558567e-06
1.208385892237694608e-07 2.189513237146071691e-06
-2.835924293563274218e-07 -1.236966609422046527e-06
1.912887957532187120e-07 5.081876678050664953e-07
-8.226199980971717087e-08 -1.619087214802366498e-07
2.630736966011922945e-08 4.175843352684127633e-08
-6.702215398078226404e-09 -8.991340368901999511e-09
1.416554096230485524e-09 1.654200822665150982e-09
-2.552798071358424642e-10 -2.647893949574224456e-10
4.001907746003703874e-11 3.741686520646972040e-11
-5.542124573524544484e-12 -4.723576920208645356e-12
6.863210981185578822e-13 5.380409258018758998e-13
-7.668883476490698079e-14 -5.578972583984516259e-14
7.851604816608752390e-15 5.420856196700276271e-15
-4.185945753763565533e-15 -5.597832462386107850e-15
4.440745403355552496e-14 5.467699180084151807e-14
-4.273444091599117811e-13 -4.859296720422721796e-13
3.729064777157350243e-12 3.894505567572366024e-12
-2.932947612541012420e-11 -2.785932402109153726e-11
2.058091209404159715e-10 1.755661899951148316e-10
-1.272753499939635102e-09 -9.586593436107530092e-10
6.832766338172252622e-09 4.437003315794207811e-09
-3.124746851878354516e-08 -1.687498398132159879e-08
1.187984480554136498e-07 5.024641727137386088e-08
-3.634155878034557894e-07 -1.069742802305868913e-07
8.542616825115230260e-07 1.260007800165551668e-07
-1.438411848533066693e-06 4.542121478190583689e-08
1.535654174545493629e-06 -4.285951022942257154e-07
-7.857796919287194051e-07 5.871120429296657925e-07
9.577809931894433786e-09 -2.158975128602229132e-07
4.155412409568659481e-08 -5.206319035699904452e-08
1.344018710080114758e-08 -5.765534416058863526e-09
2.927085512813079267e-09 -1.320291189356617394e-09
2.957704881113438102e-10 -4.256943604143310873e-10
-1.069461850607218532e-11 -1.207251645807061547e-16
2.957708569362676729e-10 4.256937345513220330e-10
2.927085593029006437e-09 1.320290932252473197e-09
1.344018696315245210e-08 5.765534741893436341e-09
4.155412420783054757e-08 5.206319034447007065e-08
9.577809822204788773e-09 2.158975128447052696e-07
-7.857796921968547785e-07 -5.871120427440827796e-07
1.535654174491441068e-06 4.285951022752670534e-07
-1.438411848432232080e-06 -4.542121462946296818e-08
8.542616826280433134e-07 -1.260007798301334324e-07
-3.634155879073651327e-07 1.069742802709237914e-07
1.187984479022139240e-07 -5.024641732243071069e-08
-3.124746842187525343e-08 1.687498407123523471e-08
6.832766214389254053e-09 -4.437003270711383774e-09
-1.272753576198474358e-09 9.586594144610337793e-10
2.058092450009592792e-10 -1.755660678864887440e-10
-2.932935655662801950e-11 2.785932319994241877e-11
3.729108355134021990e-12 -3.894444781365702542e-12
-4.273096296970130941e-13 4.858602470287361948e-13
4.457157829870312794e-14 -5.456713035830038379e-14
-4.433838346540552837e-15 5.673519918373160510e-15
-1.106017734439848042e-14 9.061536022497376688e-15
1.017390443899814782e-13 -8.985574033263946245e-14
-8.560176119886674362e-13 8.187221409459947400e-13
6.469848599378638264e-12 -6.765827536951683714e-12
-4.344840877799934312e-11 5.024254760309422059e-11
2.556515414899656710e-10 -3.316995042117437356e-10
-1.294323843298914236e-09 1.922208059865889792e-09
5.501363092374955508e-09 -9.625720023507686906e-09
-1.893482181539869163e-08 4.084137088741300008e-08
4.967977909029944738e-08 -1.431404321418799265e-07
-8.715424182302338956e-08 4.004929342222384270e-07
5.747024697922631887e-08 -8.522886658774691094e-07
1.538263948176340123e-07 1.280588377286295386e-06
-4.647025530171273986e-07 -1.190514855390512755e-06
4.749102016659972804e-07 4.971968707012434960e-07
-1.244962592242146422e-07 2.179059416589107780e-08
-3.452916137023131114e-08 -1.568832799775574643e-08
-5.927034105872877316e-09 -5.710552602374251027e-09
-1.444447266225029287e-09 -1.103885124707762360e-09
-2.996994505504479482e-10 -5.337272071805740043e-11
-5.127898547450488030e-11 -2.547719961622401924e-16
-2.996995003283670302e-10 5.337231154360959405e-11
-1.444447097669929219e-09 1.103885149083304492e-09
-5.927034136641046377e-09 5.710552674711379228e-09
-3.452916164822426203e-08 1.568832780645193254e-08
-1.244962589514882179e-07 -2.179059403368876612e-08
4.749102015038446282e-07 -4.971968709662143542e-07
-4.647025533979818402e-07 1.190514855136551313e-06
1.538263946896974942e-07 -1.280588377526013968e-06
5.747024723296305857e-08 8.522886660102303007e-07
-8.715424184859279961e-08 -4.004929340738325901e-07
4.967977924223450660e-08 1.431404323626252887e-07
-1.893482199539252125e-08 -4.084137059222219002e-08
5.501363216318597516e-09 9.625719992332720346e-09
-1.294323987547652389e-09 -1.922207979619025653e-09
2.556515331020670729e-10 3.316995380822568375e-10
-4.344823655575755904e-11 -5.024257644910978416e-11
6.469937754175560182e-12 6.766019280260923492e-12
-8.560185481103709106e-13 -8.186748403128224727e-13
1.017428585751651191e-13 8.981951876703999114e-14
-1.102872903322499889e-14 -9.208084435194346455e-15
4.109298734690451146e-15 4.502695326374588976e-15
-4.162687594079827597e-14 -4.199250678517832225e-14
3.819947048316275487e-13 3.544206219825360281e-13
-3.170594951971081082e-12 -2.681588536630334344e-12
2.364676814467355539e-11 1.800237364967646035e-11
-1.567858688810331480e-10 -1.056425306842852875e-10
9.122465845493281334e-10 5.312956186280003359e-10
-4.583969138904664945e-09 -2.227264141490284838e-09
1.949471441719368537e-08 7.454637197866095448e-09
-6.834224419078664318e-08 -1.838588116965009995e-08
1.905400526225175349e-07 2.683311815544294760e-08
-4.011581403886190367e-07 4.648918712380137303e-09
5.874889057301457623e-07 -1.228841924208394380e-07
-5.128657322179775650e-07 2.639603006002688162e-07
1.719574430169205963e-07 -2.259712907644797121e-07
3.421212041979882693e-08 3.280354914531489352e-08
-9.897432542511551079e-10 2.046597867786317203e-08
-1.725662971964543005e-09 5.119164291711483644e-09
-2.723772079834635072e-10 1.083911068497705015e-09
3.316181827318275727e-11 1.391770267064397275e-10
1.558476081517255189e-11 4.408154956317175989e-16
3.316190652749653410e-11 -1.391770276270110217e-10
-2.723770265923881062e-10 -1.083911252025811661e-09
-1.725663320565560257e-09 -5.119164121654910557e-09
-9.897433903424616054e-10 -2.046597863902595701e-08
3.421212038857999829e-08 -3.280354909760067395e-08
1.719574430887124619e-07 2.259712906080010159e-07
-5.128657322938053309e-07 -2.639603003869085225e-07
5.874889055956139545e-07 1.228841926763082277e-07
-4.011581409188611323e-07 -4.648918756784676547e-09
1.905400528253531002e-07 -2.683311828915477125e-08
-6.834224406220799469e-08 1.838588132581147308e-08
1.949471422984787446e-08 -7.454637017888708523e-09
-4.583969122611502304e-09 2.227264194871522093e-09
9.122467828200405386e-10 -5.312957150694658570e-10
-1.567858257440437614e-10 1.056424455559492327e-10
2.364670420568099991e-11 -1.800235511653527425e-11
-3.170623724638629715e-12 2.681498353293508962e-12
3.818958276724052636e-13 -3.543697099855844672e-13
-4.168916431008707524e-14 4.198707390614188109e-14
4.290235860362353820e-15 -4.600961226160930601e-15
1.608571400169499949e-14 -1.598725337319717494e-14
-1.406399313742507980e-13 1.503909205153306078e-13
1.117072491601438174e-12 -1.302196748158524287e-12
-7.926009981497662095e-12 1.019402026464443299e-11
4.961859609504241538e-11 -7.145292222929346048e-11
-2.695611380242058075e-10 4.433456361716416448e-10
1.242738384159474828e-09 -2.402176165504525837e-09
-4.705464424789753195e-09 1.117634584283007341e-08
1.385547035617504807e-08 -4.370968321255553355e-08
-2.822020908500966359e-08 1.397502466272158368e-07
2.466502348574824918e-08 -3.516778828824798762e-07
5.897004980491683167e-08 6.592725832157150978e-07
-2.548353448616380409e-07 -8.432686912591254536e-07
4.033177641186683924e-07 6.223753158490105482e-07
-2.698007308317129221e-07 -1.596590815750875302e-07
2.560008253614728233e-08 -3.546107782303054527e-08
1.508867215250738382e-08 -1.894787384061565728e-09
3.027623850175519787e-09 2.912530350524659755e-10
4.310542981380594556e-10 -3.910910023828308071e-11
2.119425244725599703e-11 -2.386680252072863227e-11
-1.993876896829899581e-12 1.888156697687728584e-16
2.119417859501409946e-11 2.386637448619620218e-11
4.310541142748287523e-10 3.910941926436209822e-11
3.027623666771631059e-09 -2.912535357081561799e-10
1.508867257493127759e-08 1.894787267301565478e-09
2.560008243614461382e-08 3.546107776263637483e-08
-2.698007306459338740e-07 1.596590813683362904e-07
4.033177640882492688e-07 -6.223753155147989816e-07
-2.548353448889077902e-07 8.432686913507305846e-07
5.897004973209523206e-08 -6.592725830785636289e-07
2.466502335833196813e-08 3.516778828321713072e-07
-2.822020901789162319e-08 -1.397502467059621606e-07
1.385547026360269153e-08 4.370968322040429966e-08
-4.705464506912288250e-09 -1.117634608509668336e-08
1.242738534311752622e-09 2.402176260894338123e-09
-2.695613538706987881e-10 -4.433456193259840829e-10
4.961852171830134063e-11 7.145277423853498582e-11
-7.926121537217299146e-12 -1.019409507681734684e-11
1.117058850090483210e-12 1.301907989390471916e-12
-1.407207952957136557e-13 -1.502817568477171269e-13
1.613615734402722522e-14 1.608644663046864169e-14
