2.778231380579429632e-17 4.560020383388293688e-16
6.687979744919405541e-16 -1.101256568282401809e-15
2.551627903770395005e-16 -6.964984051285090591e-16
-5.228236289166667070e-16 2.698459265269499148e-16
-2.258880820556516703e-16 -2.402639199461923572e-15
6.820694511439776839e-15 3.097204686641208885e-14
-7.726267301100759656e-14 -4.768066498269056408e-13
1.055733845465136971e-12 7.043905124170982904e-12
-1.301527889548471106e-11 -9.663317897302181436e-11
1.453419499891631717e-10 1.232148782055541210e-09
-1.440856939568054083e-09 -1.451671043704760039e-08
1.224420176772872643e-08 1.569761590756133176e-07
-8.264279007681747108e-08 -1.546123626302336183e-06
3.400535724850407826e-07 1.373900335219872872e-05
1.093515552638454339e-06 -1.089074472044645331e-04
-4.188323840003281350e-05 7.605360164210898813e-04
5.571000587628935742e-04 -4.602343118223009566e-03
-5.408708887856023863e-03 2.338026827195902047e-02
4.051107655777627659e-02 -9.326099316367894576e-02
-2.327470665605179401e-01 2.468708169743383529e-01
6.458950225888107077e-01 0.000000000000000000e+00
-2.327470665605046174e-01 -2.468708169742896141e-01
4.051107655779920963e-02 9.326099316366870395e-02
-5.408708887859126416e-03 -2.338026827195640797e-02
5.571000587647446326e-04 4.602343118222552466e-03
-4.188323840535294613e-05 -7.605360164227776588e-04
1.093515552018323730e-06 1.089074472015624627e-04
3.400535699400251017e-07 -1.373900335002658049e-05
-8.264278977315196403e-08 1.546123626137649685e-06
1.224420347986571153e-08 -1.569761578402521070e-07
-1.440855239631928635e-09 1.451671127723398530e-08
1.453401750228951864e-10 -1.232149208484498129e-09
-1.301613689577878438e-11 9.663301658332310485e-11
1.055149389650866747e-12 -7.043072229072951175e-12
-7.904845264631288382e-14 4.801375647966289220e-13
5.775471252463637577e-15 -3.076977446433812660e-14
-1.533198983058939635e-15 2.013494151082822771e-15
-8.363818890347537894e-16 -2.191398279404151305e-16
9.854278390159513545e-16 -1.408700472877650353e-16
7.950640797356208611e-16 9.582965716850639261e-16
2.959825515085567186e-16 9.883089464888969085e-17
1.534029093499686858e-16 1.574459037399488003e-16
7.190091451554850302e-18 -3.046862838909866069e-16
-4.648744035406389727e-16 1.384777405411550524e-16
2.001233622374903590e-16 -1.939120251882044228e-16
-7.356662691532666239e-15 1.908977446509022455e-15
1.202612864416733180e-13 -3.151544417364782460e-14
-1.811650013472788096e-12 4.526637687023200517e-13
2.552819341812975252e-11 -6.194293582770417845e-12
-3.341698020793711561e-10 7.839886040823253772e-11
4.041646298600225587e-09 -9.133275574302069622e-10
-4.486119169706148097e-08 9.718183954826325548e-09
4.533612077503241405e-07 -9.358283134157013285e-08
-4.131613783603472952e-06 8.064047295688223519e-07
3.355877648211603808e-05 -6.130155409819144928e-06
-2.394060502668614787e-04 4.035542685282043305e-05
1.472048786076731808e-03 -2.243420106703577057e-04
-7.608244387514977690e-03 1.015622768526354197e-03
3.192283783685850862e-02 -3.536146430432488691e-03
-1.033049119521341763e-01 8.530202829801197123e-03
2.376885724520414744e-01 -1.100325801729591310e-02
-3.376013979728862968e-01 9.267653157294783804e-15
2.376885724520239884e-01 1.100325801728092336e-02
-1.033049119521264048e-01 -8.530202829783865501e-03
3.192283783685680859e-02 3.536146430425766637e-03
-7.608244387512065957e-03 -1.015622768527082347e-03
1.472048786079007548e-03 2.243420106696753359e-04
-2.394060502647668272e-04 -4.035542685279344997e-05
3.355877648198261345e-05 6.130155409511516114e-06
-4.131613782200043544e-06 -8.064047299903777325e-07
4.533612080193335459e-07 9.358283118493873254e-08
-4.486119048287623305e-08 -9.718184702196370377e-09
4.041646523796834496e-09 9.133263678775607888e-10
-3.341693242686656186e-10 -7.839935253375928915e-11
2.552822271816350613e-11 6.193748154119391439e-12
-1.812553567990009664e-12 -4.534618265336601669e-13
1.198426683811245745e-13 3.091391635480761605e-14
-7.687690050480182079e-15 -2.078107739707175001e-15
5.720373534518560416e-16 -5.437643421911935865e-16
-3.715105400917480706e-16 9.151588989950145428e-16
-3.491209716090078012e-16 3.081777666715554529e-16
6.139834559078306343e-16 -3.298225234028611470e-17
5.320642039894920514e-17 -3.537892846029516697e-16
-5.446076951419230872e-16 3.665066460803433592e-16
-1.507323038601503395e-16 7.267787931114058251e-16
-2.526101935285349837e-16 -1.225282464208629149e-15
7.846992926409983556e-15 2.268899721149057299e-14
-1.215253807515452216e-13 -3.461008877153235012e-13
1.722446832238832813e-12 4.990367620922806679e-12
-2.297905694353067000e-11 -6.696759154241630787e-11
2.838679555010793514e-10 8.315206302706112618e-10
-3.228739017952217548e-09 -9.493918106644459836e-09
3.357004715849733508e-08 9.890198408117512721e-08
-3.163589843957862848e-07 -9.312834806337272700e-07
2.674820789546607853e-06 7.835632358265154192e-06
-2.003975461476587943e-05 -5.805855046711580388e-05
1.309764151081058083e-04 3.717590929979970962e-04
-7.320697762676720097e-04 -2.005164753768978476e-03
3.410633305198607426e-03 8.777188698825925950e-03
-1.284877301972185519e-02 -2.936499642336933696e-02
3.806987698688119731e-02 6.728002264640894903e-02
-8.612290771663765054e-02 -8.177830254933278475e-02
1.311232513486516871e-01 -7.649281716641072084e-15
-8.612290771663233535e-02 8.177830254932662302e-02
3.806987698686536276e-02 -6.728002264640810248e-02
-1.284877301971572468e-02 2.936499642336860144e-02
3.410633305196222181e-03 -8.777188698825931154e-03
-7.320697762665074682e-04 2.005164753770241788e-03
1.309764151078855797e-04 -3.717590929962898572e-04
-2.003975461380874914e-05 5.805855046739073045e-05
2.674820789285790739e-06 -7.835632358617780784e-06
-3.163589845667169512e-07 9.312834799152283961e-07
3.357004656955064832e-08 -9.890198458704879959e-08
-3.228738341649306538e-09 9.493918060769362208e-09
2.838685188784004199e-10 -8.315203803898561950e-10
-2.297861020294846922e-11 6.696738089541907323e-11
1.723423067891594224e-12 -4.991976456462499462e-12
-1.204062326905191427e-13 3.464712871839498309e-13
8.632154777345873131e-15 -2.278630981030401133e-14
-9.385450187064542821e-17 1.242855780391458040e-15
-6.798462326801109282e-16 -1.654236896138152740e-16
-6.068892334797281944e-16 -5.833920396954998159e-16
-2.532184093898304284e-16 -2.353491701090665478e-16
-1.661806935944505763e-16 -1.540072149958859379e-16
-6.003952117219224319e-17 1.498034648161605571e-16
5.606670503249009780e-16 -2.869066238733927633e-16
-3.239445299836726964e-15 1.391213264627265572e-15
5.465365999213842355e-14 -2.382531600535850998e-14
-8.105404516228394589e-13 3.566365637261424516e-13
1.119643464679647736e-11 -4.952253373357895383e-12
-1.433946542061076047e-10 6.403350557643450821e-11
1.691938426733010970e-09 -7.648333222986984624e-10
-1.825798439734890807e-08 8.383927245544092161e-09
1.786023031092563851e-07 -8.368353691492362508e-08
-1.566663735544578893e-06 7.534549701669807827e-07
1.215674880208127769e-05 -6.049246387248350335e-06
-8.199606011454054844e-05 4.268874844780362691e-05
4.695286462294680848e-04 -2.599029314010667391e-04
-2.207332580369396422e-03 1.331388725960808801e-03
8.088871439227266619e-03 -5.536140389433926237e-03
-2.105714638646895981e-02 1.766158511610205900e-02
3.102959171971904351e-02 -3.899651977528226232e-02
-1.569575511080119768e-03 4.626794037920728409e-02
-5.518997142379108989e-02 4.795004347718772056e-15
-1.569575511080450450e-03 -4.626794037920362035e-02
3.102959171972327623e-02 3.899651977527602426e-02
-2.105714638646982023e-02 -1.766158511609596665e-02
8.088871439225491997e-03 5.536140389432531519e-03
-2.207332580370265519e-03 -1.331388725960245016e-03
4.695286462284527294e-04 2.599029314002791204e-04
-8.199606011433526831e-05 -4.268874844782595470e-05
1.215674880166986870e-05 6.049246387394356792e-06
-1.566663736327989713e-06 -7.534549705134056114e-07
1.786023026413200214e-07 8.368353716850407396e-08
-1.825798424060976583e-08 -8.383927058091872742e-09
1.691937508147178628e-09 7.648338069410812860e-10
-1.433945761203554904e-10 -6.403299657541210995e-11
1.119745869486957289e-11 4.952754430252655863e-12
-8.105881048581027185e-13 -3.560036290821779951e-13
5.485427332288061239e-14 2.401735307721776480e-14
-3.598059153624307923e-15 -9.705364773141704352e-16
4.638385586430299906e-16 -5.405769178022323964e-16
2.597101891265112792e-16 -3.142477748530064542e-16
-4.525081444592912369e-16 6.535867310955605918e-17
-7.820472224429445399e-17 2.857821311486817545e-16
3.823720236662986231e-16 -1.380060973793496516e-16
-2.407084727130578208e-16 -8.138968706112302785e-16
4.001611091009348866e-15 7.503448189115322874e-15
-6.211473195897903721e-14 -1.174132676130707627e-13
8.967124353802465013e-13 1.664953180270429846e-12
-1.203001272529404444e-11 -2.199052625644463025e-11
1.497224084373987825e-10 2.682647581739955610e-10
-1.716164719427795879e-09 -3.002159677119286982e-09
1.798562487025862273e-08 3.056814663511513047e-08
-1.708431874626143829e-07 -2.803460255525117821e-07
1.455335187970138934e-06 2.287040079613813111e-06
-1.097184496542229429e-05 -1.633292229979278772e-05
7.197665887767403545e-05 9.997007850166803630e-05
-4.017194416433577699e-04 -5.092273550920954931e-04
1.848529235335166082e-03 2.065896118057764744e-03
-6.689918802816934018e-03 -6.202449702692540076e-03
1.758587643182926707e-02 1.185764769652746485e-02
-2.832362222746061600e-02 -8.650235938617821529e-03
1.312950982814233350e-02 -8.607344925993963211e-03
2.702970614991887649e-02 -1.881519980303809126e-15
1.312950982814139154e-02 8.607344925993595450e-03
-2.832362222745569286e-02 8.650235938622678755e-03
1.758587643182408719e-02 -1.185764769652985530e-02
-6.689918802814599080e-03 6.202449702692953808e-03
1.848529235334355533e-03 -2.065896118058863692e-03
-4.017194416430245403e-04 5.092273550915666193e-04
7.197665887727515747e-05 -9.997007850176585844e-05
-1.097184496545726151e-05 1.633292230069176412e-05
1.455335187802998158e-06 -2.287040079437874204e-06
-1.708431873359930687e-07 2.803460261173504090e-07
1.798562450617687937e-08 -3.056814690262020543e-08
-1.716165067248739421e-09 3.002159543592139674e-09
1.497225968837653761e-10 -2.682646417213789874e-10
-1.203063075606445369e-11 2.199177523799977289e-11
8.960080892895471371e-13 -1.665392514781798997e-12
-6.297769010369517238e-14 1.172934904163687256e-13
3.813323944192254047e-15 -7.650326401302304108e-15
4.742154006182991022e-16 7.596175987814087376e-16
4.281849035535096802e-16 3.151463803267262823e-16
1.734970188107540520e-16 3.128591693030624638e-16
1.670035904723657897e-16 1.797683757373072990e-16
1.069819921369075225e-17 -2.484522077523916301e-16
-1.242066488706981371e-15 6.731243437036239394e-16
1.512544018409302519e-14 -9.404626573551696111e-15
-2.238312729915050240e-13 1.406993545430803208e-13
3.054774218464797303e-12 -1.963287115706848127e-12
-3.862174393600030259e-11 2.544296208234907934e-11
4.492480065823318672e-10 -3.046986751492595033e-10
-4.771235880577316240e-09 3.348232714155874100e-09
4.584079063277248832e-08 -3.349133356319314187e-08
-3.939163783285089831e-07 3.020117840058613112e-07
2.984318860261972651e-06 -2.426180383609673401e-06
-1.956309334098927765e-05 1.710440687242524148e-05
1.081667423376606556e-04 -1.037719909848692444e-04
-4.861130714675844402e-04 5.275822787788916456e-04
1.673855519213979020e-03 -2.163253930800328705e-03
-3.950746697551096517e-03 6.737152581873500495e-03
4.712241338402047529e-03 -1.431152280369965557e-02
1.651222203600744703e-03 1.617427099826939871e-02
-5.684988527615464533e-03 -2.524086532365266058e-03
-1.343006149810227999e-02 1.991687541302158769e-15
-5.684988527615252897e-03 2.524086532361578469e-03
1.651222203598463108e-03 -1.617427099826847930e-02
4.712241338404843036e-03 1.431152280369810646e-02
-3.950746697551278663e-03 -6.737152581871777048e-03
1.673855519214717362e-03 2.163253930800344751e-03
-4.861130714671502715e-04 -5.275822787784488575e-04
1.081667423374775067e-04 1.037719909842116080e-04
-1.956309334098046512e-05 -1.710440687268073711e-05
2.984318860574225418e-06 2.426180383802114205e-06
-3.939163781730301035e-07 -3.020117840184380035e-07
4.584079054971096844e-08 3.349133319299006676e-08
-4.771235550912360348e-09 -3.348232740781768740e-09
4.492480343885376572e-10 3.046983660789743893e-10
-3.862231404919933557e-11 -2.544345176273249915e-11
3.054907901761266600e-12 1.962913169093720783e-12
-2.239191398763495972e-13 -1.408422451733178927e-13
1.540048834905907650e-14 9.051396069973547358e-15
-9.935877968159114994e-16 1.928365957553910067e-18
-1.297466829225713091e-16 3.060388489329162836e-16
2.929976822797876062e-16 -6.216360408020487396e-17
4.629394389575910642e-17 -2.376898866446691753e-16
-2.949935158828380481e-16 -4.433248285963811265e-17
1.392112961476616579e-15 2.051863568449822377e-15
-2.004209665639705158e-14 -2.782518865006039192e-14
2.906617504149733962e-13 3.945486396485833053e-13
-3.911278822941560237e-12 -5.160534784530395308e-12
4.879005533612721981e-11 6.234622717763164339e-11
-5.606693573711254368e-10 -6.902759653797512104e-10
5.890960119848342856e-09 6.945113509310624307e-09
-5.610118928162908921e-08 -6.284749254838051690e-08
4.791159896829929204e-07 5.049334193762597878e-07
-3.621097495194109735e-06 -3.542409925811635083e-06
2.381335434455274417e-05 2.122400540976101001e-05
-1.332467948401890327e-04 -1.052389410166800897e-04
6.149981878445889057e-04 4.115285427146106456e-04
-2.236405477285934636e-03 -1.165465909087943890e-03
5.945481761069458179e-03 1.956045919869931968e-03
-1.000087030305906247e-02 -4.674603942513347581e-04
7.105341215274374109e-03 -4.082904854977116062e-03
1.303240794098500712e-03 2.868958995670934601e-03
6.308622402048476817e-03 -1.660367405601499018e-15
1.303240794098207110e-03 -2.868958995671473666e-03
7.105341215274649930e-03 4.082904854974050805e-03
-1.000087030305713692e-02 4.674603942544808418e-04
5.945481761068183157e-03 -1.956045919870623689e-03
-2.236405477285758562e-03 1.165465909088932899e-03
6.149981878440111344e-04 -4.115285427142146950e-04
-1.332467948398346070e-04 1.052389410162978814e-04
2.381335434466666672e-05 -2.122400540993409272e-05
-3.621097495388830751e-06 3.542409925723591938e-06
4.791159899952851801e-07 -5.049334197123658494e-07
-5.610118874553117031e-08 6.284749265410924726e-08
5.890960434350861399e-09 -6.945113484787498471e-09
-5.606697244466290987e-10 6.902760415006088817e-10
4.879047689018358368e-11 -6.234723297774906973e-11
-3.910739033990772488e-12 5.161138803090188918e-12
2.911443845423699964e-13 -3.942826317367563262e-13
-2.002093489529007284e-14 2.795833608064888360e-14
8.018255366488985314e-16 -2.011333596361476922e-15
-3.437168058066699090e-16 -1.927924467564309531e-16
-2.762778386033838104e-16 -1.977783140647719332e-16
-9.862905771122027764e-17 -1.779030741559093455e-16
-1.725300295227779639e-16 2.339065654745977181e-16
3.460145396134643558e-15 -2.739711841776600513e-15
-4.713766617911694489e-14 3.909491528607266299e-14
6.411915576306109985e-13 -5.476129665634431920e-13
-8.054601313754044967e-12 7.122190632672294784e-12
9.305525691136857494e-11 -8.560794593488125870e-11
-9.809543794039885332e-10 9.446774905841618505e-10
9.347468923921869593e-09 -9.494363079902886461e-09
-7.958448975234180415e-08 8.608730320100951693e-08
5.965407155610231866e-07 -6.960631826646561153e-07
-3.860897119655381566e-06 4.945990717420462761e-06
2.100338429151725700e-05 -3.030835410467919819e-05
-9.226115180362327731e-05 1.561667649911752055e-04
3.058499437695518398e-04 -6.528604377011417229e-04
-6.623575225104547451e-04 2.097473653245756405e-03
5.164572748005070079e-04 -4.721661882716390694e-03
1.394276299318674512e-03 6.133190109673276706e-03
-3.159324580630068578e-03 -2.195610729540662439e-03
1.899520651240759589e-04 -1.668196214841916438e-03
-2.636109391114533317e-03 1.575024267775744676e-15
1.899520651249117704e-04 1.668196214840948679e-03
-3.159324580629283181e-03 2.195610729540027964e-03
1.394276299317257677e-03 -6.133190109672742411e-03
5.164572748007939963e-04 4.721661882715815634e-03
-6.623575225110861844e-04 -2.097473653245507039e-03
3.058499437698637105e-04 6.528604377008617819e-04
-9.226115180336268932e-05 -1.561667649907854619e-04
2.100338429127486666e-05 3.030835410481288371e-05
-3.860897119807488355e-06 -4.945990717553584154e-06
5.965407151882249283e-07 6.960631828547253323e-07
-7.958448976654457467e-08 -8.608730276870358093e-08
9.347468584136578109e-09 9.494363312387185696e-09
-9.809542507952827901e-10 -9.446771546509485294e-10
9.305568903192129961e-11 8.560841357226688699e-11
-8.054790662183260741e-12 -7.122039179364463953e-12
6.412053593316815632e-13 5.477127891957129748e-13
-4.742434137250339088e-14 -3.882251657457420545e-14
3.352342910379733015e-15 2.056561226016385952e-15
-4.331266548580764637e-17 -2.685704539382765555e-16
-1.878210716579531235e-16 6.966742167196086193e-17
-6.764810697703894406e-17 1.910865886269203318e-16
5.097843112731985113e-16 3.166342113950843501e-16
-5.041081491901286512e-15 -5.575611461116284356e-15
7.166841494452152080e-14 7.530894939858009104e-14
-9.699975199690573148e-13 -9.833918240752964457e-13
1.216291969344942775e-11 1.182967194751551046e-11
-1.405879454319213772e-10 -1.304102972242424623e-10
1.487238517604398866e-09 1.305935627313883693e-09
-1.427689408681351719e-08 -1.175571284413754085e-08
1.230978951898039348e-07 9.387658048559756900e-08
-9.413013929039125450e-07 -6.537145863786625400e-07
6.282121074613888358e-06 3.877812656990830044e-06
-3.583419310671008898e-05 -1.893854768523364228e-05
1.698054223704681951e-04 7.203711155830363924e-05
-6.416721653464271206e-04 -1.910027463943922410e-04
1.814161440561758414e-03 2.452451314830500343e-04
-3.424439644363337903e-03 3.345641344448629343e-04
3.307817543541962963e-03 -1.789237281150739137e-03
-2.078127130880817015e-04 1.705527248922551059e-03
-5.418602348808184820e-04 6.420962609156556037e-04
8.817303692428439315e-04 -4.947119233906624734e-16
-5.418602348826925255e-04 -6.420962609143211677e-04
-2.078127130894558464e-04 -1.705527248922276105e-03
3.307817543541628595e-03 1.789237281149221905e-03
-3.424439644363029556e-03 -3.345641344441826516e-04
1.814161440561221300e-03 -2.452451314837615962e-04
-6.416721653453674214e-04 1.910027463948502622e-04
1.698054223701530988e-04 -7.203711155835970604e-05
-3.583419310652721795e-05 1.893854768523924964e-05
6.282121074705916794e-06 -3.877812656456207412e-06
-9.413013928015654481e-07 6.537145864398201187e-07
1.230978949083295130e-07 -9.387658043392825482e-08
-1.427689432716322706e-08 1.175571301661293728e-08
1.487238849603364798e-09 -1.305935526658755375e-09
-1.405883196284781760e-10 1.304111644321872055e-10
1.216252651258137943e-11 -1.183025741395358478e-11
-9.704194676114708215e-13 9.831067771850937101e-13
7.155654536453693824e-14 -7.533044921237615528e-14
-4.587330680103836392e-15 5.613617826988982897e-15
4.360909389780309740e-16 2.904498033163264681e-17
2.961650753493820455e-16 1.645071182093267519e-16
9.781652379484399591e-17 1.952800472323325739e-16
5.379099733761723291e-16 -6.254302285803178401e-16
-8.418436585550576205e-15 8.776069347854198109e-15
1.126492231359029114e-13 -1.225958307421577231e-13
-1.413923609230703695e-12 1.605339668259126785e-12
1.630458443118987705e-11 -1.944220648885211295e-11
-1.715375593701178835e-10 2.164098408290207440e-10
1.630817359763759890e-09 -2.197145611888890187e-09
-1.384495224537317656e-08 2.016234584017182779e-08
1.033654346199422483e-07 -1.653978696403412490e-07
-6.648573869260824886e-07 1.196384288001428376e-06
3.577240714766130625e-06 -7.498454100591789962e-06
-1.536319478980867101e-05 3.979476109789927576e-05
4.815023774199745309e-05 -1.732388235495712140e-04
-8.502009974958205736e-05 5.905017054007241639e-04
-5.067502489562382320e-05 -1.462321936230807440e-03
7.122413160973786999e-04 2.284323758583514576e-03
-1.502568927328275716e-03 -1.537177576920882192e-03
6.788833040478756608e-04 -3.173030142607966529e-04
3.905239412478443565e-04 -6.405906859167802335e-05
-1.899855052283782220e-04 2.701129459770953222e-16
3.905239412477833701e-04 6.405906859198908095e-05
6.788833040482738883e-04 3.173030142609745705e-04
-1.502568927327820134e-03 1.537177576920188520e-03
7.122413160968554639e-04 -2.284323758583084365e-03
-5.067502489572339361e-05 1.462321936230832377e-03
-8.502009974988964552e-05 -5.905017054006304889e-04
4.815023774202415835e-05 1.732388235492239982e-04
-1.536319478986696382e-05 -3.979476109749620328e-05
3.577240714592030626e-06 7.498454100644220454e-06
-6.648573864304252776e-07 -1.196384287997727265e-06
1.033654345453711749e-07 1.653978691467008235e-07
-1.384495178718547553e-08 -2.016234588970628808e-08
1.630817287081588806e-09 2.197145371560658474e-09
-1.715378596540783301e-10 -2.164102068901462809e-10
1.630490693422148952e-11 1.944208242845142290e-11
-1.414026462424740662e-12 -1.605463734668904928e-12
1.128810672132294795e-13 1.223640089011710257e-13
-8.512053906329435754e-15 -8.237478143578831023e-15
4.000237627017223366e-16 5.998883905303471096e-16
6.754352599229571095e-17 1.583299837287739511e-17
6.009165254868046298e-17 -1.597206117040026874e-16
-1.063951966418698993e-15 -8.187421647711531007e-16
1.487172023300109367e-14 1.257164301084564267e-14
-2.008309486477905322e-13 -1.611683913557574891e-13
2.541575972447171450e-12 1.940490554017671426e-12
-2.966814341262521930e-11 -2.138177331124266484e-11
3.174649325861279670e-10 2.139899468871536727e-10
-3.088870858573746660e-09 -1.924188005418444466e-09
2.706394323047222379e-08 1.533319934256119675e-08
-2.110216717735034924e-07 -1.063131711664638038e-07
1.442706500498817956e-06 6.249208543147294789e-07
-8.485558941346210893e-06 -2.990199837914304641e-06
4.186291686002648592e-05 1.080011960878222574e-05
-1.672053378424711982e-04 -2.407575875860340812e-05
5.127947923603972486e-04 -5.885589654594645272e-07
-1.105689203989760391e-03 2.260313134432103430e-04
1.402552902961883919e-03 -7.784498521453748392e-04
-5.727210657994905247e-04 1.029131687998191807e-03
-2.968685822805689129e-04 -1.597896628692817061e-04
-1.556363808609503472e-04 -1.068170625168511834e-04
-4.144876020978158469e-06 -8.640090654831644683e-17
-1.556363808602349093e-04 1.068170625159432725e-04
-2.968685822802695647e-04 1.597896628696350205e-04
-5.727210657998901616e-04 -1.029131687997511578e-03
1.402552902962439898e-03 7.784498521452873441e-04
-1.105689203989426673e-03 -2.260313134427182507e-04
5.127947923598241394e-04 5.885589647971027619e-07
-1.672053378421667271e-04 2.407575875884205796e-05
4.186291685974551492e-05 -1.080011960871699404e-05
-8.485558941193136793e-06 2.990199837347177119e-06
1.442706500392204037e-06 -6.249208543512747154e-07
-2.110216715001690573e-07 1.063131712220792857e-07
2.706394347773094484e-08 -1.533319931169873407e-08
-3.088871085766164958e-09 1.924187932830560184e-09
3.174652531074589395e-10 -2.139905278115974891e-10
-2.966780321831857170e-11 2.138234516952259629e-11
2.541960910825042792e-12 -1.940317853906956521e-12
-2.008071653443474825e-13 1.612562930786002237e-13
1.446367138347864067e-14 -1.259464410869131282e-14
-1.109194069918306591e-15 6.544378089786688268e-16
-2.117689220432550426e-16 -1.578735210105336021e-16
-5.767243352016079762e-18 -2.454977589223974697e-16
-1.284450904201876321e-15 1.660387219515169100e-15
1.734140926889597855e-14 -2.357146035856228815e-14
-2.177190247133316304e-13 3.109186792498051308e-13
2.514425945088913093e-12 -3.808155893674061401e-12
-2.647753188913914971e-11 4.293546617158287814e-11
2.518189874326936090e-10 -4.424300279535819659e-10
-2.136156539071676795e-09 4.131284367325600231e-09
1.589747251580966821e-08 -3.459877875202453027e-08
-1.014068214035314743e-07 2.566101615776848027e-07
5.348212725872401362e-07 -1.658859275577338381e-06
-2.183754414401734360e-06 9.156127227595776795e-06
5.841268213790515604e-06 -4.196884594585896478e-05
-2.577795731772686311e-06 1.535885850254281332e-04
-6.100334529196091578e-05 -4.225011473890575415e-04
3.026252542520610793e-04 7.869318653251924055e-04
-6.792802739017775489e-04 -7.872735365572760494e-04
6.072651503135841240e-04 1.242316498330628047e-04
3.105217805475071936e-05 1.631733818686853456e-04
2.008860329033193453e-05 8.895000835783405829e-05
2.395822544342752006e-05 -5.218100909602196143e-16
2.008860328956982511e-05 -8.895000835770860254e-05
3.105217805450356870e-05 -1.631733818683006165e-04
6.072651503131944618e-04 -1.242316498327948983e-04
-6.792802739013204492e-04 7.872735365569473193e-04
3.026252542518378962e-04 -7.869318653252521450e-04
-6.100334529178848020e-05 4.225011473893720143e-04
-2.577795731432110880e-06 -1.535885850254676795e-04
5.841268213773869712e-06 4.196884594542842133e-05
-2.183754414501162899e-06 -9.156127227743324852e-06
5.348212722293099531e-07 1.658859275567832554e-06
-1.014068212998283968e-07 -2.566101611816090731e-07
1.589747216236522268e-08 3.459877883619213622e-08
-2.136156304917677925e-09 -4.131284324866345770e-09
2.518191499129043469e-10 4.424303737698479161e-10
-2.647780145876373722e-11 -4.293536722769401039e-11
2.514532201550503456e-12 3.808371155856340303e-12
-2.178627563325181762e-13 -3.107905015744310789e-13
1.759693157531082369e-14 2.315088773122411077e-14
-1.166392884481633859e-15 -1.641660136871037563e-15
-4.776956614514917094e-17 1.348315272809130541e-17
-1.405479491154623320e-16 3.750510811224896109e-17
2.665634408087835760e-15 1.785554997316026081e-15
-3.660274742569048669e-14 -2.367967949354472985e-14
4.670866404757804963e-13 2.834860789288738946e-13
-5.526652538940278495e-12 -3.128784642935235556e-12
6.004858458781553185e-11 3.133261424956368015e-11
-5.947348068210758319e-10 -2.815525450477623281e-10
5.321075327225103183e-09 2.236089049948595674e-09
-4.253815601299070963e-08 -1.536692896197601115e-08
2.997729662848134019e-07 8.844632557381054321e-08
-1.830669885729589738e-06 -4.019068593951707989e-07
9.473804912259708628e-06 1.246054067367433734e-06
-4.030147316316159148e-05 -1.032442275584897631e-06
1.348790365705320241e-04 -1.459642363632371767e-05
-3.314626419667025944e-04 9.675981804230566097e-05
5.274580852516510794e-04 -3.101519611621831479e-04
-3.961622550083910644e-04 5.193506591740185575e-04
-4.075483986307677943e-05 -3.115806710788153423e-04
5.933763624787902614e-05 -6.615658810717132813e-05
2.281463976054227418e-05 -3.659358731152195950e-05
-8.070221024115124768e-06 6.755209958234893333e-17
2.281463976121478446e-05 3.659358731171901324e-05
5.933763624800901521e-05 6.615658810678451190e-05
-4.075483986362390850e-05 3.115806710786594340e-04
-3.961622550091552101e-04 -5.193506591742207612e-04
5.274580852519664739e-04 3.101519611618496473e-04
-3.314626419665472824e-04 -9.675981804226221157e-05
1.348790365703393342e-04 1.459642363653317876e-05
-4.030147316311223995e-05 1.032442275585958539e-06
9.473804912284753698e-06 -1.246054067163481118e-06
-1.830669885807289765e-06 4.019068594750228712e-07
2.997729659622846432e-07 -8.844632565040807674e-08
-4.253815611400190322e-08 1.536692892907746654e-08
5.321075354474153924e-09 -2.236088921459731858e-09
-5.947350765695972746e-10 2.815530206383278193e-10
6.004829022596730990e-11 -3.133302225528058673e-11
-5.527024127643567020e-12 3.128737587667629762e-12
4.671489868230478922e-13 -2.835212112337896228e-13
-3.632046213482589813e-14 2.380741318350785330e-14
2.743374556971172314e-15 -1.603109103804311589e-15
4.586835288588026136e-17 2.348116500286420723e-16
-1.133266452095057503e-16 3.751922994112126291e-16
2.461176883197697830e-15 -3.957874055404420408e-15
-3.004683240141754946e-14 5.375794139146989021e-14
3.483821904938998784e-13 -6.668484670118600358e-13
-3.673802293906842681e-12 7.641737056988714926e-12
3.493217831448324401e-11 -8.021784058282585252e-11
-2.953459445093240071e-10 7.653061489102946260e-10
2.177356202243712982e-09 -6.572596975361490849e-09
-1.358080637627655315e-08 5.022724051674802109e-08
6.786814845095786967e-08 -3.366586571162490222e-07
-2.378920897533677020e-07 1.943217997858765882e-06
2.727150996186891492e-07 -9.428387516338633865e-06
3.189523698253437667e-06 3.719377048541470135e-05
-2.669987777291795946e-05 -1.135957090187361099e-04
1.117650993082633252e-04 2.480865724003783533e-04
-2.770355193230523549e-04 -3.319863707762435185e-04
3.602084163795837434e-04 1.699257304143725095e-04
-1.354842338267382782e-04 7.396518710187509099e-05
-4.825834294004842698e-05 -6.832410811518137198e-06
-2.056490886443245966e-05 2.950695665683429192e-06
-2.007103128272218321e-06 -1.195575501192980902e-16
-2.056490886410193724e-05 -2.950695665545544933e-06
-4.825834294010538825e-05 6.832410811737081663e-06
-1.354842338267665217e-04 -7.396518710177793293e-05
3.602084163795373395e-04 -1.699257304143652453e-04
-2.770355193228196309e-04 3.319863707763632144e-04
1.117650993083037659e-04 -2.480865724006584569e-04
-2.669987777331929045e-05 1.135957090188056615e-04
3.189523698459256933e-06 -3.719377048508838360e-05
2.727150995408795380e-07 9.428387516154168723e-06
-2.378920896754805079e-07 -1.943217997667898865e-06
6.786814832210153997e-08 3.366586568801329766e-07
-1.358080624877778565e-08 -5.022724048598942913e-08
2.177356098262966223e-09 6.572596700931566682e-09
-2.953460211598286299e-10 -7.653064990989217992e-10
3.493242913545491824e-11 8.021785722133054447e-11
-3.673922996658587634e-12 -7.641819170066356941e-12
3.483734886893884854e-13 6.668366090385871752e-13
-3.037021326134466422e-14 -5.339796913043413498e-14
2.262846988764121033e-15 3.948467658854470301e-15
-3.788036040237220055e-17 -1.783045493032071520e-16
3.382140564216654876e-16 1.015609635600585683e-16
-5.957211044484665008e-15 -3.128123616578273003e-15
7.788041269307267478e-14 3.754043252070757159e-14
-9.347736861104070231e-13 -4.143100594324540272e-13
1.034375492411430468e-11 4.145144385313176348e-12
-1.046098088280707689e-10 -3.707112970095572037e-11
9.589652191717902244e-10 2.910554607798702410e-10
-7.888681313703452564e-09 -1.949894713224674972e-09
5.752368317623192899e-08 1.058598761108788195e-08
-3.661626706849548226e-07 -4.104956020757967672e-08
1.994997166794209485e-06 5.668065718083176322e-08
-9.063189769390214047e-06 6.524712986937870736e-07
3.309771426977932781e-05 -6.553329637225131450e-06
-9.196607121831864348e-05 3.384265969045735680e-05
1.772185800632476347e-04 -1.114577558828556568e-04
-1.946515183248794401e-04 2.257345847039436324e-04
5.251346576573145427e-05 -2.300555790115727699e-04
5.931925434999305214e-05 4.504880493120366053e-05
1.047497113408166941e-05 2.419393435566299380e-05
7.510699172091386281e-06 7.140967424792557186e-06
3.192313452856523533e-06 -3.671498904508284166e-16
7.510699171520389513e-06 -7.140967424633698698e-06
1.047497113412034833e-05 -2.419393435564271583e-05
5.931925434979862759e-05 -4.504880493095781091e-05
5.251346576613002731e-05 2.300555790115571032e-04
-1.946515183254019172e-04 -2.257345847039423856e-04
1.772185800633710169e-04 1.114577558831575258e-04
-9.196607121844947957e-05 -3.384265969068976908e-05
3.309771427012863742e-05 6.553329637183978354e-06
-9.063189769441059741e-06 -6.524712986230279529e-07
1.994997166947314502e-06 -5.668065712778665577e-08
-3.661626706566772100e-07 4.104956025825825353e-08
5.752368330712944266e-08 -1.058598758879950862e-08
-7.888681346924102954e-09 1.949894607295769805e-09
9.589655743197389521e-10 -2.910557520494033148e-10
-1.046096610766676157e-10 3.707144303478054109e-11
1.034391042241291947e-11 -4.145129495779988909e-12
-9.349186915879918856e-13 4.144604494642070770e-13
7.767868942591765839e-14 -3.781624967557520658e-14
-6.011452620677079131e-15 2.929829857077775757e-15
2.550345168764683659e-16 -3.309456952875177313e-16
2.646427763012618974e-16 -8.142599312224415925e-16
-3.812886497456392319e-15 8.493962571719144065e-15
4.366088975824680812e-14 -1.068002887522880721e-13
-4.611614833858242379e-13 1.245982056127654700e-12
4.362944971765908417e-12 -1.336292636564863252e-11
-3.642520228344740836e-11 1.306426843656497605e-10
2.611670387081652431e-10 -1.154170555608398627e-09
-1.529698372680546995e-09 9.117078752849037638e-09
6.467161620833297622e-09 -6.356235265067874909e-08
-9.936244705054969231e-09 3.847862653219739493e-07
-1.260797015017931461e-07 -1.980411384054264241e-06
1.456859274791805602e-06 8.423506787143209619e-06
-8.924331349500186876e-06 -2.844124161406204102e-05
3.667515131044465308e-05 7.164393151874787126e-05
-1.013296853743400502e-04 -1.206296063324194533e-04
1.714033525214862439e-04 1.044602507396365319e-04
-1.359565962507017093e-04 -1.093794113780495101e-08
6.024014572858320690e-06 -3.578267083003392780e-05
8.122208908292011695e-06 -1.129038604532756842e-05
4.930163146549115545e-07 -4.956891843227630027e-06
-1.343991500884097039e-06 1.389475843683129107e-16
4.930163150819966838e-07 4.956891843378407820e-06
8.122208908551444335e-06 1.129038604554637058e-05
6.024014572718223981e-06 3.578267082988959339e-05
-1.359565962500013960e-04 1.093794149595057995e-08
1.714033525214190233e-04 -1.044602507396897526e-04
-1.013296853741111616e-04 1.206296063324193449e-04
3.667515131058430509e-05 -7.164393151861418914e-05
-8.924331349630103095e-06 2.844124161404858336e-05
1.456859274818225830e-06 -8.423506786969779623e-06
-1.260797015513053718e-07 1.980411384029801929e-06
-9.936244623672991607e-09 -3.847862652496122952e-07
6.467161564639714941e-09 6.356235263061832222e-08
-1.529698238349606986e-09 -9.117078414525529807e-09
2.611670156020214072e-10 1.154170702571118438e-09
-3.642542016692056567e-11 -1.306426711101882880e-10
4.363027176747847401e-12 1.336300201701719158e-11
-4.611711858001837480e-13 -1.246106510913732778e-12
4.396364408391612943e-14 1.065292686607038318e-13
-3.682514083481458546e-15 -8.383741601063630366e-15
4.058989859174454020e-17 5.657622723339360351e-16
-8.062158174152554115e-16 -2.474757520237412578e-16
1.193703294784034821e-14 4.578235125709365923e-15
-1.463126915776118419e-13 -4.996433811775855982e-14
1.651667765978080905e-12 4.957008502410086278e-13
-1.709410414990650760e-11 -4.362778888632025223e-12
1.609158561437802601e-10 3.314896230722746017e-11
-1.365209395803210135e-09 -2.068667644588768923e-10
1.032322138930222397e-08 9.342692862334608553e-10
-6.862567146583694577e-08 -1.444757448517756756e-09
3.941668019726796221e-07 -2.351434118502575209e-08
-1.912348138162273530e-06 2.987053918685277475e-07
7.599182082531276037e-06 -2.101883917906704029e-06
-2.365501971435751973e-05 1.032870720503022434e-05
5.373439565121767778e-05 -3.618775746204584931e-05
-7.792422849623450120e-05 8.611724958744716122e-05
4.928347183710550837e-05 -1.226810819636291617e-04
1.778228700205172582e-05 7.412078042476788909e-05
-1.730108807489836312e-05 6.601622905616846668e-06
-7.195408143156129522e-06 -5.542247226159282914e-07
-2.045913533667167234e-06 1.127705809246966877e-06
3.407573847390630093e-08 -7.617007338963874370e-16
-2.045913534469464136e-06 -1.127705809104948886e-06
-7.195408143279481236e-06 5.542247229598533141e-07
-1.730108807458690233e-05 -6.601622905637502413e-06
1.778228700232664560e-05 -7.412078042477111459e-05
4.928347183702217388e-05 1.226810819637098805e-04
-7.792422849630307698e-05 -8.611724958753868143e-05
5.373439565148964989e-05 3.618775746212431167e-05
-2.365501971462288499e-05 -1.032870720488389093e-05
7.599182082416309102e-06 2.101883917906275431e-06
-1.912348138306595662e-06 -2.987053918712256534e-07
3.941668019341283469e-07 2.351434117085329939e-08
-6.862567164935256302e-08 1.444757470099916576e-09
1.032322132458911360e-08 -9.342691755414032213e-10
-1.365209733502182542e-09 2.068669163617056694e-10
1.609157987176719188e-10 -3.314917998900218293e-11
-1.709419703617550523e-11 4.362753685617594887e-12
1.651824539995511130e-12 -4.957327986385518408e-13
-1.462351570084101894e-13 5.019376160346114602e-14
1.194478850438020230e-14 -4.367086784278396900e-15
-8.079926597311414666e-16 4.497969539614305869e-16
-3.689579661884183676e-16 1.392806832040111274e-15
5.005867685069879519e-15 -1.583298612394817866e-14
-5.208766589847288140e-14 1.886695340829739687e-13
4.848800978407563926e-13 -2.070654490806333434e-12
-3.905644931796679674e-12 2.079105224046497764e-11
2.591005404676548607e-11 -1.893637145872903939e-10
-1.239859011599703024e-10 1.549458182557621673e-09
1.790760640879033396e-10 -1.125717510681688051e-08
4.132885727892739179e-09 7.157037200216069943e-08
-5.644914536677731785e-08 -3.908976305767624870e-07
4.471965337399877333e-07 1.789993205906384793e-06
-2.554938108047351735e-06 -6.645381202126263110e-06
1.084928071633430820e-05 1.903354426903875550e-05
-3.338567820766477834e-05 -3.874484916366647365e-05
6.932875229467987707e-05 4.735733279261806225e-05
-8.327587058504240199e-05 -1.817458780471233675e-05
3.678613630122255654e-05 -1.946122736083010949e-05
7.928357317365228158e-06 6.253535428112045211e-06
1.747897594853143637e-06 3.326212537275491188e-06
1.012000027104174678e-06 5.340894551876027316e-07
2.678485564933305265e-07 -5.559755076669263385e-18
1.012000027317449951e-06 -5.340894546810978873e-07
1.747897594792849079e-06 -3.326212537133677121e-06
7.928357316900679715e-06 -6.253535428165581929e-06
3.678613630090171401e-05 1.946122736081027876e-05
-8.327587058498423455e-05 1.817458780452280127e-05
6.932875229461008156e-05 -4.735733279259361349e-05
-3.338567820752980873e-05 3.874484916353293382e-05
1.084928071640461702e-05 -1.903354426915283728e-05
-2.554938108007078707e-06 6.645381202025772816e-06
4.471965337907939871e-07 -1.789993205995583292e-06
-5.644914529822690172e-08 3.908976305860193395e-07
4.132885780234307184e-09 -7.157037209236444082e-08
1.790758985936913984e-10 1.125717466751536227e-08
-1.239858170228472572e-10 -1.549458285202496559e-09
2.591021685655142720e-11 1.893637810985309734e-10
-3.905701224669870227e-12 -2.079113340200869667e-11
4.848751808918771369e-13 2.070823663200285078e-12
-5.226397763052027086e-14 -1.884982871382931391e-13
4.930142882645054908e-15 1.581605258564304690e-14
-1.600978085263174336e-16 -1.278749623623575367e-15
1.645985312924987972e-15 3.875382300615949550e-16
-2.149808818055842533e-14 -5.507421693287658636e-15
2.477106554315208760e-13 5.293480688858849332e-14
-2.626868703223802496e-12 -4.460417076024126459e-13
2.542689031923231546e-11 3.096379946442676001e-12
-2.227509538971611076e-10 -1.527748200685313805e-11
1.748394664460053095e-09 1.576040043920290439e-11
-1.214527318789881744e-08 7.134321406780902056e-10
7.352887750212778829e-08 -1.010172526524833443e-08
-3.804034474337826737e-07 8.794941382011964488e-08
1.638280454797637250e-06 -5.693257603351210169e-07
-5.661432723283628060e-06 2.831833726204049691e-06
1.484618830159132647e-05 -1.068566134029382130e-05
-2.680966022080255890e-05 2.926708554153782153e-05
2.663079875887110900e-05 -5.332980087249756867e-05
-2.431628751680130550e-06 5.378008568207119633e-05
-1.525905341691079478e-05 -1.608282849457244246e-05
9.384567470313045437e-07 -5.697348358444900607e-06
9.919769003579377507e-07 -1.729340237046234511e-06
-6.198496942451432034e-08 -5.578371512099821802e-07
-1.376637863233375683e-07 2.495767906887549404e-16
-6.198496919313457854e-08 5.578371503678185077e-07
9.919769002170429255e-07 1.729340237104759406e-06
9.384567469951668359e-07 5.697348358099167169e-06
-1.525905341726623352e-05 1.608282849513645459e-05
-2.431628751716941331e-06 -5.378008568176473981e-05
2.663079875878869609e-05 5.332980087247160203e-05
-2.680966022112248664e-05 -2.926708554127780275e-05
1.484618830174121742e-05 1.068566134013289521e-05
-5.661432723220970492e-06 -2.831833726230419944e-06
1.638280454858889591e-06 5.693257604128986526e-07
-3.804034474113247598e-07 -8.794941383272614212e-08
7.352887762727947382e-08 1.010172532847674328e-08
-1.214527300223572186e-08 -7.134322615759949849e-10
1.748395029885108613e-09 -1.576048718552383767e-11
-2.227509895397411420e-10 1.527762022496142282e-11
2.542691748721706811e-11 -3.096396307669702951e-12
-2.626916363365410048e-12 4.461824557362009099e-13
2.476340295678212732e-13 -5.321283229802451490e-14
-2.143556708067073794e-14 5.351250258262209126e-15
1.671017530603183100e-15 -5.516715474754116654e-16
5.057487850522628297e-16 -2.240273763871118477e-15
-5.181273348424449201e-15 2.672199339585022516e-14
4.611543609322104184e-14 -3.007640951627012101e-13
-3.362004057608093576e-13 3.104975357097497740e-12
1.703226632989138834e-12 -2.920281569352417757e-11
-6.707559687267002617e-13 2.478683670716068416e-10
-1.128276545904193967e-10 -1.878683525409124623e-09
1.658218329253762209e-09 1.255093073084088529e-08
-1.576236051905153774e-08 -7.271264864572944386e-08
1.142408091561683304e-07 3.576908217085778771e-07
-6.526568051694979892e-07 -1.452276562332610516e-06
2.923507827172711034e-06 4.673362033312397434e-06
-9.976606115201976449e-06 -1.118490468445440003e-05
2.454689736576396025e-05 1.769215609996331774e-05
-3.936447575527025352e-05 -1.334824555607151248e-05
3.303807204275881416e-05 -4.255434896626134704e-06
-5.645058091392742155e-06 1.009382459650428667e-05
-3.197717512460485118e-06 9.786380486211106191e-07
-1.079481534751029315e-06 3.407917302137411130e-08
-2.175896323166548434e-07 1.667941635404301948e-07
3.169268756302598629e-09 2.778885306429290172e-16
-2.175896323156025373e-07 -1.667941636299639597e-07
-1.079481534660974889e-06 -3.407917289399249905e-08
-3.197717512177258053e-06 -9.786380484869664347e-07
-5.645058091564424722e-06 -1.009382459638225633e-05
3.303807204264726330e-05 4.255434896536696495e-06
-3.936447575515683242e-05 1.334824555596626186e-05
2.454689736574065668e-05 -1.769215609998861353e-05
-9.976606115048539819e-06 1.118490468440558044e-05
2.923507827145263355e-06 -4.673362033367116609e-06
-6.526568052419878100e-07 1.452276562489047549e-06
1.142408090915152320e-07 -3.576908217891015407e-07
-1.576236046386245093e-08 7.271264876222508794e-08
1.658218290956596246e-09 -1.255093048991871184e-08
-1.128277498321156876e-10 1.878683581297193936e-09
-6.708729290969269426e-13 -2.478684039094031232e-10
1.703303967930108403e-12 2.920286899336912167e-11
-3.361397971781952214e-13 -3.105115337644423933e-12
4.628041130262369254e-14 3.005655296121215460e-13
-5.235619604576044591e-15 -2.661804758058794666e-14
2.790919326561232273e-16 2.261230854289559075e-15
-2.973845190070741569e-15 -4.674188585964872920e-16
3.530491466096947255e-14 4.925694871648225945e-15
-3.835419345736731981e-13 -3.615283398784021744e-14
3.820331040247025953e-12 1.802126612421751137e-13
-3.457372039763097296e-11 1.779348844277891304e-13
2.817226381353335936e-10 -1.796349377626249086e-11
-2.044214174046900167e-09 2.665721375426106063e-10
1.302980962489345499e-08 -2.705791989528273366e-09
-7.170934970759322460e-08 2.148337429489603728e-08
3.331726114990710780e-07 -1.375863562355505912e-07
-1.267235777532407209e-06 7.098649774095048348e-07
3.772083219732376095e-06 -2.893468773501812842e-06
-8.162608949542874169e-06 8.975143218064994232e-06
1.105574025548591051e-05 -1.987965831928904629e-05
-5.392059553155791948e-06 2.801557692536214042e-05
-6.091686301146013039e-06 -1.927725661106971961e-05
5.874453409832587768e-06 1.015036674964484938e-06
1.267952255868803066e-06 1.431919302166098432e-06
3.136944055325041399e-07 5.023890518125519691e-07
1.294328198785690131e-07 5.523373134250994212e-08
3.159042182357380615e-08 -1.082095142376854236e-16
1.294328196906839235e-07 -5.523373162584621506e-08
3.136944051411944529e-07 -5.023890516894690821e-07
1.267952255802371331e-06 -1.431919302382456693e-06
5.874453410072115980e-06 -1.015036675048975840e-06
-6.091686301138714156e-06 1.927725661102013769e-05
-5.392059553205769433e-06 -2.801557692556948731e-05
1.105574025572811788e-05 1.987965831932535690e-05
-8.162608949635825870e-06 -8.975143217940287265e-06
3.772083219643578667e-06 2.893468773341849823e-06
-1.267235777395638493e-06 -7.098649774331387481e-07
3.331726114892116145e-07 1.375863562661777674e-07
-7.170934981953897827e-08 -2.148337431901168733e-08
1.302980951684082192e-08 2.705791938676741367e-09
-2.044214485114501586e-09 -2.665721551085935892e-10
2.817228003206761566e-10 1.796337653229185090e-11
-3.457379257253367630e-11 -1.779115342383362458e-13
3.820402303113457614e-12 -1.802636313256475273e-13
-3.836244813059671160e-13 3.645333367589492363e-14
3.521108914442008721e-14 -4.809020916593342073e-15
-2.955922092672297217e-15 5.763699868782092225e-16
-3.583667869746542148e-16 3.640566798440607860e-15
3.343975489687971177e-15 -4.097312869272751921e-14
-1.609764301925810201e-14 4.361562143231292599e-13
-5.176964973867056729e-14 -4.240033051028461163e-12
2.503632510844483370e-12 3.737173986270356557e-11
-3.809481823229356773e-11 -2.957131323021472391e-10
4.147966964153356678e-10 2.076287398239206760e-09
-3.608391861387240410e-09 -1.275017664063617079e-08
2.578624453692896586e-08 6.723095825859544787e-08
-1.515419361213678048e-07 -2.971016930832316086e-07
7.224399011154971385e-07 1.063828598026227383e-06
-2.720016605199440465e-06 -2.933736832535399951e-06
7.743734285572194298e-06 5.708340847445655046e-06
-1.552097338530283508e-05 -6.406728565347724143e-06
1.920644359191573481e-05 1.014194076405341761e-06
-1.059830040428979963e-05 5.661104891673550386e-06
-6.513418745861563051e-07 -3.011541535492979411e-06
4.505030881214037457e-07 -9.730736448705058724e-07
1.585300833057535234e-07 -2.823549343630092457e-07
-8.403026604692975536e-09 -7.102307288771931119e-08
-1.516088711244748795e-08 -2.357204481363983800e-16
-8.403026964918376412e-09 7.102307284315527995e-08
1.585300832297119876e-07 2.823549342694950614e-07
4.505030881063739402e-07 9.730736447970994561e-07
-6.513418746014544613e-07 3.011541535140918213e-06
-1.059830040439836215e-05 -5.661104891618998076e-06
1.920644359186787407e-05 -1.014194076634770375e-06
-1.552097338514590359e-05 6.406728565322625710e-06
7.743734285392030390e-06 -5.708340847319160839e-06
-2.720016605203572715e-06 2.933736832690201151e-06
7.224399011745089711e-07 -1.063828598178340736e-06
-1.515419359852189582e-07 2.971016932266276691e-07
2.578624445971214206e-08 -6.723095836422416217e-08
-3.608391862462810539e-09 1.275017653880214260e-08
4.147968788594955855e-10 -2.076287413107500751e-09
-3.809478515189636882e-11 2.957131677271377494e-10
2.503579253358292392e-12 -3.737175623849188865e-11
-5.179916335502148301e-14 4.240107488639832223e-12
-1.621709891161936359e-14 -4.360337773146680134e-13
3.446330897674152848e-15 4.091892142425124640e-14
-2.473823081616767241e-16 -3.611825836245455294e-15
4.854702739551740913e-15 2.243824398061789602e-16
-5.389945300887939950e-14 -1.520774047777446048e-15
5.516014633939284217e-13 -1.112543679454374117e-14
-5.155659351036287564e-12 3.708305632921837315e-13
4.359187797664190574e-11 -5.664871674295542649e-12
-3.300644823467150135e-10 6.466747707431670333e-11
2.210964856088844518e-09 -6.021035068202214015e-10
-1.290510825744033842e-08 4.684847092895729029e-09
6.436785744508416434e-08 -3.053238042186949787e-08
-2.672820886774987196e-07 1.650593182858192091e-07
8.903560761692911744e-07 -7.257400527433315661e-07
-2.245468314915679437e-06 2.515409548656784263e-06
3.850735909218071980e-06 -6.548113985271120263e-06
-3.333899842569647893e-06 1.182780014902488337e-05
-1.100264950795151322e-06 -1.276029252662928431e-05
4.429046827707398721e-06 5.446438414430446760e-06
-1.316093918369040978e-06 9.686032479963696772e-07
-5.881732355522987682e-07 -1.138192221577833846e-08
-1.753252682428140738e-07 -5.253899032104835354e-09
-2.969843378946170075e-08 1.997382663054144220e-08
-9.438251151604942258e-10 -4.045430793196734870e-17
-2.969843401788708759e-08 -1.997382640110559469e-08
-1.753252683645698455e-07 5.253898889853271850e-09
-5.881732354138500683e-07 1.138192184617573526e-08
-1.316093918403890667e-06 -9.686032479454085752e-07
4.429046827741068281e-06 -5.446438414436331098e-06
-1.100264950914201379e-06 1.276029252686119346e-05
-3.333899842729111586e-06 -1.182780014906008606e-05
3.850735909283764467e-06 6.548113985159260245e-06
-2.245468314857162589e-06 -2.515409548508505216e-06
8.903560760303588187e-07 7.257400527342044685e-07
-2.672820886332702590e-07 -1.650593182903135924e-07
6.436785747911211158e-08 3.053238043565178933e-08
-1.290510832610427019e-08 -4.684847054881647226e-09
2.210964933855262833e-09 6.021034914738019198e-10
-3.300645711943916614e-10 -6.466739634910372315e-11
4.359191426516233677e-11 5.665000176707274828e-12
-5.155783159626920496e-12 -3.708392145841168063e-13
5.516305476387226277e-13 1.094952929272639912e-14
-5.376263050551354373e-14 1.441933209857209626e-15
4.836435741170329715e-15 -3.835113423214472492e-16
2.941624554586922410e-17 -5.290824726314071274e-15
1.561323925128759041e-15 5.737946628665690589e-14
-4.438628537194168224e-14 -5.771171196913291353e-13
6.929043670409829609e-13 5.286577258031356985e-12
-8.402176421477070089e-12 -4.369842758095911520e-11
8.465081082790607788e-11 3.225059132838114252e-10
-7.231651513719426360e-10 -2.097945009832853351e-09
5.251830859930508716e-09 1.183608407661609005e-08
-3.218553479646489320e-08 -5.671030259820960075e-08
1.639418839825008842e-07 2.242692110832688502e-07
-6.778380877399571657e-07 -7.022661041243464517e-07
2.196540122011584148e-06 1.627136536143599856e-06
-5.289037681833368073e-06 -2.429248720605118736e-06
8.666592660880871290e-06 1.393194968870790970e-06
-8.130863361584755885e-06 1.870220418509623151e-06
2.527539500522302193e-06 -3.103693653811946497e-06
8.009043054575865517e-07 4.244142524253583390e-07
1.256595800467986895e-07 2.942730506117173479e-07
4.023635118571687042e-08 8.471881249599844488e-08
1.618288113210636386e-08 9.042524866440565618e-09
4.141300467479685709e-09 -2.625131462136567101e-16
1.618288149795396247e-08 -9.042525052229826096e-09
4.023635054842668479e-08 -8.471881273660052259e-08
1.256595801714775189e-07 -2.942730504979497057e-07
8.009043051369513351e-07 -4.244142520957739017e-07
2.527539500727368446e-06 3.103693653765919150e-06
-8.130863361687895699e-06 -1.870220418240527772e-06
8.666592661008032958e-06 -1.393194968794587650e-06
-5.289037681814842615e-06 2.429248720402860821e-06
2.196540122174533382e-06 -1.627136536301301086e-06
-6.778380877331936076e-07 7.022661042626990134e-07
1.639418839587908968e-07 -2.242692111128591521e-07
-3.218553470214257982e-08 5.671030259661983240e-08
5.251830733211630259e-09 -1.183608396807555111e-08
-7.231652464040829551e-10 2.097945005089321194e-09
8.465088909148294702e-11 -3.225059611877297202e-10
-8.402176614074256086e-12 4.369853131516055045e-11
6.929484063907205471e-13 -5.286573465916226990e-12
-4.433501824665813539e-14 5.770315743149897591e-13
1.507682788020591368e-15 -5.724656007752966303e-14
5.973049560967081376e-18 5.304836640667883018e-15
-7.464898920665436191e-15 2.989868334666127945e-16
7.772598542870239233e-14 -6.246854812941680511e-15
-7.488303431953403082e-13 9.984557550156625182e-14
6.564675323034177386e-12 -1.253535147860179232e-12
-5.179897680004870233e-11 1.329056904086871671e-11
3.638785794539752042e-10 -1.210025504951326668e-10
-2.245248097947337755e-09 9.486587061928184630e-10
1.196267508893966709e-08 -6.370230648831127656e-09
-5.381528377998971047e-08 3.621171521573822501e-08
1.981527214464941032e-07 -1.711305691162899446e-07
-5.699131829916743061e-07 6.549941883216765003e-07
1.180530411376383172e-06 -1.954870337900218556e-06
-1.455793361636680630e-06 4.294653547425974446e-06
2.642399876707983672e-07 -6.303498942921134412e-06
1.953546025426703435e-06 5.060232908946814914e-06
-2.019424665651546738e-06 -1.022916709777915195e-06
3.068783304042749914e-08 -5.228019689958686417e-07
1.147027013261812232e-07 -1.300052312122300037e-07
3.049870090594540990e-08 -3.955326248814624656e-08
2.186389869133201288e-10 -9.378049460856128179e-09
-1.602317530120538892e-09 1.049485809250714284e-16
2.186387819536632439e-10 9.378049586287963234e-09
3.049870074500711837e-08 3.955326292288187672e-08
1.147027012903764920e-07 1.300052314890093218e-07
3.068783323177505434e-08 5.228019690951995601e-07
-2.019424665826214249e-06 1.022916709979108601e-06
1.953546025686463452e-06 -5.060232908950402946e-06
2.642399877045620005e-07 6.303498942880432784e-06
-1.455793361726032865e-06 -4.294653547418082640e-06
1.180530411373299125e-06 1.954870337847757570e-06
-5.699131829417066679e-07 -6.549941881747990814e-07
1.981527213926066612e-07 1.711305691550906710e-07
-5.381528376747505676e-08 -3.621171517630497673e-08
1.196267508185949901e-08 6.370230628161890061e-09
-2.245248146761722015e-09 -9.486587086207234282e-10
3.638785361208692559e-10 1.210025477955636748e-10
-5.179902402452398931e-11 -1.329063630815225176e-11
6.564670027496360559e-12 1.253578964916073403e-12
-7.489189112948315546e-13 -9.966011352303460901e-14
7.752924372581855214e-14 6.324948032731543610e-15
-7.409734675886586327e-15 -1.988521278903189375e-16
6.542058392547277955e-16 7.023327218893528889e-15
-9.914163969034076339e-15 -7.244759670978403699e-14
1.319633917507608438e-13 6.903477154035464994e-13
-1.502505042620304325e-12 -5.965099120123832083e-12
1.488712724730247095e-11 4.628906300051343155e-11
-1.285616800523309420e-10 -3.188862747602523738e-10
9.632964605494769745e-10 1.922529439961060023e-09
-6.202807424809196330e-09 -9.959536074587377608e-09
3.382611953242174578e-08 4.326492525538127720e-08
-1.530430612063164858e-07 -1.522462202645851170e-07
5.581893894980610421e-07 4.111375889247365202e-07
-1.574711984679544458e-06 -7.699043400706479467e-07
3.225585192914748728e-06 7.485868806364411474e-07
-4.303671044425925831e-06 3.137160532443502732e-07
2.947521989556102310e-06 -1.662652406833942392e-06
-2.754410408616918028e-07 1.200255655688870658e-06
-2.944464074711977407e-07 1.114817760235686124e-07
-9.210692971381317964e-08 -2.614379133843969553e-08
-2.604503780851991871e-08 -4.894566296730695233e-09
-4.347858105047986043e-09 1.999388556274107470e-09
-3.465001065459239939e-10 2.526836016891634397e-16
-4.347857929633059371e-09 -1.999388725801126146e-09
-2.604503758368395972e-08 4.894566071694437767e-09
-9.210692980529218207e-08 2.614379138418304480e-08
-2.944464073403361796e-07 -1.114817759182431491e-07
-2.754410409119275269e-07 -1.200255655827302946e-06
2.947521989640588765e-06 1.662652406663372403e-06
-4.303671044164378150e-06 -3.137160533687120211e-07
3.225585192936205343e-06 -7.485868806229977816e-07
-1.574711984831048159e-06 7.699043403281216105e-07
5.581893894820100854e-07 -4.111375890608372448e-07
-1.530430611155877163e-07 1.522462203230240376e-07
3.382611951712395356e-08 -4.326492521698052899e-08
-6.202807278057343469e-09 9.959535874701301821e-09
9.632965224735473231e-10 -1.922529498407655632e-09
-1.285617570781430993e-10 3.188863236285251238e-10
1.488708097305595973e-11 -4.628916190384644167e-11
-1.502547076037960028e-12 5.965123839040975812e-12
1.319064084692605923e-13 -6.903031523388912471e-13
-9.845460612305146558e-15 7.231599595581841520e-14
6.770736180843144147e-16 -7.056138419819669356e-15
1.094859938314812750e-14 -1.523609863715772061e-15
-1.082290324405821547e-13 2.046392210369262895e-14
9.825973395906115055e-13 -2.435131337040689597e-13
-8.073424977527635941e-12 2.529006146187802583e-12
5.938175874734110071e-11 -2.310107002970482828e-11
-3.863172436071887831e-10 1.849114907821353340e-10
2.189564461993514427e-09 -1.287086320505898797e-09
-1.060219942244322347e-08 7.699883184860432824e-09
4.271033362660642695e-08 -3.895281827597674746e-08
-1.377057578286815493e-07 1.629928434886237889e-07
3.333526960595280359e-07 -5.471578051894441753e-07
-5.298377409923246072e-07 1.410284492185447424e-06
3.217092568228468624e-07 -2.607757856830758325e-06
5.981886913982313767e-07 3.068592693527380294e-06
-1.346532271891499643e-06 -1.732027375601882963e-06
6.906431669138373695e-07 -1.144454161506357805e-08
1.224445501927598877e-07 1.397270716722412769e-07
9.668126743158257619e-09 5.249199211515906106e-08
4.083350138156371755e-09 1.369119779837872451e-08
1.944437145774758411e-09 1.584030684607847744e-09
5.635913982019339758e-10 -1.618695421116392295e-16
1.944437106448537374e-09 -1.584030613150863909e-09
4.083350086237502970e-09 -1.369119757807978500e-08
9.668126566279259313e-09 -5.249199229693692405e-08
1.224445500577377273e-07 -1.397270717680744257e-07
6.906431669855118151e-07 1.144454160789710029e-08
-1.346532271995469549e-06 1.732027375521021387e-06
5.981886915281015387e-07 -3.068592693479840147e-06
3.217092569927113790e-07 2.607757856861909232e-06
-5.298377410131326069e-07 -1.410284492212152043e-06
3.333526960106869515e-07 5.471578050041958463e-07
-1.377057578514398688e-07 -1.629928434849365221e-07
4.271033355516860786e-08 3.895281831565887785e-08
-1.060219939505108620e-08 -7.699883113358045666e-09
2.189564560560344639e-09 1.287086282155593511e-09
-3.863171911028236722e-10 -1.849115551125341585e-10
5.938180479834067652e-11 2.310117966178903031e-11
-8.073342280039125030e-12 -2.529030783655355217e-12
9.826983372286210369e-13 2.433452501014259065e-13
-1.081654264237927750e-13 -2.050307455802758865e-14
1.098336016037310619e-14 1.460634592038095112e-15
-1.591859228273817857e-15 -8.084751375472869285e-15
1.965538558723752989e-14 7.950745222668300379e-14
-2.217859363037521731e-13 -7.180738187772189798e-13
2.218044843656034501e-12 5.861093077881993965e-12
-1.965428417614237532e-11 -4.276408488021008399e-11
1.532977094227927089e-10 2.753401589379704987e-10
-1.042171335024792859e-09 -1.539522766902307669e-09
6.093450925705406980e-09 7.319621582045876570e-09
-3.010086488007452694e-08 -2.874155823402439202e-08
1.226654187079296244e-07 8.918908160241459148e-08
-3.990340960255779357e-07 -2.024056309878492901e-07
9.880072870757291623e-07 2.784375866458118816e-07
-1.727519989608035785e-06 -4.757638500828822628e-08
1.859278475378321215e-06 -5.875758725194897855e-07
-8.593208265168964826e-07 9.147289674673672080e-07
-1.189647021096715872e-07 -3.303353377835372974e-07
5.111783811608181837e-08 -1.007016476612776697e-07
2.514140954343337108e-08 -1.803257140623730158e-08
5.664911012000572899e-09 -5.156905688532000252e-09
2.762752022532110078e-10 -1.263896741014892816e-09
-1.574546454361060035e-10 2.408825673792375859e-16
2.762748495026998052e-10 1.263897033200906854e-09
5.664910868332608180e-09 5.156905498026839999e-09
2.514140968445350749e-08 1.803257118722408530e-08
5.111783783358936891e-08 1.007016475933878466e-07
-1.189647022066033245e-07 3.303353378936986967e-07
-8.593208265164006507e-07 -9.147289674602681189e-07
1.859278475093844140e-06 5.875758725345643250e-07
-1.727519989695526454e-06 4.757638511323764662e-08
9.880072872299359573e-07 -2.784375868286210205e-07
-3.990340960641703979e-07 2.024056310436855696e-07
1.226654186985213912e-07 -8.918908159464600233e-08
-3.010086485266682378e-08 2.874155817098011025e-08
6.093450801531749205e-09 -7.319621440412576808e-09
-1.042171426435563030e-09 1.539522842150297061e-09
1.532978210296988138e-10 -2.753402420286200615e-10
-1.965428151201204321e-11 4.276419914314193459e-11
2.218029233903777312e-12 -5.861221213704626835e-12
-2.217940419297622220e-13 7.179558783331990436e-13
1.965041273256212245e-14 -7.928835646417845569e-14
-1.617838355954423853e-15 8.146265681044272498e-15
-1.618625171223912446e-14 3.979628345601570184e-15
1.509174707600790596e-13 -4.539356488034106390e-14
-1.291340311787518205e-12 4.738174032118014677e-13
9.950669744195289844e-12 -4.404069163614330380e-12
-6.824033691594327202e-11 3.630412452764592661e-11
4.109131280028959873e-10 -2.632267696247672107e-10
-2.135323867820425095e-09 1.660179356626761797e-09
9.357587656145892622e-09 -8.976711611753360320e-09
-3.346501126178201985e-08 4.082787923261839963e-08
9.271329173323667928e-08 -1.522939799610565822e-07
-1.799051529809114717e-07 4.499556086589991405e-07
1.789531472071922842e-07 -1.000972638531778173e-06
1.258716458692303321e-07 1.546635404116524035e-06
-6.533677281238445785e-07 -1.424948040277201586e-06
7.292123159034234607e-07 5.028019708709424921e-07
-1.782928302779037933e-07 1.184331776588914640e-07
-6.394958726326581826e-08 -1.157543637248664891e-08
-1.460710651730626342e-08 -8.838797715155985973e-09
-3.935837317838925696e-09 -1.494057372321771052e-09
-7.089370876229157679e-10 1.485581142163366416e-10
-7.666922958272088184e-11 -1.482830476810927672e-16
-7.089365395056780319e-10 -1.485583479037269606e-10
-3.935837294089732376e-09 1.494057154067216290e-09
-1.460710615495408854e-08 8.838797924759958267e-09
-6.394958733209341269e-08 1.157543640674100871e-08
-1.782928301326976233e-07 -1.184331775742201712e-07
7.292123160800067485e-07 -5.028019707894490288e-07
-6.533677281797486471e-07 1.424948040284875492e-06
1.258716456611372334e-07 -1.546635404210895363e-06
1.789531471714981040e-07 1.000972638536739245e-06
-1.799051530024036093e-07 -4.499556085469472694e-07
9.271329187784937028e-08 1.522939801308594243e-07
-3.346501113029674472e-08 -4.082787937620282572e-08
9.357587586777075579e-09 8.976711587245810295e-09
-2.135324005267307943e-09 -1.660179342654348042e-09
4.109131468084043101e-10 2.632268322024217057e-10
-6.824044994635496206e-11 -3.630417531154690156e-11
9.950597485511349354e-12 4.404102648778770920e-12
-1.291408400018958241e-12 -4.737680228915586043e-13
1.508368708791731470e-13 4.544643363637548994e-14
-1.613930677073545634e-14 -3.891919307468070923e-15
2.111517833931036714e-15 6.906345953557908462e-15
-2.353996380537158753e-14 -6.464814789012408301e-14
2.411073700816731560e-13 5.553336040973249379e-13
-2.211898322539082080e-12 -4.292557752452918027e-12
1.806397456906182996e-11 2.951011547706859099e-11
-1.301065500308666993e-10 -1.778999406632193969e-10
8.166540281434418464e-10 9.234612819938380598e-10
-4.399253372374300768e-09 -4.026550216178998460e-09
1.993790682994631681e-08 1.422004985952806298e-08
-7.403199759070980551e-08 -3.826775459177526390e-08
2.170709251276082842e-07 6.877759919582152043e-08
-4.759382889494138683e-07 -4.658607091395123697e-08
7.133566198449317704e-07 -1.231097261062490408e-07
-6.096944412312193663e-07 3.672612804820122568e-07
1.531381457773892642e-07 -3.421856227078638157e-07
8.196605868759365209e-08 4.126021632643674003e-08
8.653296471163188493e-09 3.463469780312464339e-08
-8.965388201062423582e-10 1.057487805083742316e-08
1.622329879113170725e-10 2.490407831891258242e-09
2.190176843439930785e-10 2.710450412375771131e-10
4.465035424298090550e-11 4.293162194924641330e-16
2.190177350487630480e-10 -2.710453782214977372e-10
1.622329150622857446e-10 -2.490407567780501139e-09
-8.965389539895868728e-10 -1.057487809692534443e-08
8.653296529133498054e-09 -3.463469779555817748e-08
8.196605869374974197e-08 -4.126021642101731904e-08
1.531381459280465146e-07 3.421856227888414889e-07
-6.096944412977200289e-07 -3.672612802898417098e-07
7.133566199643135469e-07 1.231097261654258065e-07
-4.759382891091854050e-07 4.658607107739633575e-08
2.170709252347837600e-07 -6.877759923935285970e-08
-7.403199764368070493e-08 3.826775457859497464e-08
1.993790680986720889e-08 -1.422004984405992284e-08
-4.399253288964561838e-09 4.026550189083032381e-09
8.166540833717677219e-10 -9.234613293913572626e-10
-1.301066028683274392e-10 1.779000289146749093e-10
1.806395900623413507e-11 -2.951015469762980333e-11
-2.211877862647438118e-12 4.292666598979380475e-12
2.410923190520855734e-13 -5.553222241339353077e-13
-2.354121296042723054e-14 6.454838743344300091e-14
2.138400253772427663e-15 -6.934375325102668409e-15
2.492007243524217697e-14 -8.803562648125770749e-15
-2.204837280514643473e-13 9.236056843428862397e-14
1.786325560993692983e-12 -8.841298508525656307e-13
-1.296772425348754172e-11 7.575110475743535499e-12
8.328689098207228125e-11 -5.765219327037225689e-11
-4.661032311069371170e-10 3.857774913145256218e-10
2.227563973397524645e-09 -2.240498333442816774e-09
-8.839364382472675740e-09 1.110983988809807550e-08
2.789535669607758451e-08 -4.604628852897007048e-08
-6.472830983560208366e-08 1.550617397796763532e-07
8.995631498995962163e-08 -4.078641897039066164e-07
1.656920251996425409e-09 7.901805912752550811e-07
-2.972099997009299238e-07 -1.022315156819466329e-06
5.698957121998725091e-07 7.192903850580574359e-07
-4.002515186497930684e-07 -1.115952899526845353e-07
2.421154082427694486e-08 -8.165370693779034716e-08
2.388621409864058825e-08 -1.201782574702870307e-08
5.943020697544987327e-09 -1.247331960255011012e-09
8.832464047009000072e-10 -4.687392430010314272e-10
1.350611982044607882e-11 -8.457531561149777561e-11
-7.341201052269693997e-12 2.912155339974848377e-16
1.350564787541631368e-11 8.457557515489598532e-11
8.832465648608442598e-10 4.687390355721910415e-10
5.943020416502056084e-09 1.247331891839395754e-09
2.388621442712227469e-08 1.201782567783872082e-08
2.421154038029396485e-08 8.165370679783879906e-08
-4.002515186203579853e-07 1.115952899049572198e-07
5.698957122662233527e-07 -7.192903850010673652e-07
-2.972099994888515085e-07 1.022315156868439021e-06
1.656920334825503195e-09 -7.901805914704892933e-07
8.995631494709158857e-08 4.078641897387557223e-07
-6.472831006439412657e-08 -1.550617398534885777e-07
2.789535652862843856e-08 4.604628856379608819e-08
-8.839364369558996715e-09 -1.110983991771500271e-08
2.227564123703194812e-09 2.240498351899835094e-09
-4.661031188982555138e-10 -3.857775902399996332e-10
8.328707971430371863e-11 5.765226728942014300e-11
-1.296760575647594762e-11 -7.575147804348326953e-12
1.786383113177063373e-12 8.840443538358757328e-13
-2.204254768619490649e-13 -9.235271363515845410e-14
2.490357319445243381e-14 8.733310993970202561e-15
