3.790179573079397497e-16 1.336558550246642473e-16
7.252021347656865589e-16 4.356108570493740407e-16
1.660237219658299172e-16 2.012877010347894096e-16
-1.270040560954880600e-16 1.426677150304624419e-15
4.661275133160748290e-16 -3.154227404529961819e-16
1.312547435694236002e-14 2.601042042148382316e-14
-1.877148823634410245e-13 -4.156785720276636798e-13
2.619846686491303827e-12 6.163382446841804769e-12
-3.400540177272686880e-11 -8.515564114905621832e-11
4.063802200699744595e-10 1.093543564737481813e-09
-4.431430284845538286e-09 -1.297955902678825354e-08
4.358057051206340553e-08 1.414510739190574432e-07
-3.804279485660542187e-07 -1.404622610808046699e-06
2.878231527404420902e-06 1.258859353495478369e-05
-1.806846499372332914e-05 -1.006773220921964592e-04
8.480473638128190300e-05 7.093907869371040859e-04
-1.741458021075214147e-04 -4.335674835479305829e-03
-1.732261792779748229e-03 2.240053720622546193e-02
2.553586510826755251e-02 -9.290894248943359912e-02
-1.996251725325273174e-01 2.715235397800788708e-01
6.878997352478173344e-01 0.000000000000000000e+00
-1.996251725325569049e-01 -2.715235397802531203e-01
2.553586510823599789e-02 9.290894248949135847e-02
-1.732261792768227931e-03 -2.240053720623553721e-02
-1.741458021068355213e-04 4.335674835479793286e-03
8.480473638169964609e-05 -7.093907869379905296e-04
-1.806846498972718355e-05 1.006773220922661056e-04
2.878231524294605082e-06 -1.258859353277816990e-05
-3.804279502354879186e-07 1.404622612138506337e-06
4.358056957059517189e-08 -1.414510731176195912e-07
-4.431429551018682572e-09 1.297955852378733641e-08
4.063800261406349201e-10 -1.093540373124802278e-09
-3.400636014954208585e-11 8.515701720866199322e-11
2.619681278598880213e-12 -6.163520795282918175e-12
-1.872457616108176337e-13 4.170084303786775185e-13
1.243129318856248038e-14 -2.671151215175137973e-14
-1.049675606057935574e-15 1.422155365663408223e-15
1.227786104423309437e-15 -5.282241234129921053e-17
2.599968812837111858e-16 1.633302821035282780e-16
-9.448046909500287704e-16 -4.843118108360877834e-16
-1.014074570715306221e-17 1.080668147662991240e-16
-1.264495995038369473e-16 1.231404572228034550e-16
3.309327432528354860e-16 -3.199518732205221419e-16
7.837617319593372162e-17 -1.386222159503767912e-16
7.895139371722276680e-16 1.312259235415232013e-16
-6.175493521766723267e-15 3.018881392670924470e-15
1.012527041946539685e-13 -5.735931273213125950e-14
-1.540484515642306570e-12 8.438062703937406411e-13
2.182500450098285432e-11 -1.156441784048339619e-11
-2.874081073442825669e-10 1.467404534772704165e-10
3.497754091963870770e-09 -1.714044875962443782e-09
-3.907575149508553188e-08 1.829062047892237715e-08
3.975601422818466729e-07 -1.766844912707650964e-07
-3.648604168725084316e-06 1.527752916857012579e-06
2.985371557036265851e-05 -1.165863318573320279e-05
-2.146137259876063758e-04 7.708910753922597120e-05
1.330213837792875668e-03 -4.307787780700874053e-04
-6.932531741463128332e-03 1.962632166755514090e-03
2.933486659723437417e-02 -6.890061507967357689e-03
-9.570548609481877023e-02 1.681298897312348550e-02
2.215798072286835618e-01 -2.206993171994358835e-02
-3.143094378044406501e-01 7.161736945495467807e-15
2.215798072287956944e-01 2.206993172000256201e-02
-9.570548609485796110e-02 -1.681298897317589497e-02
2.933486659724699255e-02 6.890061507985674634e-03
-6.932531741464705195e-03 -1.962632166760837956e-03
1.330213837795348299e-03 4.307787780709429492e-04
-2.146137259864137805e-04 -7.708910753958966681e-05
2.985371557050675915e-05 1.165863318415850078e-05
-3.648604169045053977e-06 -1.527752917512738476e-06
3.975601420642259622e-07 1.766844908840081322e-07
-3.907575181266062356e-08 -1.829062037963643085e-08
3.497754370677770360e-09 1.714044846807462824e-09
-2.874085391524120177e-10 -1.467404140617054978e-10
2.182452020075620191e-11 1.156407605842397573e-11
-1.540878512147964112e-12 -8.441526189950131692e-13
1.011718455958282087e-13 5.731764123875322510e-14
-6.109875509030421923e-15 -3.583133502388100937e-15
4.960418422191999651e-16 6.442449360456238800e-16
3.586166154205648382e-16 1.649349187853443353e-17
-3.811106818062022273e-16 -2.004684778644428761e-16
1.488069450911413445e-16 -3.881069868752402177e-16
-5.939166001956153088e-17 1.378258942897522767e-16
-6.052120946428495801e-16 -6.939414469347071337e-17
-2.017352966929142228e-16 -5.714776107810100685e-17
-2.956198934618862336e-16 -1.910276230037505839e-15
1.199321423702905350e-14 1.809165922362558535e-14
-1.929363757330131997e-13 -2.856117860540416934e-13
2.740011303205619009e-12 4.141414694712859946e-12
-3.621411078473954352e-11 -5.585129647882153496e-11
4.427423345581641882e-10 6.972881905820733281e-10
-4.973887189944779251e-09 -8.006217139418218817e-09
5.095378744093726373e-08 8.389054214866488290e-08
-4.716377877695139471e-07 -7.947085762300003319e-07
3.900924849486699236e-06 6.728525573537553738e-06
-2.843761467210321025e-05 -5.018229151116380856e-05
1.795795970558137480e-04 3.235451406537465232e-04
-9.606231391865986289e-04 -1.758077048965244436e-03
4.226274191474001934e-03 7.760956206476406563e-03
-1.471836200677825376e-02 -2.625115339267862849e-02
3.887356589192476203e-02 6.113779867492767639e-02
-7.535888266234443134e-02 -7.629527910286489079e-02
1.017138646257780277e-01 2.036581274375626276e-15
-7.535888266240339806e-02 7.629527910288821935e-02
3.887356589197864254e-02 -6.113779867494526649e-02
-1.471836200680124579e-02 2.625115339268583800e-02
4.226274191481047514e-03 -7.760956206476466411e-03
-9.606231391891562619e-04 1.758077048968015874e-03
1.795795970550949762e-04 -3.235451406536813085e-04
-2.843761467014266779e-05 5.018229151049979572e-05
3.900924849788813865e-06 -6.728525575015051942e-06
-4.716377875236046654e-07 7.947085760324851659e-07
5.095378733552615749e-08 -8.389054194711230784e-08
-4.973887114593353612e-09 8.006215335984576631e-09
4.427434942090398386e-10 -6.972887084011842844e-10
-3.621469578096915901e-11 5.585132937755796771e-11
2.739633775849032507e-12 -4.141307499773617490e-12
-1.930528825245910570e-13 2.859143634199607873e-13
1.275428218883959335e-14 -1.840185231313386533e-14
-1.091380710333315098e-15 1.072942183969192140e-15
-3.248884566072562913e-16 -5.398296973392811207e-17
5.108835411249394985e-16 1.640101614454445760e-16
2.150505386680919711e-16 8.578681290621629752e-17
3.126267886487911181e-16 5.944457963217804687e-17
-2.309201748890135138e-16 -1.399873134003783243e-16
-2.570592852603877111e-16 2.989959746437852356e-16
-3.283732487293507533e-15 1.524948340164039644e-15
4.382503621814847578e-14 -3.440272512668666795e-14
-6.525339110987973248e-13 5.165739750499371537e-13
9.060893046991031083e-12 -7.099568232175971543e-12
-1.165824891096037400e-10 9.056411058487961324e-11
1.382252590424293214e-09 -1.065360329660569074e-09
-1.499072249074901477e-08 1.147722629426375737e-08
1.473992845328230378e-07 -1.123025478649096249e-07
-1.299889542680122995e-06 9.881920984897273950e-07
1.014315787895484798e-05 -7.725197212799735270e-06
-6.881923826317036248e-05 5.284174337367665884e-05
3.965903551673635600e-04 -3.101086294662587050e-04
-1.877863039004589720e-03 1.520871265684871918e-03
6.943315417049493281e-03 -6.005490821904582201e-03
-1.833228515937830941e-02 1.802960331030323271e-02
2.809093511207148841e-02 -3.715328080049066367e-02
-6.275778903012972643e-03 4.102441611103593844e-02
-3.703218846306549628e-02 -1.005581829757473282e-14
-6.275778903013451426e-03 -4.102441611106022457e-02
2.809093511207035043e-02 3.715328080052755083e-02
-1.833228515937784797e-02 -1.802960331032403551e-02
6.943315417048668420e-03 6.005490821911760486e-03
-1.877863039005466840e-03 -1.520871265687998757e-03
3.965903551666205562e-04 3.101086294671981662e-04
-6.881923826391080480e-05 -5.284174337272519689e-05
1.014315787887132545e-05 7.725197213307917769e-06
-1.299889542336813977e-06 -9.881920987101456966e-07
1.473992850985643372e-07 1.123025483560187984e-07
-1.499072256107917616e-08 -1.147722643582598991e-08
1.382252566875641561e-09 1.065360468748806352e-09
-1.165821392949487734e-10 -9.056407946407046788e-11
9.060798085409980791e-12 7.099914502999805185e-12
-6.533077264221299344e-13 -5.162849623337247157e-13
4.365682545608468836e-14 3.490148622248677568e-14
-3.037766806232062920e-15 -2.658264342395196610e-15
-2.051377320599875673e-17 -1.101220424949572976e-16
2.543707844885533092e-16 9.298602601122192005e-17
-1.250768077807815655e-16 1.254954166488189401e-16
2.545266253579816042e-17 -5.632116736423576412e-17
2.634929272466133743e-16 -1.875079384502566540e-17
-1.113139797460770653e-16 -4.238886714083570857e-16
5.196081710099792783e-15 6.725225625090574470e-15
-8.404089131122704448e-14 -9.130475740274072514e-14
1.205593738219952532e-12 1.306674930786171542e-12
-1.597155663628646619e-11 -1.732728385635353617e-11
1.958023953299806523e-10 2.122377492244470532e-10
-2.207159529389994656e-09 -2.385163529438943936e-09
2.270401824749255686e-08 2.439051325692732100e-08
-2.112034047100916733e-07 -2.246802477160875764e-07
1.757333793913307738e-06 1.841315186573197235e-06
-1.290114223493373156e-05 -1.321274886840291702e-05
8.211853301734990478e-05 8.128628964080303484e-05
-4.428559659626582511e-04 -4.164210234080910475e-04
1.959631470245139142e-03 1.701098840682346066e-03
-6.783752552222816617e-03 -5.157924223852844610e-03
1.697237827682542347e-02 1.005334172518263652e-02
-2.606251648878071467e-02 -7.956068296133185849e-03
1.304203241369853578e-02 -6.029257210209758994e-03
1.683286676479131549e-02 6.934181440843218881e-15
1.304203241370748174e-02 6.029257210216380433e-03
-2.606251648880309954e-02 7.956068296123055064e-03
1.697237827684459910e-02 -1.005334172517878197e-02
-6.783752552229625407e-03 5.157924223850046501e-03
1.959631470248038299e-03 -1.701098840682625140e-03
-4.428559659630132731e-04 4.164210234083798789e-04
8.211853301560732084e-05 -8.128628964052592631e-05
-1.290114223554282279e-05 1.321274886931393314e-05
1.757333793426311651e-06 -1.841315186641910877e-06
-2.112034043279880963e-07 2.246802478052156918e-07
2.270401813023267069e-08 -2.439051153251718584e-08
-2.207160284800989841e-09 2.385163754294563768e-09
1.958026653054970246e-10 -2.122378547113321816e-10
-1.597104751343374077e-11 1.732723587967535208e-11
1.205866395061237103e-12 -1.306634659580443938e-12
-8.473771935768836699e-14 9.155566820181378106e-14
5.859289986684011946e-15 -6.009891720901545749e-15
-1.717927766457505078e-16 5.037407429712694900e-16
-5.848803943549540367e-16 5.237577514694224526e-17
-5.522834766825597124e-17 6.485932639672283396e-17
-2.401019459909406832e-16 1.867124022458332487e-16
1.764324897568191895e-16 -5.415977434014521523e-17
-4.375545019398378665e-16 5.025835519196872204e-16
1.194084146872192929e-14 -1.164177804676021765e-14
-1.700968499162140875e-13 1.804655368709365771e-13
2.331142333128951700e-12 -2.493702042687509864e-12
-2.956972300605256724e-11 3.186690871507712243e-11
3.450854542102102913e-10 -3.757101597144159220e-10
-3.677133869524319626e-09 4.058503197336957140e-09
3.544649204866689661e-08 -3.984004099884425785e-08
-3.056139877303978921e-07 3.519000313034018295e-07
2.323129814966398297e-06 -2.763024169514807524e-06
-1.528100414091660154e-05 1.899179834816907915e-05
8.479355936740100362e-05 -1.120275847031108424e-04
-3.825952872041819917e-04 5.520400916046960035e-04
1.324189909987699048e-03 -2.186569208737334027e-03
-3.153360014662234118e-03 6.556459440358566176e-03
3.868936751454086359e-03 -1.338018304827973647e-02
9.919415676650650011e-04 1.458173808787122452e-02
-4.729056797250045206e-03 -2.484829388758708416e-03
-7.805344507825127086e-03 -4.639104694244397401e-15
-4.729056797252569229e-03 2.484829388758654205e-03
9.919415676743273402e-04 -1.458173808788054693e-02
3.868936751448128451e-03 1.338018304828970072e-02
-3.153360014658512268e-03 -6.556459440363905655e-03
1.324189909987775159e-03 2.186569208739900117e-03
-3.825952872036285065e-04 -5.520400916055255265e-04
8.479355936744121397e-05 1.120275847025428424e-04
-1.528100414132578961e-05 -1.899179834847479367e-05
2.323129814859826306e-06 2.763024169310383746e-06
-3.056139879737774571e-07 -3.519000311367368739e-07
3.544649201384679490e-08 3.984004057733994408e-08
-3.677134196476084232e-09 -4.058503519441408614e-09
3.450850539084963456e-10 3.757102670798836427e-10
-2.956971467951950029e-11 -3.186710631642957340e-11
2.331274619241141378e-12 2.493455290407301015e-12
-1.702368585691955935e-13 -1.810597081496098209e-13
1.193779589252127044e-14 1.239949035828607326e-14
-8.353921894203569900e-16 -9.090131762467449365e-16
1.936011095900310856e-16 -1.425610235193062873e-16
-4.335101047521373014e-17 -3.793202566143766487e-16
-7.937594668690717426e-18 1.677392100638596554e-16
-7.129208596471209211e-17 -1.566086890057257020e-17
1.339154223600517077e-15 1.408559887932564951e-15
-2.456877566639989523e-14 -2.105015304186750527e-14
3.563982120457711181e-13 2.907984940074153570e-13
-4.740718417263944296e-12 -3.818301559628035467e-12
5.829914176673243452e-11 4.623418394759356182e-11
-6.596016376589137847e-10 -5.130017127009451402e-10
6.814615293305092880e-09 5.172044208563554334e-09
-6.371976776636889391e-08 -4.688924502322571541e-08
5.334381603370590663e-07 3.773200725732866056e-07
-3.944942601017346360e-06 -2.650414368602612369e-06
2.533446139897479793e-05 1.589172175549340184e-05
-1.381322690913641118e-04 -7.880290044239611025e-05
6.198219159820430365e-04 3.078241300775721935e-04
-2.186479415487104644e-03 -8.690148087953774442e-04
5.630676881904834140e-03 1.445166440134502527e-03
-9.193044565673264348e-03 -2.976243096679824138e-04
6.491108257245274335e-03 -3.106242913824035050e-03
9.943774352881211507e-04 2.122766679397252321e-03
3.463266697183867496e-03 -5.885870907516495441e-16
9.943774352896611515e-04 -2.122766679398647473e-03
6.491108257247764531e-03 3.106242913831093206e-03
-9.193044565680381919e-03 2.976243096610812502e-04
5.630676881908805789e-03 -1.445166440131358558e-03
-2.186479415489507670e-03 8.690148087941241065e-04
6.198219159823257964e-04 -3.078241300781340271e-04
-1.381322690897893082e-04 7.880290044257980120e-05
2.533446139964628160e-05 -1.589172175608375331e-05
-3.944942601441221975e-06 2.650414368201592667e-06
5.334381603412361034e-07 -3.773200726505573980e-07
-6.371976752229541048e-08 4.688924376377642308e-08
6.814616051421846720e-09 -5.172044470403354480e-09
-6.596020433016352350e-10 5.130018726560196059e-10
5.829866187923315391e-11 -4.623387836516844018e-11
-4.740779165991244862e-12 3.818249512646568421e-12
3.569536127607790621e-13 -2.910027002320540659e-13
-2.528108669248056264e-14 2.057987279764217991e-14
1.540883091395722863e-15 -1.315976001483821397e-15
3.917788078928424222e-16 2.035171485582308449e-16
6.764627519268593696e-17 -1.177464073506411894e-16
2.555861341323255139e-16 -1.110869375720651611e-16
-2.276571938862511167e-16 3.593819799942689971e-16
2.316424598296985621e-15 -3.050827845548173043e-15
-3.400322583026891489e-14 4.632987522883279691e-14
4.575157012074659889e-13 -6.465762689920481977e-13
-5.756210904131220163e-12 8.305915329423768319e-12
6.655789845396730774e-11 -9.843039852763517071e-11
-7.019642589286791772e-10 1.069686505185515619e-09
6.689075607247128353e-09 -1.057550257596932966e-08
-5.691544050236076046e-08 9.420907890652028136e-08
4.259731559518901786e-07 -7.473541857201512954e-07
-2.749119102643347902e-06 5.202476912766932275e-06
1.488109926100241266e-05 -3.118232077627907490e-05
-6.479664512402354538e-05 1.568954940824026441e-04
2.111831083493755470e-04 -6.395004656755023768e-04
-4.382937941251326499e-04 2.000999288019930655e-03
2.543405401136015565e-04 -4.390197673859135355e-03
1.225535947285566430e-03 5.606212372121054631e-03
-2.464842229176877203e-03 -2.178762055979160429e-03
9.503976121667646686e-05 -1.155062547232222746e-03
-1.364380612779748274e-03 -5.865458424895204707e-16
9.503976121698675197e-05 1.155062547232574895e-03
-2.464842229180231725e-03 2.178762055978858154e-03
1.225535947289115241e-03 -5.606212372122811038e-03
2.543405401108117417e-04 4.390197673861641163e-03
-4.382937941241947608e-04 -2.000999288021429890e-03
2.111831083484920848e-04 6.395004656764654736e-04
-6.479664512411598717e-05 -1.568954940824383144e-04
1.488109926111795134e-05 3.118232077608111991e-05
-2.749119102874898757e-06 -5.202476912579643126e-06
4.259731562821102082e-07 7.473541858803950001e-07
-5.691544079581317437e-08 -9.420907877653357295e-08
6.689075961001187586e-09 1.057550256145767335e-08
-7.019641796543279763e-10 -1.069686576150068909e-09
6.655787503723763742e-11 9.843044364408066208e-11
-5.756779941239190792e-12 -8.305820589262361387e-12
4.576306759611154373e-13 6.471053766340818828e-13
-3.390731376975779452e-14 -4.702607725880152980e-14
2.202914098167138274e-15 3.195382690040297950e-15
-2.565084722861573902e-16 1.149752316682842431e-16
1.365142196769412724e-17 3.003996160484601202e-16
-1.194593138884237136e-16 -2.718241921749229262e-16
4.560305566124490802e-16 4.750718477502961080e-16
-5.597519594335697434e-15 -3.784087083725495077e-15
8.260861485975621143e-14 5.224953540666757844e-14
-1.108430998886602501e-12 -6.754459987759858781e-13
1.372284203765141776e-11 8.121857612255782319e-12
-1.564278417282067306e-10 -8.941102022202975089e-11
1.630413860375960193e-09 8.933998751867603194e-10
-1.540526774305531562e-08 -8.015513892811159583e-09
1.305975222783754482e-07 6.369441298291627562e-08
-9.807512542835561245e-07 -4.402983370573995529e-07
6.420248742812071613e-06 2.582641405571868165e-06
-3.587708324055074603e-05 -1.238439441501631823e-05
1.663542693035416928e-04 4.555468216267637415e-05
-6.145858259666037724e-04 -1.116532198771243574e-04
1.698971606181219011e-03 9.518421458295993711e-05
-3.146741005580741806e-03 4.203602450340403066e-04
3.043421137453373049e-03 -1.523600140716807518e-03
-3.818080992150806778e-04 1.359492115277025244e-03
-3.691203707591920818e-04 4.260706177359791956e-04
4.013578553999650801e-04 8.091145065398307747e-16
-3.691203707595333886e-04 -4.260706177358026875e-04
-3.818080992131747046e-04 -1.359492115277884366e-03
3.043421137455058767e-03 1.523600140720116720e-03
-3.146741005581959582e-03 -4.203602450366445602e-04
1.698971606182661867e-03 -9.518421458143123915e-05
-6.145858259665922798e-04 1.116532198769663891e-04
1.663542693020613231e-04 -4.555468216347705745e-05
-3.587708324082042777e-05 1.238439441546470697e-05
6.420248742977440396e-06 -2.582641405209487988e-06
-9.807512542302351887e-07 4.402983371886829893e-07
1.305975218428086074e-07 -6.369441155901716447e-08
-1.540526820631457513e-08 8.015513909808349706e-09
1.630414216105486788e-09 -8.933999028024942282e-10
-1.564274685350399447e-10 8.941124987250001123e-11
1.372272135689033967e-11 -8.121816449995079115e-12
-1.108745460171486679e-12 6.754231257950660223e-13
8.318473178964400321e-14 -5.181460429325392334e-14
-5.813629543101166685e-15 3.713345632242724729e-15
2.709787122491212189e-17 -2.724787624934982263e-16
2.466918168487742595e-16 5.302547691305459445e-18
-1.375609168486188578e-16 3.322450129256026963e-17
3.733756927596595340e-16 -6.426236529255521106e-16
-5.394603417301708287e-15 9.777828852767756330e-15
7.453099063838914336e-14 -1.374874479436301028e-13
-9.288486413216853465e-13 1.782821199728966231e-12
1.067499725016145338e-11 -2.132097614545763469e-11
-1.117593723140342952e-10 2.341226238551717166e-10
1.055467427654147633e-09 -2.342987960287184291e-09
-8.878902419716850744e-09 2.117476619738397938e-08
6.543752721586175227e-08 -1.709119901350564178e-07
-4.129406533535871046e-07 1.215233224354150463e-06
2.155601583865966758e-06 -7.479683425849685062e-06
-8.769810138455029079e-06 3.894568618180649166e-05
2.429481932316625287e-05 -1.662221337397147189e-04
-2.384580142139960685e-05 5.554137425473839760e-04
-1.371092367962384925e-04 -1.350410196883740886e-03
6.955458719389026948e-04 2.086681348118782017e-03
-1.266987365131300213e-03 -1.450698762898694353e-03
5.606704294352064539e-04 -1.520513634563847244e-04
2.593589359929565955e-04 -2.420856335109680603e-05
-5.425480631024030197e-05 2.010505253861172759e-16
2.593589359933198032e-04 2.420856335000914458e-05
5.606704294352202233e-04 1.520513634562000306e-04
-1.266987365133276497e-03 1.450698762898922902e-03
6.955458719409669073e-04 -2.086681348119188810e-03
-1.371092367976535931e-04 1.350410196884489853e-03
-2.384580142118816371e-05 -5.554137425478370641e-04
2.429481932328905570e-05 1.662221337394323385e-04
-8.769810138613844369e-06 -3.894568618148551361e-05
2.155601584240399367e-06 7.479683425743512024e-06
-4.129406535202259610e-07 -1.215233224459615382e-06
6.543752792644736643e-08 1.709119901196931460e-07
-8.878902649571776076e-09 -2.117476638365560031e-08
1.055467502268783442e-09 2.342987933282210147e-09
-1.117592249893664209e-10 -2.341227564060521864e-10
1.067520470294818952e-11 2.132087163518891224e-11
-9.289871157065715131e-13 -1.782888395425166323e-12
7.437743701680004416e-14 1.381322934340159957e-13
-5.772824798688604456e-15 -9.812119877237511466e-15
5.700573216776239712e-16 2.644587320946693074e-16
-5.112092011883331643e-17 5.359690890729902491e-17
2.471325575996532162e-16 3.001209563598125037e-17
-1.340303257556800265e-15 -7.758213443980302095e-16
1.630003641360496689e-14 7.776229530831034820e-15
-2.199278866470314060e-13 -1.013550932826568802e-13
2.751374841385699289e-12 1.207989870391887388e-12
-3.172352377066242387e-11 -1.320338954433368567e-11
3.350183967443427927e-10 1.307318826696031821e-10
-3.214683650294688297e-09 -1.158763670371148961e-09
2.775650111464562296e-08 9.051629246747581116e-09
-2.131045829008966133e-07 -6.096456336606906460e-08
1.433473865118439428e-06 3.423904955566637330e-07
-8.289134307095482647e-06 -1.510561092594133141e-06
4.017961679854599065e-05 4.533311925291443948e-06
-1.576385737252673379e-04 -3.934666127831779837e-06
4.752124005949511214e-04 -4.372588568860228514e-05
-1.010590511526540756e-03 2.648204792511722511e-04
1.281671844662463089e-03 -7.168194586625589379e-04
-5.794703977217247016e-04 8.659724869353173805e-04
-1.958440752721101635e-04 -1.478114815004542794e-04
-9.325944724226065098e-05 -7.759204138605952197e-05
-2.259914102496677114e-05 -2.384020272906361366e-16
-9.325944724243591226e-05 7.759204138599577088e-05
-1.958440752725194227e-04 1.478114815002208506e-04
-5.794703977215808280e-04 -8.659724869364848494e-04
1.281671844662618564e-03 7.168194586643329095e-04
-1.010590511527015636e-03 -2.648204792517548471e-04
4.752124005953543362e-04 4.372588568935617157e-05
-1.576385737247618557e-04 3.934666127991685257e-06
4.017961679835027860e-05 -4.533311925432058194e-06
-8.289134307356526343e-06 1.510561092589530788e-06
1.433473865165971529e-06 -3.423904955840843071e-07
-2.131045823014301148e-07 6.096456296266076933e-08
2.775650151738021601e-08 -9.051629064576792448e-09
-3.214683642407208482e-09 1.158764036567786147e-09
3.350184774601310709e-10 -1.307319385305996743e-10
-3.172344581014196465e-11 1.320327448108987603e-11
2.751873565061186752e-12 -1.208129102347289483e-12
-2.201915506408451589e-13 1.012131562189272075e-13
1.652847843612044144e-14 -7.671644797305201527e-15
-9.062806792552179623e-16 4.426040546366318262e-16
-7.916047155722126563e-17 -1.386178902699364009e-16
3.361830127374958661e-16 -2.349939895056432742e-16
-8.153290070516958290e-16 1.859789835933272369e-15
1.028644101453144401e-14 -2.526863963039840592e-14
-1.285104097893633735e-13 3.326178629830668421e-13
1.463341767366538521e-12 -4.030469384966896235e-12
-1.517099739123473055e-11 4.489577862743426651e-11
1.413036474028239927e-10 -4.567502818317381711e-10
-1.164637675243884800e-09 4.208080370659532613e-09
8.312132249778047809e-09 -3.474867824720989317e-08
-4.964043333664905822e-08 2.539462922271924114e-07
2.325129304296163514e-07 -1.616561702332058830e-06
-7.173274970689653213e-07 8.781611037325192076e-06
1.946094664708716393e-07 -3.960364192890700310e-05
1.336070221119222853e-05 1.426328266465172012e-04
-8.833270432957477324e-05 -3.867727073136362258e-04
3.102455754793832852e-04 7.142691047522629769e-04
-6.093023106980659503e-04 -7.256742916937539405e-04
5.133637772559943458e-04 1.649465211672412966e-04
1.032129978824021033e-05 1.175404867843194535e-04
7.508390516708657286e-06 5.652947565234436883e-05
1.860741660585987304e-05 -8.284673996370306810e-17
7.508390516640157731e-06 -5.652947565235577328e-05
1.032129978814252033e-05 -1.175404867847222617e-04
5.133637772570673807e-04 -1.649465211673769032e-04
-6.093023106991438641e-04 7.256742916936093080e-04
3.102455754803944122e-04 -7.142691047523061281e-04
-8.833270433009722316e-05 3.867727073135784920e-04
1.336070221125667080e-05 -1.426328266467025998e-04
1.946094663762985579e-07 3.960364192873815894e-05
-7.173274973624113096e-07 -8.781611037164791141e-06
2.325129304879546339e-07 1.616561702342597826e-06
-4.964043351440628080e-08 -2.539462925969155695e-07
8.312132422059152754e-09 3.474867819560992981e-08
-1.164637800481940596e-09 -4.208079978810323742e-09
1.413037564176357003e-10 4.567502599383349465e-10
-1.517149703877329232e-11 -4.489572460990547036e-11
1.463473412910232282e-12 4.030833593854486034e-12
-1.283111466298400457e-13 -3.331309029687922440e-13
1.041601042245969211e-14 2.551139021708062985e-14
-1.114651169544148112e-15 -1.709081777136073646e-15
-8.769635351379283700e-17 2.427172225112896693e-16
-3.321404877806543954e-16 -1.651900929597583772e-16
2.981783522085409285e-15 1.184563264766897783e-15
-3.865330523245375917e-14 -1.304207158857735862e-14
4.896635014382413641e-13 1.548081048466656908e-13
-5.729417798744073237e-12 -1.667336161143160705e-12
6.152288271493741937e-11 1.621745229358322338e-11
-6.018354091463487671e-10 -1.399684758081754797e-10
5.315297891941213345e-09 1.048009021482718106e-09
-4.192122052569530805e-08 -6.555862850756654595e-09
2.912966955860353053e-07 3.169642525970097782e-08
-1.753189754899464391e-06 -9.188072171150473199e-08
8.938671665733531049e-06 -1.425394900149697265e-07
-3.746293020976471983e-05 3.798331146102007569e-06
1.236243941965374396e-04 -2.636744590075761868e-05
-3.004007874572939079e-04 1.115946680448292016e-04
4.770816870981096588e-04 -3.004842295251389174e-04
-3.734066322876518785e-04 4.595390772015950712e-04
1.852465292531549529e-06 -2.670714147902802124e-04
4.625963757894887066e-05 -4.465868933281042218e-05
1.631158017399783678e-05 -2.128022854697975198e-05
-4.648948438696466303e-06 -3.370681441261273625e-16
1.631158017344080759e-05 2.128022854691815575e-05
4.625963757840883633e-05 4.465868933290286397e-05
1.852465292735921427e-06 2.670714147901963494e-04
-3.734066322868781376e-04 -4.595390772022142590e-04
4.770816870978208816e-04 3.004842295253702320e-04
-3.004007874574589235e-04 -1.115946680456052871e-04
1.236243941960540210e-04 2.636744590073367137e-05
-3.746293020953469279e-05 -3.798331146067814543e-06
8.938671665984571286e-06 1.425394901265238863e-07
-1.753189755043904261e-06 9.188072176731516378e-08
2.912966953422319592e-07 -3.169642487307647496e-08
-4.192122051541680146e-08 6.555862445697711313e-09
5.315298280845708040e-09 -1.048009050141291020e-09
-6.018353946823983400e-10 1.399687296289799877e-10
6.152289787734783372e-11 -1.621741092249103578e-11
-5.729800040266959238e-12 1.667390682931894279e-12
4.898436399569822278e-13 -1.543145009675947724e-13
-3.881129898454016309e-14 1.306787028761246497e-14
2.753241345420065967e-15 -9.319392009444115152e-16
-1.723476888726466229e-16 9.176293134651188178e-17
-3.458209698508376831e-16 4.298057778398161801e-16
1.382468031966244404e-15 -4.100455288341015690e-15
-1.514144161135967107e-14 5.568293895620866205e-14
1.710804123050852687e-13 -6.858910695070059997e-13
-1.732467545640821773e-12 7.775336863659118007e-12
1.558366779653134767e-11 -8.068536281248399704e-11
-1.213451582945097564e-10 7.605564613656333738e-10
7.817381864008602613e-10 -6.450444187485590307e-09
-3.742177581416954154e-09 4.865617901474873277e-08
8.064748865124542485e-09 -3.217677420476213208e-07
6.737509411702843076e-08 1.831808413760444266e-06
-9.856187181074216339e-07 -8.764925881206591234e-06
7.111277051369659444e-06 3.411025024782336919e-05
-3.472256298203488250e-05 -1.029213988705363037e-04
1.176564880450150727e-04 2.230271680166508489e-04
-2.601399388983336434e-04 -3.004410775903555600e-04
3.167021691819470208e-04 1.687048180862225607e-04
-1.198182114685659896e-04 4.194770306791536574e-05
-3.505450857830068903e-05 -7.870558601338593522e-06
-1.316347176225375424e-05 3.865286378300694580e-07
-1.812720473343417720e-06 3.336560971684914054e-16
-1.316347176170949999e-05 -3.865286374196491196e-07
-3.505450857854954731e-05 7.870558601846571039e-06
-1.198182114686045194e-04 -4.194770306766727996e-05
3.167021691816046297e-04 -1.687048180862903504e-04
-2.601399388989771174e-04 3.004410775905987465e-04
1.176564880453032400e-04 -2.230271680167177984e-04
-3.472256298226583112e-05 1.029213988701988187e-04
7.111277051477014941e-06 -3.411025024755262358e-05
-9.856187184062209764e-07 8.764925881141891469e-06
6.737509428414529163e-08 -1.831808413451544691e-06
8.064748632994632240e-09 3.217677420124894117e-07
-3.742177873561633563e-09 -4.865617903816776440e-08
7.817383551312513783e-10 6.450444115203395997e-09
-1.213453503451235497e-10 -7.605564103981421305e-10
1.558370535517923407e-11 8.068543216449226519e-11
-1.732537771050869649e-12 -7.775283754467569479e-12
1.710285438910052358e-13 6.864275829732093209e-13
-1.519813379357879768e-14 -5.591830216583288752e-14
1.570555412369366865e-15 4.281029027937561271e-15
-1.183345775172255481e-16 -1.815970866470430017e-16
7.213371527448598836e-16 2.550381785175580236e-16
-6.586212396163480447e-15 -1.709988973922438675e-15
7.914815787512319191e-14 1.675759692975692804e-14
-9.446367479794920464e-13 -1.752758055220207933e-13
1.034182237680246150e-11 1.621783919704553727e-12
-1.034243929729565701e-10 -1.290867896013787922e-11
9.370944717164131873e-10 8.298219543064284251e-11
-7.615988670218968306e-09 -3.584748026861591624e-10
5.484447982676055877e-08 -5.423669610247869263e-11
-3.446480229686171456e-07 1.984049267085007667e-08
1.853408480638181691e-06 -2.328259991712540406e-07
-8.311411858470080607e-06 1.744868533997804500e-06
2.998236665343840342e-05 -9.564615036599262885e-06
-8.247434564299532822e-05 3.875952870380411814e-05
1.583302857928056641e-04 -1.116137154331064106e-04
-1.772288712496288975e-04 2.079145676310799318e-04
6.072951189654174380e-05 -2.021265870770689341e-04
3.954371500176613136e-05 4.316952125180415688e-05
5.824377318350560439e-06 1.852914110841745321e-05
4.162525413285956763e-06 5.137996340727817760e-06
2.035990220913041973e-06 8.385669521565438094e-17
4.162525413622074683e-06 -5.137996340173748098e-06
5.824377318600951001e-06 -1.852914110785645990e-05
3.954371500167424522e-05 -4.316952125141299706e-05
6.072951189636119704e-05 2.021265870767632161e-04
-1.772288712492453067e-04 -2.079145676313292441e-04
1.583302857927171390e-04 1.116137154333994976e-04
-8.247434564279114584e-05 -3.875952870406923945e-05
2.998236665341965349e-05 9.564615036791258149e-06
-8.311411858757953224e-06 -1.744868533667148460e-06
1.853408480814870011e-06 2.328259991305361874e-07
-3.446480226448957645e-07 -1.984049270512681667e-08
5.484447984888846734e-08 5.423696834422688793e-11
-7.615988630320316778e-09 3.584747199964254310e-10
9.370945598681881109e-10 -8.298240101631459033e-11
-1.034242065850633623e-10 1.290845084490631840e-11
1.034204829853448291e-11 -1.621784815323966271e-12
-9.449385685284426135e-13 1.749744279349779403e-13
7.941532814788165697e-14 -1.685224173464535650e-14
-6.281396881893637371e-15 1.549925375193688394e-15
3.736355440308240858e-16 -5.530000320751270698e-18
2.773814534592482222e-16 -5.952160236295676255e-16
-1.575405804911670121e-15 8.560603988489745104e-15
1.614223164375696279e-14 -1.071094686866415383e-13
-1.534003401863175832e-13 1.238701587203990985e-12
1.225294102380855081e-12 -1.314684091732376945e-11
-7.469588646926323981e-12 1.271293407228422586e-10
2.179588201211103505e-11 -1.110436710304576762e-09
2.193387026532646504e-10 8.669167146360108429e-09
-4.635106253448295713e-09 -5.971355635204806073e-08
4.987195215410390305e-08 3.570561881611547795e-07
-3.904134507524010842e-07 -1.815050507427349645e-06
2.364314752558253693e-06 7.627413709131637906e-06
-1.109486400184662598e-05 -2.547244597810106710e-05
3.921147032109607551e-05 6.366211253039186647e-05
-9.831621116928771593e-05 -1.073124690659224751e-04
1.559478663172493855e-04 9.656269389200810346e-05
-1.200500828426296517e-04 -1.050122304987507694e-05
9.030691126790801808e-06 -2.549172324703419596e-05
6.860249060075769283e-06 -7.348372014208131390e-06
8.065662204467292013e-07 -3.039423639364757328e-06
-6.724612990763348489e-07 -4.223808884293256854e-16
8.065662204960836936e-07 3.039423639028562328e-06
6.860249059849550499e-06 7.348372014513340231e-06
9.030691127135928771e-06 2.549172324767259452e-05
-1.200500828426678699e-04 1.050122304960411110e-05
1.559478663176237334e-04 -9.656269389181866623e-05
-9.831621116962315453e-05 1.073124690659263918e-04
3.921147032125526350e-05 -6.366211253010128674e-05
-1.109486400175224957e-05 2.547244597841859265e-05
2.364314752675055725e-06 -7.627413709083178304e-06
-3.904134506170536366e-07 1.815050507330079558e-06
4.987195240309477008e-08 -3.570561882465081190e-07
-4.635106060572824599e-09 5.971355639973185990e-08
2.193383834680409362e-10 -8.669166999668490860e-09
2.179561814070794466e-11 1.110436819172737334e-09
-7.469481183968650526e-12 -1.271294203158766295e-10
1.225632757477373132e-12 1.314685771154727643e-11
-1.534761965899937629e-13 -1.239261032613315123e-12
1.616609463067334950e-14 1.073208816255504438e-13
-1.652277668191036557e-15 -8.650581314218966176e-15
1.502691726572066914e-16 4.715024654286075749e-16
-1.142917226994861546e-15 -2.355407843143337705e-16
1.238975584744754859e-14 1.641298590015440102e-15
-1.444065264884620611e-13 -1.360390932756138791e-14
1.616904555834169593e-12 1.028503414893843588e-13
-1.656190067132026274e-11 -5.062846652417306361e-13
1.542460159957020839e-10 -1.008953370906225378e-12
-1.294222300380130450e-09 6.318604975190551354e-11
9.675572071557220272e-09 -9.441725472896991345e-10
-6.357427049467997059e-08 9.836215619273447672e-09
3.608603434714229004e-07 -8.050149229322529526e-08
-1.730293858217864216e-06 5.315826212732190313e-07
6.799000949940675393e-06 -2.821690900668958292e-06
-2.096070467627024960e-05 1.177394675395463294e-05
4.735408975878260829e-05 -3.703994311837494334e-05
-6.918199252914749350e-05 8.177332793302149495e-05
4.713208192915160254e-05 -1.108011517799252152e-04
8.499934976242872679e-06 6.625312594185749223e-05
-1.294670431044940840e-05 2.989157097920998635e-06
-4.944685134057772656e-06 -1.087055785693512412e-06
-1.399818021463613708e-06 4.614779814224150747e-07
-8.563602237710768442e-08 2.354787175226540801e-16
-1.399818021239484767e-06 -4.614779811617184506e-07
-4.944685133921601098e-06 1.087055785936563434e-06
-1.294670431027047777e-05 -2.989157097710775222e-06
8.499934976430759833e-06 -6.625312594227332442e-05
4.713208192901247230e-05 1.108011517804754207e-04
-6.918199252909373062e-05 -8.177332793299346833e-05
4.735408975832394333e-05 3.703994311842077121e-05
-2.096070467625611432e-05 -1.177394675395877155e-05
6.799000950338961297e-06 2.821690900468391478e-06
-1.730293858312943876e-06 -5.315826209708619387e-07
3.608603433152278014e-07 8.050149230025303498e-08
-6.357427046236063440e-08 -9.836215895309051003e-09
9.675572046499171624e-09 9.441729010612708149e-10
-1.294222568822998064e-09 -6.318585319426584267e-11
1.542459630389721878e-10 1.009009180576050447e-12
-1.656181920470650153e-11 5.063781705068201074e-13
1.616909973677610235e-12 -1.026204324606011216e-13
-1.446828336653939338e-13 1.349533913560269275e-14
1.196599830166017621e-14 -1.594183521268188923e-15
-9.138330792706232879e-16 6.713980565831533682e-17
-2.756253537206429875e-16 1.178172946292966724e-15
1.093752212520906855e-15 -1.570489564864451219e-14
-6.580961903142946490e-15 1.835964335814028060e-13
8.938802488289839849e-15 -1.997424460942547685e-12
6.122908151505524201e-13 1.985667587649633843e-11
-1.266982803008199252e-11 -1.789654229748232373e-10
1.688052560044405492e-10 1.448615612845206205e-09
-1.765206258210252299e-09 -1.040825927661943350e-08
1.519800119127622757e-08 6.542787028898178084e-08
-1.088557537051776094e-07 -3.532965283147851559e-07
6.444840714127777455e-07 1.599779759020955034e-06
-3.096822241430716507e-06 -5.877524847050795802e-06
1.170828004067838425e-05 1.669386135325570341e-05
-3.315788145162649304e-05 -3.388685378132386545e-05
6.483362077464927594e-05 4.208501857104827152e-05
-7.495882891333712232e-05 -1.902685639665951055e-05
3.366070906760661814e-05 -1.256524868364741786e-05
5.235618681421125942e-06 5.008663100728168371e-06
8.769949080814357423e-07 2.407164020717379243e-06
5.666182422513100197e-07 4.456499956850532538e-07
1.882102937360907357e-07 2.821735168939376076e-16
5.666182423258968823e-07 -4.456499959693193109e-07
8.769949083096898399e-07 -2.407164020619779024e-06
5.235618681880814957e-06 -5.008663101065160429e-06
3.366070906777153884e-05 1.256524868409048047e-05
-7.495882891346722658e-05 1.902685639658458879e-05
6.483362077478835197e-05 -4.208501857057986230e-05
-3.315788145161118546e-05 3.388685378121430682e-05
1.170828004074001606e-05 -1.669386135349049078e-05
-3.096822241406429955e-06 5.877524846777374414e-06
6.444840713020135764e-07 -1.599779758870892136e-06
-1.088557539387574663e-07 3.532965283421884717e-07
1.519800106286865327e-08 -6.542787034149207963e-08
-1.765206060065711613e-09 1.040825909767935422e-08
1.688054039308765935e-10 -1.448615530917516852e-09
-1.266989510801619031e-11 1.789655203907840601e-10
6.120382894572837180e-13 -1.985669124583449715e-11
8.883733885441558370e-15 1.997867462589215546e-12
-6.493497906320373973e-15 -1.839231061924331606e-13
1.073706760492970065e-15 1.555237994975997774e-14
1.041366462719746962e-16 -1.223389267893357878e-15
1.767213755088832335e-15 1.194344483409180464e-16
-2.109697346497988513e-14 -3.092745698902726627e-16
2.378351380678249013e-13 -4.818284946476569104e-15
-2.499346265309702836e-12 1.351706457227744273e-13
2.395060568388858902e-11 -2.208125423838516430e-12
-2.076677111077528590e-10 2.812273288669488358e-11
1.612828734418107341e-09 -2.985743266947828711e-10
-1.108271683890275893e-08 2.695019161517810297e-09
6.636113866440049959e-08 -2.072823661892058989e-08
-3.395580029083435837e-07 1.348261201522011575e-07
1.446796781093926353e-06 -7.302621160585348755e-07
-4.951385371009264971e-06 3.215072412934890822e-06
1.289223721013266493e-05 -1.109887807431874488e-05
-2.328587147386969306e-05 2.843302813057797939e-05
2.380285908750136295e-05 -4.933138127968153921e-05
-4.510049994994707954e-06 4.842657692432785719e-05
-1.072144989371701508e-05 -1.539667090167242612e-05
1.013008093272328829e-06 -4.119490265192102684e-06
8.002074955693043523e-07 -1.075949751758848869e-06
2.336995798438103009e-08 -3.506330062438270191e-07
-7.452454470635616774e-08 1.365781033242029970e-16
2.336995729742523634e-08 3.506330053010756430e-07
8.002074948286549316e-07 1.075949751757026902e-06
1.013008093639926517e-06 4.119490265502365771e-06
-1.072144989341193753e-05 1.539667090144354426e-05
-4.510049995009242192e-06 -4.842657692422471568e-05
2.380285908726999759e-05 4.933138127988902840e-05
-2.328587147373270411e-05 -2.843302813050554791e-05
1.289223720987120110e-05 1.109887807449081115e-05
-4.951385370921940109e-06 -3.215072413098255525e-06
1.446796781328530763e-06 7.302621158728828294e-07
-3.395580028746904354e-07 -1.348261202882168082e-07
6.636113861502021254e-08 2.072823673491307324e-08
-1.108271710543759404e-08 -2.695019624448670008e-09
1.612828855573986076e-09 2.985742388493247674e-10
-2.076679048287281612e-10 -2.812270171733226221e-11
2.395049364389923375e-11 2.207983101831836522e-12
-2.499342860577524585e-12 -1.352527365751992961e-13
2.379943614642069237e-13 4.832832657739957284e-15
-2.072229766130372707e-14 2.837895008543415016e-16
1.693053641052763380e-15 -4.703266701999137474e-17
1.136606019281317019e-16 -2.105072914934838092e-15
1.039657209898831474e-15 2.567440088336817010e-14
-2.181843564525434019e-14 -2.847180434418970364e-13
3.279121500102023241e-13 2.914780098726391751e-12
-4.165043608781814117e-12 -2.714619334212916259e-11
4.564721844752505032e-11 2.280860367517191454e-10
-4.348793788751515479e-10 -1.710814149838036887e-09
3.594665258814659213e-09 1.130827541953554059e-08
-2.557592521976609566e-08 -6.480999856520933818e-08
1.545532230779754271e-07 3.154066704056436886e-07
-7.779250267770103625e-07 -1.267425390188423876e-06
3.172727591089532182e-06 4.041458068988514673e-06
-1.007605597337942442e-05 -9.615357629130250603e-06
2.345452214545762462e-05 1.526522104513209561e-05
-3.613983163305124280e-05 -1.211355094271493951e-05
2.987938098300094519e-05 -1.972385635805269184e-06
-5.992244559166992072e-06 7.405742599321679540e-06
-2.453953914075220375e-06 5.267910917381666162e-07
-7.273708968677082824e-07 -5.540744340018213871e-08
-1.554726706686983387e-07 7.948772488482203328e-08
-8.773645462360826236e-09 2.115865015301849394e-17
-1.554726703966542259e-07 -7.948772453212611672e-08
-7.273708970577789818e-07 5.540744296786178992e-08
-2.453953913812607550e-06 -5.267910919542449328e-07
-5.992244559302422476e-06 -7.405742599550182771e-06
2.987938098328271578e-05 1.972385635718228502e-06
-3.613983163302103422e-05 1.211355094252057255e-05
2.345452214566098707e-05 -1.526522104541600412e-05
-1.007605597332743862e-05 9.615357629236268635e-06
3.172727590811185297e-06 -4.041458069081292733e-06
-7.779250267134017880e-07 1.267425389950269340e-06
1.545532230932844888e-07 -3.154066701847476604e-07
-2.557592514322455896e-08 6.480999838502237512e-08
3.594665036967221059e-09 -1.130827539948470240e-08
-4.348795576141435266e-10 1.710813835820089433e-09
4.564711929231175029e-11 -2.280859343724081141e-10
-4.164706333006572188e-12 2.714630721370290810e-11
3.279589179224604544e-13 -2.914936420184512380e-12
-2.167566036354399312e-14 2.849780089358883399e-13
1.023057689439248604e-15 -2.540542383931954067e-14
-2.039014836154598211e-16 2.020986059770983078e-15
-2.879504608467217139e-15 1.840357497042313748e-16
3.352758654571015940e-14 -3.230592114247293296e-15
-3.588372407564955007e-13 4.737480021006875373e-14
3.540571500741315171e-12 -6.053484354631241328e-13
-3.173002551160693543e-11 6.832941623931881923e-12
2.559670479833808538e-10 -6.814511952706436297e-11
-1.838291765153388208e-09 5.983868353099264838e-10
1.159469736745632258e-08 -4.591062937214752939e-09
-6.313646103670039746e-08 3.042361410436527634e-08
2.902623683897075442e-07 -1.713662573820096687e-07
-1.092958292484577662e-06 8.027804018744017644e-07
3.225168379191185305e-06 -3.035036417293257653e-06
-6.944948742832543797e-06 8.869396353062113724e-06
9.479139149039730121e-06 -1.875289051290567383e-05
-5.107987529447808556e-06 2.559966295294141799e-05
-4.097065661625201764e-06 -1.759663927408734621e-05
4.444701403852938557e-06 1.645230490556763015e-06
8.400924696465684225e-07 1.179032508909920944e-06
1.754205790536443446e-07 3.647876694648958736e-07
7.634508947959584331e-08 4.991199597360046051e-08
2.246131869985568918e-08 -2.487251703438260931e-16
7.634509032971086552e-08 -4.991199577740035944e-08
1.754205786030976468e-07 -3.647876689602780070e-07
8.400924694940802574e-07 -1.179032508716582709e-06
4.444701403770518016e-06 -1.645230490607999402e-06
-4.097065661430468042e-06 1.759663927393596787e-05
-5.107987529356912603e-06 -2.559966295306328232e-05
9.479139149173825601e-06 1.875289051283782649e-05
-6.944948742485301793e-06 -8.869396352601141453e-06
3.225168379088480019e-06 3.035036417295954183e-06
-1.092958292963200193e-06 -8.027804021427208380e-07
2.902623684917160397e-07 1.713662571320542694e-07
-6.313646102342731177e-08 -3.042361444281878387e-08
1.159469759674741514e-08 4.591063280168036154e-09
-1.838291827100023630e-09 -5.983868181137862925e-10
2.559669090884617854e-10 6.814532686603683548e-11
-3.172986273601126092e-11 -6.832800017972873444e-12
3.540681507141636153e-12 6.053135561539189185e-13
-3.590077396757970299e-13 -4.725153364618719603e-14
3.325532404866416448e-14 3.170256135100514558e-15
-2.891062358853553233e-15 -1.469354763561977649e-16
2.844820794424563936e-16 3.309498013740307265e-15
-5.656181970368521085e-15 -3.832048030908351222e-14
7.599612401402117121e-14 4.026371314692873766e-13
-8.944229507263487157e-13 -3.879941627170662336e-12
9.428883738075967157e-12 3.386863586386236546e-11
-8.853720393401545388e-11 -2.653348881000453566e-10
7.351478754692837924e-10 1.844008350276128414e-09
-5.342575024821195850e-09 -1.120587519493327008e-08
3.352418480500850149e-08 5.846516436413216540e-08
-1.784255752086409761e-07 -2.556584698300345372e-07
7.866018923481425026e-07 9.062818749707595873e-07
-2.780765944523231140e-06 -2.477903868549615197e-06
7.524241051587755146e-06 4.800683236638851953e-06
-1.449840834693784966e-05 -5.454766037207910376e-06
1.751234234776657796e-05 1.227888455709299328e-06
-9.830457349646131471e-06 4.127286214692224579e-06
-7.296065433622725634e-08 -2.347490413934463081e-06
4.307995990375065072e-07 -6.836145974305238890e-07
1.323652859094366265e-07 -1.794692177439471551e-07
3.218094761306671268e-09 -4.632167497329044566e-08
-7.986391679540141142e-09 1.433769714694506541e-16
3.218094429958154262e-09 4.632167417881121425e-08
1.323652868120927187e-07 1.794692176850931884e-07
4.307995985094974552e-07 6.836145977048501203e-07
-7.296065460091443797e-08 2.347490414005815442e-06
-9.830457349460739675e-06 -4.127286214672320152e-06
1.751234234791733966e-05 -1.227888455703140975e-06
-1.449840834633047283e-05 5.454766037016355569e-06
7.524241051605987530e-06 -4.800683236569647667e-06
-2.780765944503479179e-06 2.477903868560362351e-06
7.866018921130431083e-07 -9.062818748425439983e-07
-1.784255753111409890e-07 2.556584695807112362e-07
3.352418466308700621e-08 -5.846516452211863975e-08
-5.342574894665506852e-09 1.120587496147109281e-08
7.351478949752343374e-10 -1.844008249503599593e-09
-8.853729197466588709e-11 2.653348191286646609e-10
9.428927329766777280e-12 -3.386865460977836103e-11
-8.944587104280374417e-13 3.879976163908754821e-12
7.590449685148507176e-14 -4.028156218377257706e-13
-5.841645964883440782e-15 3.815920949664506801e-14
4.120456470673622082e-16 -3.321955878673985164e-15
4.414303186524140978e-15 -7.836336075348634283e-16
-4.990824473437817580e-14 1.018867402184077618e-14
5.032696369811490705e-13 -1.231735258936472399e-13
-4.661092639265978295e-12 1.353167166953255829e-12
3.903003506903819423e-11 -1.337118730564349158e-11
-2.925899612729676291e-10 1.180333776434845389e-10
1.939942294845159038e-09 -9.225002778655413642e-10
-1.120493534770946259e-08 6.310570219963962432e-09
5.529519171410864040e-08 -3.723369324929417679e-08
-2.271768960917684659e-07 1.859188987417802752e-07
7.490437728692926692e-07 -7.661604893072068856e-07
-1.872370865468654586e-06 2.517440897897055583e-06
3.196655063491705984e-06 -6.274487508737916281e-06
-2.816536745395812823e-06 1.096597753108438104e-05
-6.748888638600283733e-07 -1.164030494004024157e-05
3.348751584599936649e-06 5.188736779956288851e-06
-1.067708655263521599e-06 5.482603260960326568e-07
-4.301297184433706979e-07 -7.260759195414006100e-08
-1.189901468534262947e-07 -2.076036757014657523e-08
-2.171585577135773745e-08 8.879627813609747783e-09
-1.976396361849660054e-09 -4.795294237617073657e-17
-2.171585583620340683e-08 -8.879627808895992888e-09
-1.189901467239055603e-07 2.076036707276338245e-08
-4.301297183648477262e-07 7.260759225266533537e-08
-1.067708655054732001e-06 -5.482603262159256177e-07
3.348751584737636678e-06 -5.188736779884389306e-06
-6.748888637515992622e-07 1.164030493998202330e-05
-2.816536745400213160e-06 -1.096597753106114015e-05
3.196655063543510096e-06 6.274487508625860599e-06
-1.872370865507473682e-06 -2.517440898032298369e-06
7.490437728786018789e-07 7.661604893750182258e-07
-2.271768961185576034e-07 -1.859188986644836748e-07
5.529519171091138881e-08 3.723369328144214763e-08
-1.120493547432328415e-08 -6.310570358997252377e-09
1.939942334453982196e-09 9.225002610833962806e-10
-2.925899147092234778e-10 -1.180334188511340576e-10
3.902999187098586945e-11 1.337109985982988296e-11
-4.661156548626241552e-12 -1.353033542042093136e-12
5.033807657989419459e-13 1.231638338554858633e-13
-4.957907987260519600e-14 -1.008057645076554854e-14
4.592282945808374178e-15 7.428902108287520132e-16
-9.769080240848825902e-16 -4.829368983859946903e-15
1.346184670813680582e-14 5.224414219259520147e-14
-1.580396454401110861e-13 -5.199434988739394076e-13
1.666319648823557835e-12 4.720044498606695767e-12
-1.583279119429417671e-11 -3.863880393917062045e-11
1.344787233244145268e-10 2.823197774647060691e-10
-1.010865053933663316e-09 -1.817608422777044342e-09
6.641010873772888597e-09 1.014566386530726828e-08
-3.753316132133737813e-08 -4.808225042499005979e-08
1.788223171726137175e-07 1.880512149144599492e-07
-6.992109318645059280e-07 -5.824281662392699985e-07
2.162511983423964977e-06 1.335863443590319967e-06
-5.013124447561329341e-06 -1.981008879209967489e-06
7.991810121675472408e-06 1.158284607859563267e-06
-7.440368313328435848e-06 1.408559927611658328e-06
2.522272527118227536e-06 -2.400565196678630832e-06
5.378532796147030314e-07 3.753834615830670656e-07
5.614393443361122881e-08 2.249494604093285519e-07
1.795302534387645074e-08 6.143490249880521791e-08
9.149317404297638377e-09 7.932138615752623105e-09
2.802292856907033312e-09 -3.683387608623708221e-16
9.149317131860128435e-09 -7.932138384950233519e-09
1.795302520292014620e-08 -6.143490297081541302e-08
5.614393482778518412e-08 -2.249494608147924770e-07
5.378532796021043692e-07 -3.753834616766122196e-07
2.522272527148432731e-06 2.400565196541566925e-06
-7.440368313365671417e-06 -1.408559927700457662e-06
7.991810121575427652e-06 -1.158284607838209990e-06
-5.013124447445648357e-06 1.981008879649539049e-06
2.162511983683181623e-06 -1.335863443636404912e-06
-6.992109316884961873e-07 5.824281663045207580e-07
1.788223172905432031e-07 -1.880512146814489145e-07
-3.753316157198463132e-08 4.808225028528172264e-08
6.641010929102633330e-09 -1.014566384370241579e-08
-1.010865263630318303e-09 1.817608471547326226e-09
1.344785554808443649e-10 -2.823198899810427153e-10
-1.583287006856320542e-11 3.863862042395997815e-11
1.666340105100131310e-12 -4.719967386500305618e-12
-1.580606345889465725e-13 5.200032439244253100e-13
1.370123878559393454e-14 -5.217290142446767740e-14
-1.063782372900646350e-15 4.884518152965789899e-15
-6.611277105673778077e-15 1.902235592125188052e-15
6.999503366778559593e-14 -2.198127865754709849e-14
-6.672172640076977135e-13 2.412553415854850396e-13
5.794212697822309460e-12 -2.406484572052169298e-12
-4.527251393255184109e-11 2.163790730908296283e-11
3.148118895663196628e-10 -1.738030343116275943e-10
-1.922090700251823292e-09 1.233964381193281464e-09
1.012929056211925316e-08 -7.642779924708042390e-09
-4.505244121139044284e-08 4.062060761336844727e-08
1.639431644974099475e-07 -1.813822134891316502e-07
-4.658051544413389573e-07 6.616246771086198952e-07
9.527965074102365225e-07 -1.896369661101772830e-06
-1.159527823627584603e-06 4.032775109359927993e-06
2.042251657689093585e-07 -5.792203180652796745e-06
1.533482500793927853e-06 4.661935793996405434e-06
-1.589193278002771211e-06 -1.117865122378017494e-06
5.803723726528990341e-08 -3.780527257463489058e-07
9.430048755576551150e-08 -7.815565163314154376e-08
2.473226906431254396e-08 -2.279227699562173517e-08
1.419040123069043155e-09 -5.871763109307701109e-09
-7.528056256901733022e-10 3.433400343219367955e-16
1.419040282675655794e-09 5.871763163942570286e-09
2.473226902230102334e-08 2.279227725377764758e-08
9.430048757750721936e-08 7.815565173163323785e-08
5.803723769734758597e-08 3.780527258623579030e-07
-1.589193278331750126e-06 1.117865122334216785e-06
1.533482500831073848e-06 -4.661935793929808316e-06
2.042251657247211848e-07 5.792203180793967491e-06
-1.159527823717620182e-06 -4.032775109160798170e-06
9.527965076578129240e-07 1.896369661118156141e-06
-4.658051543231974487e-07 -6.616246770702807488e-07
1.639431645607449832e-07 1.813822134985447538e-07
-4.505244117163450147e-08 -4.062060808763422495e-08
1.012929046364533022e-08 7.642779899829697076e-09
-1.922090670020367063e-09 -1.233964224124416965e-09
3.148119126883819175e-10 1.738029520745578290e-10
-4.527267416179448074e-11 -2.163784914395974930e-11
5.794287394510167120e-12 2.406531304838273701e-12
-6.672890051880084478e-13 -2.412888369064170909e-13
6.980752794139596327e-14 2.180878048909247634e-14
-6.717101916309946013e-15 -1.838442554178946751e-15
2.057960162705792498e-15 6.342540269969457538e-15
-2.405348156020449192e-14 -6.435357999630320607e-14
2.583868052462670124e-13 6.071585546479129994e-13
-2.514865273209206748e-12 -5.197174849964401881e-12
2.205481736100678311e-11 3.992952895990170009e-11
-1.726579876503287087e-10 -2.722224372376121248e-10
1.193072667537516610e-09 1.623354545996707624e-09
-7.176427102676302865e-09 -8.313333111270747813e-09
3.692629858801863473e-08 3.567405942111360126e-08
-1.589283238071916003e-07 -1.238841607518332707e-07
5.553037988158068815e-07 3.296179018906614625e-07
-1.510871195206820693e-06 -6.059131168339155085e-07
3.007731770148987870e-06 5.684417290809040329e-07
-3.946908542581976990e-06 2.839886974038218215e-07
2.743630830770145336e-06 -1.330831625211632537e-06
-3.906025300355936308e-07 9.599798636389445105e-07
-2.266029928690982135e-07 6.528166032207167791e-08
-6.072406282425896587e-08 -2.717090393816835980e-08
-1.649571494560141935e-08 -6.137772366831969395e-09
-3.016855618219513782e-09 6.689608131246251574e-10
-3.745308775899657440e-10 2.502840842457309418e-16
-3.016855521583638277e-09 -6.689608568273894361e-10
-1.649571513419444988e-08 6.137773026312507459e-09
-6.072406252894320521e-08 2.717090424521526870e-08
-2.266029928021641083e-07 -6.528166045078243706e-08
-3.906025300247801435e-07 -9.599798636844640611e-07
2.743630830758554960e-06 1.330831625052680875e-06
-3.946908542439451839e-06 -2.839886972007785479e-07
3.007731770096432440e-06 -5.684417292293839322e-07
-1.510871195220342938e-06 6.059131166186248266e-07
5.553037990315840779e-07 -3.296179022540684018e-07
-1.589283239768272063e-07 1.238841608427283233e-07
3.692629867128812767e-08 -3.567405941951726180e-08
-7.176427091437212112e-09 8.313333098811713722e-09
1.193072646869505931e-09 -1.623354602595154683e-09
-1.726578948169016920e-10 2.722224225155390569e-10
2.205480806435626468e-11 -3.992944203987003352e-11
-2.514887125770357542e-12 5.197253176314859835e-12
2.583795057749056278e-13 -6.071876292988152372e-13
-2.419629278506897293e-14 6.437800681264068667e-14
2.053401586295999375e-15 -6.342770336277397985e-15
9.702138217236434710e-15 -3.757205497398751074e-15
-9.524497094225138164e-14 4.088814334509402158e-14
8.551271969217199626e-13 -4.151184063875752124e-13
-6.957703462203967597e-12 3.826420241013930998e-12
5.065472688894131820e-11 -3.172794422113869649e-11
-3.260166013413843388e-10 2.343594901972338842e-10
1.826867913192894743e-09 -1.524144228879053116e-09
-8.738772992028649169e-09 8.602322697757300111e-09
3.473834062050506870e-08 -4.138082764060395674e-08
-1.103258675924327356e-07 1.657501262034314454e-07
2.621371701072031314e-07 -5.358625447507265707e-07
-4.046212218467268126e-07 1.338413700675714717e-06
2.179004583957574895e-07 -2.416926693141209973e-06
5.173245179725826093e-07 2.815512333412743203e-06
-1.089158793977286295e-06 -1.640957421664090414e-06
5.625781418473860860e-07 9.073899582734202311e-08
8.312035205570469714e-08 1.139492722853395431e-07
2.093543452741449486e-09 3.688770320976207178e-08
1.191183473870714299e-09 9.356512651200880962e-09
1.018387469031697552e-09 1.248511594523929883e-09
3.609245775138815918e-10 -2.456849771882768029e-16
1.018387618984294154e-09 -1.248511092133294208e-09
1.191183550176261963e-09 -9.356512198268084660e-09
2.093543582085779769e-09 -3.688770328413080354e-08
8.312035170337900016e-08 -1.139492724724234719e-07
5.625781416273400553e-07 -9.073899557146092687e-08
-1.089158793946657372e-06 1.640957421350582344e-06
5.173245178961151218e-07 -2.815512333276835496e-06
2.179004584928699492e-07 2.416926693003648434e-06
-4.046212220258144063e-07 -1.338413700538342278e-06
2.621371698433127166e-07 5.358625448120911431e-07
-1.103258676856811369e-07 -1.657501261701466769e-07
3.473834073387584942e-08 4.138082785426104952e-08
-8.738772887079950133e-09 -8.602322503417882267e-09
1.826867957189594861e-09 1.524144266648967332e-09
-3.260164950281985629e-10 -2.343595069650453236e-10
5.065476000674184080e-11 3.172794690422391758e-11
-6.957740055023139316e-12 -3.826495501965193051e-12
8.552533983239321093e-13 4.152339932964453409e-13
-9.508844934394491678e-14 -4.066056474588240612e-14
9.583206507749291890e-15 3.664724464341421941e-15
-3.191405251562882934e-15 -7.185089583121870731e-15
3.419762035637146196e-14 6.881799688697937252e-14
-3.434632757620002595e-13 -6.161370989826658723e-13
3.127952343986262004e-12 4.979616151396854346e-12
-2.561610208088759438e-11 -3.594664303001339238e-11
1.867592652367954096e-10 2.288275827964506846e-10
-1.197515286866161858e-09 -1.263830641372150284e-09
6.652397509775933083e-09 5.927987360088269420e-09
-3.141555238132799691e-08 -2.291932669823847078e-08
1.230576840835411202e-07 6.978385402153105921e-08
-3.868029185818692233e-07 -1.541271369340287413e-07
9.307526336145708581e-07 2.000750986451277762e-07
-1.594252657349670899e-06 1.738860950474357914e-09
1.707731321011217873e-06 -5.071372213101825168e-07
-8.340856990885069906e-07 7.467187799367589589e-07
-4.544086978441776807e-08 -2.751551711328147557e-07
4.740869701804479674e-08 -7.320466699383134602e-08
1.893113790049153904e-08 -1.048308691778620284e-08
4.233983621206333208e-09 -2.759301188183537743e-09
3.362599132975098590e-10 -7.610042136569154399e-10
-5.982117454896192817e-11 1.454765517722573051e-16
3.362601132960434350e-10 7.610043296197313343e-10
4.233983553455750276e-09 2.759301221654764301e-09
1.893113764558165871e-08 1.048308719517151347e-08
4.740869733797685024e-08 7.320466704977466935e-08
-4.544086956051621547e-08 2.751551711050031170e-07
-8.340856992380340344e-07 -7.467187800637763139e-07
1.707731320939028008e-06 5.071372213785913329e-07
-1.594252657366638663e-06 -1.738860944446590840e-09
9.307526335587957502e-07 -2.000750987668681160e-07
-3.868029187413900913e-07 1.541271371411838305e-07
1.230576841530080657e-07 -6.978385383780128821e-08
-3.141555215453033277e-08 2.291932684432675935e-08
6.652397377988371419e-09 -5.927987504059586085e-09
-1.197515136208011833e-09 1.263830619160131925e-09
1.867594220550225024e-10 -2.288274626183486515e-10
-2.561616313453833471e-11 3.594647789812113207e-11
3.128057407016882275e-12 -4.979608294371173510e-12
-3.434430165483393215e-13 6.160867171137827042e-13
3.426663780391746571e-14 -6.889451064682819625e-14
-3.139815921998346935e-15 7.139037523133221204e-15
-1.402167151666816732e-14 6.935476040178603989e-15
1.296705004911036048e-13 -7.169206612047428421e-14
-1.097213107755282824e-12 6.809445718772266206e-13
8.367256426037413320e-12 -5.852614893504008519e-12
-5.674967300489167773e-11 4.510357507073501914e-11
3.376700334941358246e-10 -3.084417702056476443e-10
-1.731888165371811789e-09 1.848018572167210964e-09
7.477991429401228049e-09 -9.549833903922711629e-09
-2.627382039232950443e-08 4.172992419307818847e-08
7.109792001091063810e-08 -1.502791801459449246e-07
-1.326157380300285392e-07 4.307851321898526197e-07
1.158858000762808213e-07 -9.352910557328781265e-07
1.420300832331301935e-07 1.423094956700646488e-06
-5.576916080669561771e-07 -1.316785182357648724e-06
5.997431910987220378e-07 5.100344130492080504e-07
-1.541442301702925802e-07 6.411346870989381660e-08
-4.763030334362451561e-08 -1.490033908041923529e-08
-9.458331660504050677e-09 -7.384916255565761903e-09
-2.441906329448890386e-09 -1.379139651156719389e-09
-4.749168414438647858e-10 3.904535888410422821e-12
-6.792942488129716762e-11 -3.919120924693044708e-17
-4.749168089956165240e-10 -3.904360290118489000e-12
-2.441906485706977884e-09 1.379139568408378980e-09
-9.458331488445602900e-09 7.384916368748976108e-09
-4.763030321498689246e-08 1.490033911250945404e-08
-1.541442299805498150e-07 -6.411346877754002506e-08
5.997431912337431130e-07 -5.100344132642888798e-07
-5.576916080024106783e-07 1.316785182184589940e-06
1.420300833956437877e-07 -1.423094956745569092e-06
1.158858001632923205e-07 9.352910558319266653e-07
-1.326157377272315189e-07 -4.307851322942291546e-07
7.109792002305355685e-08 1.502791803242685211e-07
-2.627382034419264850e-08 -4.172992397330443256e-08
7.477991475874792505e-09 9.549833883668322482e-09
-1.731888278129603490e-09 -1.848018753375725123e-09
3.376698945307950127e-10 3.084416909161824577e-10
-5.674962712742533389e-11 -4.510363250036139186e-11
8.367127199243023223e-12 5.852636112984499807e-12
-1.097279614411723371e-12 -6.810486845226651274e-13
1.293819226471305652e-13 7.155247840381643702e-14
-1.381678016352731781e-14 -6.901257246894098570e-15
3.407325352787233859e-15 5.950600236581393224e-15
-3.453226829100375220e-14 -5.456521352853274709e-14
3.275137010814267212e-13 4.643475932300619135e-13
-2.814728995944863260e-12 -3.549611016074263620e-12
2.170396298332943174e-11 2.411059634397401649e-11
-1.485561550108133304e-10 -1.434345223668472368e-10
8.909894475947676126e-10 7.334313712016679426e-10
-4.607998504894429492e-09 -3.141277537502148988e-09
2.013558086129783994e-08 1.084129734338107999e-08
-7.238287931831264381e-08 -2.818803274138581426e-08
2.063747939926919988e-07 4.716086626376906894e-08
-4.424644849173823351e-07 -1.952861888803029120e-08
6.545840545513555739e-07 -1.243355448492444934e-07
-5.653222205141240533e-07 3.151137328757599695e-07
1.672395232918241296e-07 -2.833082913153814500e-07
5.573572274988632262e-08 3.877967313237584308e-08
2.833110348022047848e-09 2.708408197625784105e-08
-1.572733441573965501e-09 7.458223901032586019e-09
-1.617406225936841588e-10 1.677227618879002304e-09
9.837780975506383602e-11 2.027339673813755277e-10
2.794948297041697095e-11 1.741241986110254037e-16
9.837810440477365117e-11 -2.027342326396383153e-10
-1.617405564235034323e-10 -1.677227994530693774e-09
-1.572733208472549825e-09 -7.458223633337603623e-09
2.833110340511502658e-09 -2.708408216101005692e-08
5.573572306704358221e-08 -3.877967261847133221e-08
1.672395234769249425e-07 2.833082911824225824e-07
-5.653222205646503097e-07 -3.151137330718280327e-07
6.545840544880970358e-07 1.243355445921409830e-07
-4.424644851149558405e-07 1.952861893886799109e-08
2.063747940949663303e-07 -4.716086621511380238e-08
-7.238287912164208873e-08 2.818803290572436736e-08
2.013558087988539563e-08 -1.084129718537092180e-08
-4.607998444348562399e-09 3.141277665095263054e-09
8.909894758794968699e-10 -7.334312025503490883e-10
-1.485563185449416335e-10 1.434344970516417846e-10
2.170404918061115598e-11 -2.411037614200806880e-11
-2.814794770940230163e-12 3.549501107253179650e-12
3.275085805785771574e-13 -4.642724780190533466e-13
-3.452245293783394985e-14 5.460895568610906406e-14
3.372652680324624543e-15 -5.894297813982843488e-15
2.104567431356417797e-14 -1.300115088145752711e-14
-1.847509239591059612e-13 1.277547558212490039e-13
1.479335938166627312e-12 -1.145103290368062696e-12
-1.061559167116362534e-11 9.263321851892016123e-12
6.732245431087710661e-11 -6.698345978350694725e-11
-3.714505054506729891e-10 4.281764008206307939e-10
1.746125529406091133e-09 -2.386693141459638860e-09
-6.788828200821551918e-09 1.140608130959440420e-08
2.082999961514213183e-08 -4.573981600990992040e-08
-4.608008654238165993e-08 1.496205601153995096e-07
5.601141370289462154e-08 -3.840237745086463543e-07
3.256682433442823479e-08 7.305584429481198293e-07
-2.774635245640265037e-07 -9.387724989601867985e-07
4.857326881046733197e-07 6.770816556494111545e-07
-3.350795661029462874e-07 -1.419506729590548542e-07
2.728486560587740212e-08 -5.659499834967522261e-08
1.938319919625130305e-08 -6.030365732022817594e-09
4.318667425079453948e-09 -2.281287671754659304e-10
6.366382610489983886e-10 -1.860844283723234439e-10
2.266591106754757455e-11 -4.761555982491341525e-11
-4.086148756136359804e-12 -3.526022238900423788e-16
2.266562870979513786e-11 4.761543693149541108e-11
6.366384758889094989e-10 1.860843953395260561e-10
4.318667737574688040e-09 2.281283606753416089e-10
1.938319924841460288e-08 6.030365561268508562e-09
2.728486573795080928e-08 5.659499819108764602e-08
-3.350795662864448581e-07 1.419506729598903728e-07
4.857326883373604701e-07 -6.770816556133316802e-07
-2.774635244663015067e-07 9.387724989540165870e-07
3.256682412303905288e-08 -7.305584429271994919e-07
5.601141377829816287e-08 3.840237743815528722e-07
-4.608008656304754992e-08 -1.496205602195188641e-07
2.082999949201776673e-08 4.573981569040922504e-08
-6.788828246835553024e-09 -1.140608102577868910e-08
1.746125487171753905e-09 2.386693352401216798e-09
-3.714503016505990908e-10 -4.281761579690215499e-10
6.732234772836813456e-11 6.698354796234674228e-11
-1.061538207821241926e-11 -9.263136468707347116e-12
1.479351582161430711e-12 1.145135471418318973e-12
-1.844296249060023772e-13 -1.276466319258234640e-13
2.083638703114406750e-14 1.311023979610047896e-14
