-9.995682635685429672e-16 4.563724713822764009e-16
-6.499715102668480899e-16 -8.978324488747137717e-16
-3.200038727386979367e-16 -2.982510713686624978e-16
-2.532200762777536914e-16 9.867836053676827182e-16
-2.098565640481328457e-16 4.373944338169907427e-16
1.442362354701254512e-14 -2.238327533569794269e-15
-2.110628655676563751e-13 3.876958196324326712e-14
3.122146382723346512e-12 -4.325122226338029693e-13
-4.309462655983296104e-11 3.438759569582264193e-12
5.508870410183765813e-10 -9.607752477108511196e-12
-6.482485411913648890e-09 -3.275504887880020750e-10
6.967461702026538954e-08 8.776597348729422094e-09
-6.775799425674042479e-07 -1.434057085861441592e-07
5.890306546079388996e-06 1.837773285102780648e-06
-4.505538832066125214e-05 -1.958090274213028468e-05
2.969111019356109570e-04 1.762806487538897608e-04
-1.634810001701564883e-03 -1.342240967623490417e-03
7.123409880692841388e-03 8.565613391203690669e-03
-2.083550012843014484e-02 -4.577103465870733384e-02
9.275383137148577109e-03 2.182738617162546524e-01
9.113410285094319940e-01 0.000000000000000000e+00
9.275383137108503262e-03 -2.182738617162517103e-01
-2.083550012841700952e-02 4.577103465871382865e-02
7.123409880686219948e-03 -8.565613391203954347e-03
-1.634810001701890144e-03 1.342240967624124242e-03
2.969111019335843120e-04 -1.762806487556898888e-04
-4.505538832008295226e-05 1.958090274075701049e-05
5.890306545530453201e-06 -1.837773285856294170e-06
-6.775799436325535789e-07 1.434057078167928417e-07
6.967461699294004048e-08 -8.776596680764470980e-09
-6.482485213504967308e-09 3.275504435004557473e-10
5.508869200586717943e-10 9.608848627921091207e-12
-4.309480129625755627e-11 -3.439443589183609597e-12
3.124120650426788232e-12 4.299244845450242521e-13
-2.108682609774592455e-13 -4.076017617239989110e-14
1.251518517051013487e-14 2.461223826926999726e-15
-1.135643360380943136e-15 -2.158937069461128443e-16
-1.185912272134740304e-16 2.168644136580431072e-16
-2.394675386740375498e-16 3.350480991134421605e-16
1.918422154147230776e-17 5.902480173842843584e-18
8.536823432218872523e-17 -7.328080533240797240e-16
2.788994012179414474e-16 5.523172582158011642e-17
-4.427558428749239234e-16 -7.717915415414136323e-17
-3.975053271978543690e-16 1.694657998111971741e-16
1.489642603396512176e-16 -1.206248191801385825e-16
1.293997463037412268e-15 3.071271714460603730e-15
-1.590629450581475363e-14 -5.267790183721683088e-14
2.042471232450766491e-13 7.989641509814549798e-13
-2.314211982459274062e-12 -1.136971960632366322e-11
2.231673879448534336e-11 1.501250906123682428e-10
-1.649215866270054201e-10 -1.827123033982104180e-09
5.571610760111199368e-10 2.034645834622496477e-08
8.495603826363155895e-09 -2.054762230175977660e-07
-2.194584080588928275e-07 1.861476843964175962e-06
3.062650669698904682e-06 -1.492219067780749938e-05
-3.204528881312237976e-05 1.039862322913129923e-04
2.675040278575703144e-04 -6.149796179857211715e-04
-1.794463031014226825e-03 2.982219365013862814e-03
9.490360416618092224e-03 -1.123590917218619464e-02
-3.785914914789097890e-02 2.982088115862719865e-02
1.046323251269023896e-01 -4.371577781800087964e-02
-1.661731963293414660e-01 5.673484482933331970e-15
1.046323251269018068e-01 4.371577781797467144e-02
-3.785914914789605817e-02 -2.982088115861435823e-02
9.490360416619537248e-03 1.123590917218171212e-02
-1.794463031014738351e-03 -2.982219365012630727e-03
2.675040278585502163e-04 6.149796179852570245e-04
-3.204528881317215820e-05 -1.039862322916598964e-04
3.062650670149422025e-06 1.492219067686781796e-05
-2.194584078930046806e-07 -1.861476843844595027e-06
8.495603295973378791e-09 2.054762231418220563e-07
5.571614930390313646e-10 -2.034645826693259923e-08
-1.649216168034167862e-10 1.827122915294834522e-09
2.231692249669610252e-11 -1.501245794265922489e-10
-2.314464839196761280e-12 1.136947750290934518e-11
2.038706574929378694e-13 -7.988939538007557722e-13
-1.633897899140786633e-14 5.195464151727081836e-14
7.329198850982465186e-16 -3.337607425105853186e-15
-1.882075698356245100e-16 -1.254794749643784589e-16
-2.449763906158972334e-16 -3.134576035291836400e-16
-8.793707586577308563e-18 -2.217696820755580102e-16
2.233070337188316279e-16 -8.170036552188387131e-17
4.665639517186436377e-16 -2.847059472858873589e-16
5.795509797703843249e-16 5.411979295454313045e-16
3.417288362079102729e-16 1.146318600124801605e-16
-6.413036371141227951e-16 -3.242488101591181360e-16
9.348642630427140481e-15 -4.293893844306230895e-15
-1.520472662462998112e-13 5.564044236255846456e-14
2.215113100345542192e-12 -7.109097039342227328e-13
-3.012820270839113010e-11 8.161921687513180552e-12
3.787688894660385714e-10 -8.267520127282823941e-11
-4.371074807932397958e-09 7.120829831224577385e-10
4.592720746625219225e-08 -4.777170410103110465e-09
-4.350106380072958261e-07 1.765721124907456942e-08
3.668802445248559071e-06 1.055585354352588184e-07
-2.712268441719852934e-05 -2.877745281672527886e-06
1.721848862480053791e-04 3.348563410715169026e-05
-9.126829727973821997e-04 -2.727450593039117350e-04
3.878615401244318774e-03 1.658984854577982664e-03
-1.239908176287012748e-02 -7.402733408430650294e-03
2.665900198444768818e-02 2.238520361437506753e-02
-3.129019342270678017e-02 -3.644613352426889774e-02
9.507152809323387438e-03 3.243356784604274334e-15
-3.129019342269728082e-02 3.644613352427235331e-02
2.665900198444094010e-02 -2.238520361438137152e-02
-1.239908176286579761e-02 7.402733408434468421e-03
3.878615401243372483e-03 -1.658984854579234267e-03
-9.126829727969269432e-04 2.727450593056340443e-04
1.721848862475933552e-04 -3.348563410640389569e-05
-2.712268441691251342e-05 2.877745281991233350e-06
3.668802445372324137e-06 -1.055585352457415492e-07
-4.350106378710915518e-07 -1.765721201641210903e-08
4.592720758818378938e-08 4.777170209461552427e-09
-4.371074761864745918e-09 -7.120841353705392784e-10
3.787688047264745610e-10 8.267574081788438411e-11
-3.012915409812617404e-11 -8.160511150615892701e-12
2.214805562088744413e-12 7.119656942544103176e-13
-1.511315393820665057e-13 -5.569152938185674474e-14
9.721024655028054545e-15 4.010575480709549428e-15
-7.617762125969344557e-16 -4.489278499652045015e-16
1.464503452700470365e-16 -1.998337046623970493e-16
1.578998649361481800e-16 2.288830190467785149e-17
-7.920621344881547077e-17 5.142933040786688556e-16
-2.853688026776819054e-16 4.862887495330537554e-17
2.844014124409506932e-16 -7.741704044644377378e-17
2.263488480999976258e-16 -2.414008846609694012e-16
5.670300853337990476e-16 1.453605401089014204e-15
-1.164991047699582511e-14 -2.348794890805297886e-14
1.555693777123402537e-13 3.571441459201597328e-13
-1.948317604336449277e-12 -5.020039581132220512e-12
2.219553934171415784e-11 6.543988266540968088e-11
-2.266047230753688627e-10 -7.854013070236956308e-10
2.030193873971851299e-09 8.613857377480760008e-09
-1.540945899090263448e-08 -8.555641134242058363e-08
9.213101922679983038e-08 7.611645347779185566e-07
-3.439375759224528528e-07 -5.982857651364267937e-06
-4.867958057306768462e-07 4.082113143601657183e-05
2.105935897748183392e-05 -2.361745797120857007e-04
-1.987002858093634317e-04 1.121521812803071482e-03
1.168131119164993832e-03 -4.165696323377528730e-03
-4.542279823823442385e-03 1.119482822218963343e-02
1.054948887351243175e-02 -1.881398379962467837e-02
-9.730418972173349862e-03 1.376254675096276817e-02
-3.392781427862690685e-03 1.192938120911886088e-15
-9.730418972175747250e-03 -1.376254675095897086e-02
1.054948887351683795e-02 1.881398379962019585e-02
-4.542279823826884076e-03 -1.119482822218661328e-02
1.168131119166325449e-03 4.165696323376557285e-03
-1.987002858107801315e-04 -1.121521812802945281e-03
2.105935897742359532e-05 2.361745797123039777e-04
-4.867958063430460916e-07 -4.082113143556599096e-05
-3.439375765412400669e-07 5.982857651279263099e-06
9.213101965609194374e-08 -7.611645348209532302e-07
-1.540945913361314757e-08 8.555641102778479554e-08
2.030193823945471253e-09 -8.613857306329797224e-09
-2.266049650120936276e-10 7.854010708301052201e-10
2.219537408126268226e-11 -6.544016343735072630e-11
-1.948128872217350542e-12 5.020247582659261871e-12
1.556026394807173954e-13 -3.566593334321163243e-13
-1.128609147758632710e-14 2.378363981894494754e-14
9.157786008724098723e-16 -1.291999021119071443e-15
1.671519354276967526e-16 3.138512418456637274e-16
4.002758662744105467e-17 1.499201031050826768e-16
-2.995195842678490820e-16 6.956614039820067200e-17
-2.779048402517833046e-16 1.991611577777164154e-16
-4.791119404491804118e-16 -4.613063847648099523e-16
-5.173909520476571365e-16 -1.519928450914524400e-17
3.257978523955838077e-15 -1.574455497617163565e-15
-5.080001078387529177e-14 2.834033081978683973e-14
7.418446312932343690e-13 -3.732521744242941009e-13
-1.001150119787040108e-11 4.574558753069751196e-12
1.248851103089453954e-10 -5.110536698604428637e-11
-1.429337555874309967e-09 5.147490839162928576e-10
1.488811185100560095e-08 -4.606278626456556611e-09
-1.397521442762465204e-07 3.585610667737673551e-08
1.167987230550368686e-06 -2.349070467086312661e-07
-8.559769531330626067e-06 1.218521288974666832e-06
5.393293213998526676e-05 -4.279841757716024739e-06
-2.845006659033045334e-04 3.100606665183859454e-06
1.210227095751100976e-03 7.826071693477809122e-05
-3.922465690686645877e-03 -5.863641970006573494e-04
8.805217943168448455e-03 2.163926905677778477e-03
-1.130112801325364874e-02 -3.971732017796966545e-03
4.559441430550600395e-03 1.829105360888812247e-03
1.561207484904136161e-03 -1.609042849250345275e-16
4.559441430548986235e-03 -1.829105360888999381e-03
-1.130112801325218290e-02 3.971732017799685724e-03
8.805217943166767508e-03 -2.163926905680769140e-03
-3.922465690685945049e-03 5.863641970023848087e-04
1.210227095751371159e-03 -7.826071693611683696e-05
-2.845006659029155759e-04 -3.100606664576332273e-06
5.393293213949085701e-05 4.279841757421524935e-06
-8.559769531240925277e-06 -1.218521288634739381e-06
1.167987230180052446e-06 2.349070468164478400e-07
-1.397521445058429799e-07 -3.585610688544740777e-08
1.488811193346069322e-08 4.606279421495923300e-09
-1.429337518152101118e-09 -5.147494773538926118e-10
1.248857057305732228e-10 5.110404678902123229e-11
-1.001140620906915197e-11 -4.575373736104605132e-12
7.413155073448771873e-13 3.732315169958279373e-13
-5.114601217466129567e-14 -2.792388265379732631e-14
3.291612137233508849e-15 2.097517825742810962e-15
-1.681620676333818616e-16 -3.439345236754839633e-17
-1.394870441401919418e-16 -6.862749859068272819e-18
-3.025556736659322468e-17 -3.891662819383195475e-16
2.536190000062731698e-16 -3.010922252799766787e-17
-1.839838042948270201e-16 1.454703552866238933e-16
6.343424372396409194e-17 5.627323006074055965e-16
-4.234992577477819344e-15 -6.505842109846734226e-15
6.137782891053636297e-14 9.835181157724053687e-14
-7.934032048059929301e-13 -1.380381390259855816e-12
9.475556654216669243e-12 1.792578572323609152e-11
-1.032794691229410253e-10 -2.144044369522410211e-10
1.017079679875548804e-09 2.344159116110701096e-09
-8.937915550806572973e-09 -2.322387515817891286e-08
6.896629043913928504e-08 2.062805344570646393e-07
-4.570538912476630231e-07 -1.621215612661469124e-06
2.518602387658596694e-06 1.108742461436417976e-05
-1.094077210319413789e-05 -6.455690930688540001e-05
3.360387486920947680e-05 3.106465677760670814e-04
-5.025809114642000027e-05 -1.183759380527561874e-03
-9.494596814988435140e-05 3.343472179755064676e-03
6.491044047672717403e-04 -6.235207310841912529e-03
-1.062848843520861584e-03 5.963446457115014962e-03
1.745807694601462872e-04 -9.877628070513468604e-04
-1.646634402479899787e-04 2.697714225996912455e-16
1.745807694609794966e-04 9.877628070505983272e-04
-1.062848843522793416e-03 -5.963446457114658476e-03
6.491044047695431439e-04 6.235207310840724243e-03
-9.494596815082587257e-05 -3.343472179753996954e-03
-5.025809114527960255e-05 1.183759380527706941e-03
3.360387486949738668e-05 -3.106465677758672088e-04
-1.094077210309834016e-05 6.455690930651129605e-05
2.518602387861081614e-06 -1.108742461403319825e-05
-4.570538917245863534e-07 1.621215612879603613e-06
6.896629070551435188e-08 -2.062805339018571475e-07
-8.937915384571802617e-09 2.322387509637701337e-08
1.017079869184795729e-09 -2.344158660760505436e-09
-1.032793023095799459e-10 2.144046242113529033e-10
9.475599230122723971e-12 -1.792606640230318477e-11
-7.931937520817610852e-13 1.380046602453480924e-12
6.102952974997803571e-14 -9.858062405448102748e-14
-4.315527731713998864e-15 6.421641868024119990e-15
1.712808678198595408e-16 -6.210373670172087549e-16
-6.518025965349535805e-17 -6.030905437051081248e-17
3.359433808756068358e-16 1.205936495203559381e-17
1.723791064096709355e-16 -1.725531195629947182e-16
3.627861851026463058e-16 3.673690364697804621e-16
1.084195330635815578e-15 -4.854008095449250872e-16
-1.208272536773384939e-14 8.739287254813873555e-15
1.758879995048678328e-13 -1.226324638746260603e-13
-2.378097390706594161e-12 1.543333379763504924e-12
2.967172515355234174e-11 -1.790235922634554015e-11
-3.399786063306061853e-10 1.894202387259275780e-10
3.548806789874327112e-09 -1.811179114474037654e-09
-3.343150416074206302e-08 1.547211387055809701e-08
2.809921270468080630e-07 -1.163995562776738386e-07
-2.077294154454965294e-06 7.570648333047748816e-07
1.326323402563684807e-05 -4.153094709892956813e-06
-7.140094262018045214e-05 1.856302895871809525e-05
3.135401674469256387e-04 -6.418606098556276245e-05
-1.070231406546710839e-03 1.574635755637076630e-04
2.630602494864404776e-03 -2.300557626169400351e-04
-4.051842676147215418e-03 1.105738289539616936e-04
2.803704353084439903e-03 7.634137668505523819e-05
1.917576960439142041e-05 -4.062153743861316742e-06
1.220616150581797300e-04 -5.801302131465523534e-16
1.917576960337960228e-05 4.062153744346335431e-06
2.803704353084524037e-03 -7.634137668546903750e-05
-4.051842676146797349e-03 -1.105738289527355965e-04
2.630602494863573844e-03 2.300557626156471511e-04
-1.070231406547187672e-03 -1.574635755626337336e-04
3.135401674469166398e-04 6.418606098506203722e-05
-7.140094262008128830e-05 -1.856302895868785957e-05
1.326323402561140150e-05 4.153094709747777907e-06
-2.077294154465722612e-06 -7.570648332057834116e-07
2.809921273001437061e-07 1.163995564303368102e-07
-3.343150419071718260e-08 -1.547211448308369287e-08
3.548806705298436399e-09 1.811179552278680969e-09
-3.399790611713889206e-10 -1.894192117605490368e-10
2.967178440603498891e-11 1.790295133565145705e-11
-2.377801972568422774e-12 -1.543278647509861110e-12
1.761837571330010009e-13 1.222881140557163756e-13
-1.210498695159496163e-14 -9.017555051434542616e-15
9.549840362967004196e-16 5.596789163465534714e-16
2.561914677782388930e-17 1.385122898587479107e-17
7.025175442590683338e-17 3.559455244744543694e-16
-2.307614960792052572e-16 3.350875983710028111e-17
1.642881899289792311e-16 -7.139430842715581562e-17
-1.018286599336915321e-15 -1.532448495450595927e-15
1.693527489775445406e-14 2.065091976210775504e-14
-2.259055382760267997e-13 -2.915099733898381819e-13
2.766979910881761627e-12 3.800154006676377486e-12
-3.115128945455196514e-11 -4.564543387768737443e-11
3.195238496568422471e-10 5.018626528438504396e-10
-2.958364791452088418e-09 -5.008639564462494119e-09
2.444884694063310214e-08 4.492106417542943998e-08
-1.778787528354818543e-07 -3.576395384349679719e-07
1.119666053468569781e-06 2.489063567898016811e-06
-5.961686281922610863e-06 -1.484730793584744356e-05
2.605494390394210382e-05 7.393982828690599330e-05
-8.962826048685104577e-05 -2.963933574909914464e-04
2.281927050867427892e-04 9.060416495513553105e-04
-3.901355753520345201e-04 -1.934788017067024662e-03
3.763198203122798680e-04 2.444229799047008267e-03
-1.286248435719339117e-04 -1.172742509430876011e-03
-4.787146423629422547e-05 -1.329959056951843873e-04
-5.197027263108294380e-05 4.521705149893946676e-16
-4.787146423576017459e-05 1.329959056947077720e-04
-1.286248435717868397e-04 1.172742509430451871e-03
3.763198203112451054e-04 -2.444229799046614485e-03
-3.901355753512562256e-04 1.934788017066650179e-03
2.281927050861010499e-04 -9.060416495514403120e-04
-8.962826048657180950e-05 2.963933574909870554e-04
2.605494390367648106e-05 -7.393982828694465866e-05
-5.961686282073624132e-06 1.484730793550872694e-05
1.119666053844089345e-06 -2.489063568122091754e-06
-1.778787528699753123e-07 3.576395381086334941e-07
2.444884667731552315e-08 -4.492106419930864210e-08
-2.958364789778800473e-09 5.008639288161801736e-09
3.195238101817126211e-10 -5.018628234749823529e-10
-3.115152346441599638e-11 4.564569526447104030e-11
2.766850410431065692e-12 -3.799848836884995602e-12
-2.256736545053704963e-13 2.917232215573670724e-13
1.699034781573178847e-14 -2.069780498006336159e-14
-1.065372615162325996e-15 1.500248806482825088e-15
4.885265746514435694e-17 -1.913147868405228009e-17
-1.538992021691104362e-16 3.000808115618222095e-17
-1.399100015555031876e-16 1.259700507179882065e-16
-1.796011381571595091e-16 -3.407311587081218942e-16
-2.583039591906320969e-15 2.120203826932253374e-15
3.368698291801021516e-14 -3.032881160690356276e-14
-4.576565311757354052e-13 3.929553748031214516e-13
5.751365745017242845e-12 -4.669116480090974144e-12
-6.642414724846524057e-11 5.089803752568318380e-11
7.002207139849924865e-10 -5.047184927862854994e-10
-6.677903498765035213e-09 4.510455895206657188e-09
5.700500067281340401e-08 -3.591776314809802476e-08
-4.298923018329402007e-07 2.513532392571523017e-07
2.817203539915646137e-06 -1.519088015320239895e-06
-1.570458112256182200e-05 7.753123131732554419e-06
7.237235102504127322e-05 -3.243756941401020028e-05
-2.648633541720698203e-04 1.067604383267603736e-04
7.247713711732690174e-04 -2.601795866293285324e-04
-1.341668996614921736e-03 4.257076444778851707e-04
1.377860194185919146e-03 -3.860047913415645010e-04
-4.277932412986011515e-04 9.900366964587836759e-05
-7.467867482801576599e-05 4.252042589676682766e-05
-1.249012491313424976e-05 -1.467504750604206751e-17
-7.467867482792928731e-05 -4.252042589718259209e-05
-4.277932412987213353e-04 -9.900366964553078593e-05
1.377860194185907654e-03 3.860047913410173041e-04
-1.341668996615170886e-03 -4.257076444778007114e-04
7.247713711733854607e-04 2.601795866286629407e-04
-2.648633541720662424e-04 -1.067604383263718362e-04
7.237235102470309701e-05 3.243756941380555712e-05
-1.570458112261261010e-05 -7.753123131709903064e-06
2.817203539742670574e-06 1.519088015384809852e-06
-4.298923021059646482e-07 -2.513532393553320495e-07
5.700500072662149624e-08 3.591776359724840867e-08
-6.677903407788832856e-09 -4.510456375809279428e-09
7.002212296544421834e-10 5.047178017157513774e-10
-6.642422737899803217e-11 -5.089846463816847770e-11
5.751105145514696478e-12 4.669255424875166836e-12
-4.577692045103694223e-13 -3.927107588810664284e-13
3.373607571676819120e-14 3.056301442491930624e-14
-2.462606474499518083e-15 -2.186638740732613347e-15
6.001635753459399332e-17 2.107986115661715778e-16
1.113102512453679979e-17 -3.142995333762549441e-16
2.429992998057042317e-16 -4.865281400854647877e-17
-2.418976470634980430e-16 -1.094114506988961603e-16
3.689582904987019847e-15 3.711732389076762586e-15
-5.127717651545568210e-14 -5.139119790827810255e-14
6.425987192073481564e-13 6.768680352483500528e-13
-7.412572313849425526e-12 -8.213576514827112136e-12
7.827901207693460670e-11 9.138525184388543370e-11
-7.504544304962791209e-10 -9.251524585219220824e-10
6.468963897823481805e-09 8.442829395279900740e-09
-4.956152751942385908e-08 -6.867502380681113966e-08
3.327122928499335806e-07 4.910154772883219317e-07
-1.922380243844413518e-06 -3.032019125132741250e-06
9.341875681915991230e-06 1.580391257119446815e-05
-3.702241007677754695e-05 -6.741637980798837035e-05
1.145975080183353262e-04 2.252539358195154869e-04
-2.596493892650850979e-04 -5.513584652362647168e-04
3.859785067640605482e-04 8.822873755183261151e-04
-2.981502189510844324e-04 -7.281043201688717006e-04
4.029766798753779184e-05 1.281533207919048850e-04
2.223713226546894680e-05 2.608295225965791899e-05
6.130673771255191816e-06 5.647227197067032039e-17
2.223713226546489120e-05 -2.608295225963742079e-05
4.029766798765223616e-05 -1.281533207920797668e-04
-2.981502189509921126e-04 7.281043201689429327e-04
3.859785067638111817e-04 -8.822873755182427400e-04
-2.596493892647043261e-04 5.513584652364930498e-04
1.145975080182040564e-04 -2.252539358196329060e-04
-3.702241007672148692e-05 6.741637980806609409e-05
9.341875681772310726e-06 -1.580391257105554119e-05
-1.922380244098617847e-06 3.032019125186948394e-06
3.327122929721804460e-07 -4.910154772718084950e-07
-4.956152743884272298e-08 6.867502389008440454e-08
6.468963785410304094e-09 -8.442829242808873147e-09
-7.504542105485522333e-10 9.251524639164950117e-10
7.827922664185014278e-11 -9.138526880844704213e-11
-7.412489898778606025e-12 8.213139504800739376e-12
6.423890603841957028e-13 -6.770288891754968994e-13
-5.124331402454251125e-14 5.142849458151286282e-14
3.720194526982012417e-15 -3.684988205327612630e-15
-1.967972739562129351e-16 2.499687411225341067e-16
2.230677680636654251e-16 -1.923476489132002481e-17
8.133134881006318988e-17 -1.347882009904000219e-16
-1.028813144997196288e-16 5.406954652649237673e-16
5.734510756852119221e-15 -6.310190770655993013e-15
-7.569546760965841276e-14 8.282627849309502794e-14
9.622268298268620285e-13 -1.007687141171417202e-12
-1.126123244725304211e-11 1.126010846733457593e-11
1.205416219290384474e-10 -1.149694400130828353e-10
-1.170760953404905658e-09 1.063544553430733692e-09
1.021657610635566735e-08 -8.825904047918701850e-09
-7.915299716723155093e-08 6.492044003455233635e-08
5.364537286923847819e-07 -4.170570869277269384e-07
-3.121382536291417507e-06 2.296658524736173982e-06
1.521407533868391712e-05 -1.058194422342923424e-05
-6.007883091836363840e-05 3.948448690247070430e-05
1.832224085852135974e-04 -1.139062722593139199e-04
-4.007294709341152768e-04 2.365953791265872823e-04
5.523090834020287325e-04 -3.123311150038350159e-04
-3.606696502128393391e-04 1.966557161644558703e-04
2.529942154643624271e-05 -4.656325131284700901e-06
5.529672101933515952e-06 -7.054364683699845369e-06
-3.953351614008883733e-07 1.206834727239380982e-16
5.529672101929694986e-06 7.054364683687029760e-06
2.529942154629029555e-05 4.656325131077609816e-06
-3.606696502131109317e-04 -1.966557161644941969e-04
5.523090834019953391e-04 3.123311150034058887e-04
-4.007294709340825339e-04 -2.365953791258814396e-04
1.832224085853191987e-04 1.139062722591150094e-04
-6.007883091794107738e-05 -3.948448690242192875e-05
1.521407533862039473e-05 1.058194422369300707e-05
-3.121382536186051690e-06 -2.296658524831621043e-06
5.364537289696757343e-07 4.170570870410531176e-07
-7.915299729062470342e-08 -6.492044028864256671e-08
1.021657607909421800e-08 8.825904511552110042e-09
-1.170761339979384768e-09 -1.063544134431763258e-09
1.205416132467994674e-10 1.149698018321164894e-10
-1.126083916873369876e-11 -1.126039129965259524e-11
9.624269766191711526e-13 1.007609599386110570e-12
-7.573776812351293528e-14 -8.305589165981693343e-14
5.652125835826993419e-15 6.322507625511462598e-15
-2.971807351649250244e-16 -3.893132809878064590e-16
-5.952023675096920988e-17 2.728591783294162548e-16
-2.578941346959821093e-16 5.376805694816461929e-17
6.129351196545146663e-16 3.821640344346652430e-16
-9.895169118522796009e-15 -8.026220196057150581e-15
1.272084178729118725e-13 1.054932106704609012e-13
-1.502087169001277412e-12 -1.299690960055428692e-12
1.628294980538339895e-11 1.470154104810925998e-11
-1.609350572336410141e-10 -1.517164910341735623e-10
1.437674601656635225e-09 1.416218661438149989e-09
-1.148937029818026892e-08 -1.183510094322978445e-08
8.112233500354793083e-08 8.743778642119610276e-08
-4.983011837145804053e-07 -5.622419036540350660e-07
2.611316343821871816e-06 3.084528830993541315e-06
-1.138017886366539773e-05 -1.406403525011108764e-05
3.983497939532110817e-05 5.141430702584239162e-05
-1.065277560613308027e-04 -1.430558020245626262e-04
2.011960945251797328e-04 2.791557882198931703e-04
-2.326599192127241087e-04 -3.298581108247359292e-04
1.152309204574931094e-04 1.669385648277730064e-04
8.535957838924426179e-06 2.030074002278415261e-06
7.344325450037023413e-08 8.996292524721742046e-08
1.064763594898399170e-06 2.071046481854782965e-16
7.344325476053104375e-08 -8.996292562262460644e-08
8.535957838470926434e-06 -2.030074002430027382e-06
1.152309204570874145e-04 -1.669385648276347435e-04
-2.326599192129070678e-04 3.298581108247937714e-04
2.011960945251647166e-04 -2.791557882201361400e-04
-1.065277560615012121e-04 1.430558020249796103e-04
3.983497939548856319e-05 -5.141430702602617066e-05
-1.138017886367153025e-05 1.406403525011199397e-05
2.611316343802637815e-06 -3.084528830792891916e-06
-4.983011838802160041e-07 5.622419036765342727e-07
8.112233500259030715e-08 -8.743778655619841089e-08
-1.148937022342546881e-08 1.183510072452067120e-08
1.437674500522083777e-09 -1.416218693260723488e-09
-1.609352266448259186e-10 1.517165927590262464e-10
1.628282972556608744e-11 -1.470117452130811222e-11
-1.501840535959881886e-12 1.299722656626535561e-12
1.271609697924266892e-13 -1.055253375367253401e-13
-9.862776865165474097e-15 8.030499496969653867e-15
6.522737246176718239e-16 -5.395100336914952732e-16
-1.884666667506711011e-16 -5.771362888314984835e-19
-1.098027331582099031e-16 1.969776011662053319e-16
6.493722808653851684e-16 -1.232694849877485793e-15
-1.128700543630809586e-14 1.527963916027102823e-14
1.432170971115014434e-13 -1.896667544758086922e-13
-1.704741269684116920e-12 2.171922408124779286e-12
1.860316390492895914e-11 -2.279057117974036910e-11
-1.847613299159604102e-10 2.176189934898791328e-10
1.655254872969530452e-09 -1.874017266865322705e-09
-1.323256636065067170e-08 1.439950106885526658e-08
9.315441563535616936e-08 -9.744733807554359381e-08
-5.680278897387903458e-07 5.715103371338408061e-07
2.937340379428955975e-06 -2.845587771690149865e-06
-1.252566923143640754e-05 1.170731174538748989e-05
4.237690852085747214e-05 -3.834746147252317586e-05
-1.074924548785480028e-04 9.472326531431398333e-05
1.867764752762032560e-04 -1.617702039478894108e-04
-1.881086430030941379e-04 1.621580767377639042e-04
7.167086049128129383e-05 -6.061603438296220650e-05
5.333722342297257118e-06 -9.755601536271257953e-06
6.394448799505118164e-07 -1.628354014022428792e-06
1.536278023560552069e-09 -3.368975360027127882e-17
6.394448802544849420e-07 1.628354014190424225e-06
5.333722342105056025e-06 9.755601536222263873e-06
7.167086049121167450e-05 6.061603438292534362e-05
-1.881086430031276126e-04 -1.621580767375788851e-04
1.867764752762782828e-04 1.617702039475402164e-04
-1.074924548785573947e-04 -9.472326531417925766e-05
4.237690852036958116e-05 3.834746147233195648e-05
-1.252566923133622557e-05 -1.170731174566841684e-05
2.937340379328835410e-06 2.845587771772910490e-06
-5.680278897850073222e-07 -5.715103372176227408e-07
9.315441567151030164e-08 9.744733832341981842e-08
-1.323256627423284994e-08 -1.439950128080168698e-08
1.655255138869343769e-09 1.874016995718169438e-09
-1.847612675513601630e-10 -2.176191550063072818e-10
1.860280804264551744e-11 2.279087824165000685e-11
-1.704880609544080231e-12 -2.171980648782451704e-12
1.432616930896042029e-13 1.898093466511580324e-13
-1.126117866306957290e-14 -1.528402378082385509e-14
7.660900223177705534e-16 1.069041990190499998e-15
-1.050138410640210311e-17 -2.608324187481214742e-16
2.865650974861793891e-16 6.391686891144396363e-18
-1.532258076607682477e-15 -9.572898389847264009e-16
2.231257702909642917e-14 1.481485983981171894e-14
-2.699059989856665136e-13 -1.846688709312147291e-13
3.002693662052278897e-12 2.131472199045478468e-12
-3.056583915931534097e-11 -2.250216149546827523e-11
2.824897532866055498e-10 2.156313783705239394e-10
-2.348417699414248731e-09 -1.858067098992895487e-09
1.736715473232895857e-08 1.423468238139344836e-08
-1.127130342387810917e-07 -9.561758892483200099e-08
6.312055485107218995e-07 5.534442592389003512e-07
-2.984855886428669253e-06 -2.699201231765313586e-06
1.158223753621909825e-05 1.076687542570963689e-05
-3.544383693318426803e-05 -3.370140435715953292e-05
8.066437440657002293e-05 7.785447311979723603e-05
-1.240328083253131725e-04 -1.201478953200133047e-04
1.067303439352337439e-04 1.023743090691621151e-04
-2.835626126004785097e-05 -2.815595752444556384e-05
-6.948302276724876640e-06 -3.358596139489918339e-06
-1.415136863666274430e-06 -3.106861473144735655e-07
-4.419646110574870863e-07 -3.417693660190095912e-16
-1.415136863642459039e-06 3.106861475162309372e-07
-6.948302276899189245e-06 3.358596139388976576e-06
-2.835626126016771629e-05 2.815595752464307498e-05
1.067303439349887549e-04 -1.023743090690281213e-04
-1.240328083253664339e-04 1.201478953199039900e-04
8.066437440645360672e-05 -7.785447311971215327e-05
-3.544383693322879485e-05 3.370140435714318180e-05
1.158223753617528631e-05 -1.076687542583143853e-05
-2.984855886341275782e-06 2.699201231670699582e-06
6.312055484889935986e-07 -5.534442592035692305e-07
-1.127130342196338325e-07 9.561758894471766114e-08
1.736715463433723561e-08 -1.423468225481798978e-08
-2.348417576100561422e-09 1.858067231843469439e-09
2.824897114239902604e-10 -2.156315298341739141e-10
-3.056576948148966390e-11 2.250182727416456585e-11
3.002500104551812784e-12 -2.131460793866244868e-12
-2.698396761924128149e-13 1.847070659267646660e-13
2.226796371668727642e-14 -1.483715084989841360e-14
-1.687873450611979084e-15 1.075617525587325250e-15
2.199701598871342916e-16 -9.067415950865212921e-18
1.477563706523782278e-16 -2.882936295882582255e-16
-1.384369631006071308e-15 2.600922729670891539e-15
1.940406597245407341e-14 -3.217506387875905271e-14
-2.340871608814510839e-13 3.772302650227667232e-13
2.611476913915897263e-12 -4.067735007949660206e-12
-2.659695645150444096e-11 4.006027471530876286e-11
2.452901428336684275e-10 -3.574913883919250739e-10
-2.028608813052550778e-09 2.863071563294094216e-09
1.486746205864808159e-08 -2.034229326839822674e-08
-9.516215596381140290e-08 1.264227600353499633e-07
5.222969268452617264e-07 -6.751755409011514796e-07
-2.400512629416918194e-06 3.028859704660690215e-06
8.950533453424370511e-06 -1.107199693387711176e-05
-2.589648839628295727e-05 3.161002169410391473e-05
5.439735643808412736e-05 -6.614185620058295580e-05
-7.430696517146487560e-05 9.121916284193880818e-05
5.306318519179422868e-05 -6.668803131554604507e-05
-9.876627525328953100e-06 1.132877200836965360e-05
-1.458371473596885323e-06 3.910995567986033623e-06
-4.073605334940233016e-08 7.887306505591893122e-07
6.584243501006214717e-08 -1.254429464766616636e-16
-4.073605318386337256e-08 -7.887306505371596793e-07
-1.458371473441054342e-06 -3.910995568165842624e-06
-9.876627524811519308e-06 -1.132877200858125937e-05
5.306318519184284160e-05 6.668803131574299039e-05
-7.430696517147827905e-05 -9.121916284165274144e-05
5.439735643816823434e-05 6.614185620040799267e-05
-2.589648839605129037e-05 -3.161002169374442717e-05
8.950533453358942298e-06 1.107199693401224570e-05
-2.400512629350674711e-06 -3.028859704582536179e-06
5.222969266807899509e-07 6.751755409205007826e-07
-9.516215582258849805e-08 -1.264227601116466413e-07
1.486746200832915299e-08 2.034229335063072636e-08
-2.028609075337191701e-09 -2.863071490680888281e-09
2.452901368465423399e-10 3.574915472934814252e-10
-2.659669068499044573e-11 -4.006057969127121249e-11
2.611628979963136247e-12 4.067724483470483879e-12
-2.341054105849481665e-13 -3.773162568002397069e-13
1.935036108236393110e-14 3.220859541368119224e-14
-1.484679948990849004e-15 -2.521666802115195224e-15
1.372283032241479565e-16 2.997287485159341420e-16
-4.549026523828494933e-16 -5.378878588707496724e-17
3.403560738321972450e-15 1.754362129868466501e-15
-4.404499198568671039e-14 -2.385506941366049587e-14
5.032103727395294995e-13 2.811208985980582422e-13
-5.276147800549331364e-12 -3.044251889931096702e-12
5.042983620947427768e-11 3.002387921707300809e-11
-4.357263663360312024e-10 -2.673985272177044875e-10
3.369498033241122882e-09 2.128672032923407243e-09
-2.304233229073383395e-08 -1.495997641152250885e-08
1.373072192762951596e-07 9.140836536975511467e-08
-6.998770433762765046e-07 -4.763171379753119679e-07
2.979315102763775054e-06 2.064370747873772042e-06
-1.025743180266400712e-05 -7.194870342618284627e-06
2.729804585317085119e-05 1.922705758390176576e-05
-5.242790869987039353e-05 -3.665321880259224483e-05
6.461592476590147336e-05 4.412674143858564819e-05
-3.965224780207283296e-05 -2.609218797171908218e-05
3.361278241319119304e-06 2.951201459540623128e-06
1.816039768729821911e-06 4.655652824662871814e-07
3.485088406690454536e-07 -3.530382987855155088e-08
5.538017138997420897e-08 7.771858530537708969e-18
3.485088408529112130e-07 3.530382994818288031e-08
1.816039768835465131e-06 -4.655652825553787421e-07
3.361278241600930553e-06 -2.951201459814713249e-06
-3.965224780186024124e-05 2.609218797171491478e-05
6.461592476588209324e-05 -4.412674143877682692e-05
-5.242790869983585491e-05 3.665321880238199770e-05
2.729804585323266088e-05 -1.922705758400630995e-05
-1.025743180243428840e-05 7.194870342491544781e-06
2.979315102684560110e-06 -2.064370747823139801e-06
-6.998770433748926645e-07 4.763171379082728041e-07
1.373072193778935323e-07 -9.140836541074636094e-08
-2.304233229031950580e-08 1.495997619176364218e-08
3.369497939241293731e-09 -2.128672137280474859e-09
-4.357263363927644401e-10 2.673985539255472382e-10
5.042969040659464209e-11 -3.002367118543008888e-11
-5.275981936568310498e-12 3.044220916585120564e-12
5.031528903778918931e-13 -2.811386924123260183e-13
-4.397987543841143873e-14 2.390795239373676495e-14
3.559061092324066755e-15 -1.908760498932821263e-15
-4.097410884188306988e-16 7.946879186107054870e-17
-1.804116949279336588e-16 4.502983059241612493e-16
2.298008049787990869e-15 -5.082661949401891267e-15
-2.951209970851864003e-14 6.027928891758901859e-14
3.357892286250458615e-13 -6.676077889454772742e-13
-3.513281601109944979e-12 6.780120378763275773e-12
3.341050845985798825e-11 -6.265839893720265145e-11
-2.862338658260564789e-10 5.224314202206329976e-10
2.185837105683593018e-09 -3.889650662689785123e-09
-1.468767162141851858e-08 2.553941904879789150e-08
8.546144543064998625e-08 -1.456327467153631542e-07
-4.219419687721177241e-07 7.073569984227631090e-07
1.721447988446826562e-06 -2.853763095265403966e-06
-5.598865108439226330e-06 9.243618593537390632e-06
1.379223644157427755e-05 -2.290437040495758709e-05
-2.378938216237029053e-05 4.030482616272383682e-05
2.509338948133359675e-05 -4.421945835874069709e-05
-1.209524843785511543e-05 2.243728288050858064e-05
6.776943832641949163e-07 -1.885021881480135513e-07
9.439935882711341778e-08 -6.694515416841104817e-07
-3.381793360240908494e-08 -1.171507066137541247e-07
-1.134166118118927539e-08 1.176962955031673810e-16
-3.381793369083396450e-08 1.171507067736750834e-07
9.439935875304647459e-08 6.694515417756175686e-07
6.776943836538369541e-07 1.885021879523025124e-07
-1.209524843785363821e-05 -2.243728288077938046e-05
2.509338948149148708e-05 4.421945835863683053e-05
-2.378938216247335072e-05 -4.030482616275685756e-05
1.379223644165581802e-05 2.290437040487998532e-05
-5.598865108476954872e-06 -9.243618593446829257e-06
1.721447988271615044e-06 2.853763095478661028e-06
-4.219419687833062882e-07 -7.073569984660885267e-07
8.546144532219036873e-08 1.456327468246538831e-07
-1.468767158737078518e-08 -2.553941918685662868e-08
2.185837294308874487e-09 3.889650721047653617e-09
-2.862338552800540024e-10 -5.224315098435072816e-10
3.341029099718179967e-11 6.265859443956904693e-11
-3.513353727697948420e-12 -6.780144310829236013e-12
3.357816765864373140e-13 6.676795022652822243e-13
-2.938357324411684786e-14 -6.026816273345479369e-14
2.380045810983111647e-15 4.922277775354480556e-15
-1.974373747666209136e-16 -4.919229575130788940e-16
6.798177703362587429e-16 1.784268451395860020e-16
-6.467535955130245779e-15 -2.765804940843302164e-15
7.777990936372278121e-14 3.379996398461754560e-14
-8.406015873164325271e-13 -3.758668815716328132e-13
8.310117729841236937e-12 3.822892985779126859e-12
-7.460235875713800574e-11 -3.524809331975248071e-11
6.027405910067273722e-10 2.919258340514223607e-10
-4.336080208325925910e-09 -2.147687470792219156e-09
2.741741216875234144e-08 1.384677822228790047e-08
-1.499572854186452125e-07 -7.693142430254896407e-08
6.952269348633686206e-07 3.605363318939573578e-07
-2.660927793145878694e-06 -1.385824023808961291e-06
8.111724808210841724e-06 4.205070072677298182e-06
-1.870723822706024276e-05 -9.533288635770307241e-06
3.011814761194557392e-05 1.482285401573687181e-05
-2.929303660659596451e-05 -1.359226669496354060e-05
1.204942733672229575e-05 5.232899037176889398e-06
7.426093134158857654e-07 -8.986416055206261846e-08
-1.529412828405658607e-07 -3.687134165702800472e-09
-2.051669585041600982e-08 1.538241805829322029e-08
4.225605029657162007e-09 -2.547313899395354592e-17
-2.051669585404019910e-08 -1.538241815564771640e-08
-1.529412831664858482e-07 3.687134072066038262e-09
7.426093134003437696e-07 8.986416015495638067e-08
1.204942733654451031e-05 -5.232899036969298563e-06
-2.929303660638515495e-05 1.359226669476486732e-05
3.011814761203782936e-05 -1.482285401552280117e-05
-1.870723822729024609e-05 9.533288635750678100e-06
8.111724807891251111e-06 -4.205070072629841467e-06
-2.660927793092322071e-06 1.385824023843055637e-06
6.952269349325991645e-07 -3.605363318587942673e-07
-1.499572854725849059e-07 7.693142433010695601e-08
2.741741234848752161e-08 -1.384677807269958904e-08
-4.336080087443834860e-09 2.147687558095442636e-09
6.027406214049959457e-10 -2.919258151454973100e-10
-7.460217139225965679e-11 3.524791749800750052e-11
8.310021437952451425e-12 -3.822867363169506517e-12
-8.406534425740040544e-13 3.759162769880418130e-13
7.771502410953000027e-14 -3.384831410862610528e-14
-6.604807962551702836e-15 2.846908617130235847e-15
7.728556477894145225e-16 -1.386497017439266183e-16
2.386986318635890415e-16 -7.981997489394170200e-16
-3.299966959636798196e-15 9.049680683032386680e-15
3.970838390039203808e-14 -1.022754490551809461e-13
-4.259157345144184832e-13 1.070900326130131470e-12
4.180041974052263021e-12 -1.024347912699731745e-11
-3.711464023693199067e-11 8.882741366090066683e-11
2.952833127870861725e-10 -6.919067027683953818e-10
-2.080906390338645106e-09 4.788043103078138510e-09
1.280704505390159300e-08 -2.904377254975419964e-08
-6.763555846609636560e-08 1.518830041873397316e-07
2.996702742638383461e-07 -6.704195158387314204e-07
-1.081274347408530488e-06 2.429555340475781148e-06
3.049872216608385038e-06 -6.959700413096406914e-06
-6.336083712704412492e-06 1.491702457444298813e-05
8.824647444112342738e-06 -2.192816631639724634e-05
-6.953226785915456954e-06 1.881405568089809395e-05
2.082558234437777631e-06 -6.103845332080051834e-06
-8.617810135709713441e-09 -7.838899973634603050e-07
-1.746937644201250124e-09 -2.894794833854624988e-08
1.056684889209998656e-09 -7.752982767266874462e-09
-2.732046989068539129e-09 -7.773860524580073733e-17
1.056684663247291667e-09 7.752982264200692788e-09
-1.746937933108253419e-09 2.894794813408051345e-08
-8.617810345117236957e-09 7.838899974571251024e-07
2.082558234416101634e-06 6.103845332068869305e-06
-6.953226785670314608e-06 -1.881405568087643024e-05
8.824647444119488308e-06 2.192816631629723208e-05
-6.336083712701238660e-06 -1.491702457439785144e-05
3.049872216521377814e-06 6.959700413072847540e-06
-1.081274347286864582e-06 -2.429555340662086468e-06
2.996702740705679798e-07 6.704195158536086012e-07
-6.763555848466007202e-08 -1.518830043009690162e-07
1.280704499733045779e-08 2.904377273512353857e-08
-2.080906537805366892e-09 -4.788043232344073991e-09
2.952832752688380392e-10 6.919068166544819110e-10
-3.711456054533228367e-11 -8.882750006819745783e-11
4.180087684947157951e-12 1.024354656246800001e-11
-4.259242735907193149e-13 -1.070943521735669132e-12
3.962533598404948279e-14 1.022849127620599742e-13
-3.355100659803644541e-15 -8.861435770107586284e-15
2.420938082044315978e-16 8.060075185397055675e-16
-1.073445061901858072e-15 -2.890409430981801461e-16
1.108042412374815855e-14 3.681855895525558251e-15
-1.247110602193565367e-13 -4.196183753825367568e-14
1.275630123939734552e-12 4.411911560859426521e-13
-1.189706368728785797e-11 -4.216655404478479528e-12
1.003713460235909194e-10 3.635895554665915065e-11
-7.587002226603150315e-10 -2.800194588921919585e-10
5.079799655658643791e-09 1.902984497842871125e-09
-2.970861073738792330e-08 -1.124347068407536169e-08
1.491602180191701459e-07 5.669027348648160520e-08
-6.288829542153900221e-07 -2.381689160665735932e-07
2.162763839969315786e-06 8.077038045660693075e-07
-5.829232865719178535e-06 -2.115907095487203977e-06
1.161398357010633610e-05 4.012934098836666076e-06
-1.556745521743888345e-05 -4.964240390666863984e-06
1.171890268822010675e-05 3.302066808801766649e-06
-2.878360199500692591e-06 -7.452919494855426859e-07
-5.682288186408362763e-07 2.792632336712063796e-08
-6.493387397989613342e-08 1.240772533778717486e-08
-1.154525575344110422e-08 3.882290432296814099e-09
-3.233746074261659324e-09 9.711489286730454196e-17
-1.154525602161597875e-08 -3.882290273760688151e-09
-6.493387404371626758e-08 -1.240772500613099257e-08
-5.682288184040499099e-07 -2.792632320921980327e-08
-2.878360199535506916e-06 7.452919494819636540e-07
1.171890268814770068e-05 -3.302066808992064035e-06
-1.556745521746107910e-05 4.964240390829279163e-06
1.161398357041515754e-05 -4.012934098859236963e-06
-5.829232865490516909e-06 2.115907095628654668e-06
2.162763839837528895e-06 -8.077038044812892504e-07
-6.288829542229647201e-07 2.381689160716671199e-07
1.491602180076211957e-07 -5.669027355281435672e-08
-2.970861096339604354e-08 1.124347059151471142e-08
5.079799680998114173e-09 -1.902984571756360729e-09
-7.587001871210211370e-10 2.800193911606024378e-10
1.003711306248488398e-10 -3.635877635019884385e-11
-1.189700991655165783e-11 4.216660189570042137e-12
1.275690636745385255e-12 -4.412122982065913093e-13
-1.245908285949108861e-13 4.205842659379952052e-14
1.117476080425289668e-14 -3.727065149392235646e-15
-1.101047553682289367e-15 2.156559407573455217e-16
-3.662784573766081418e-16 1.281387371988569821e-15
4.247482715205068780e-15 -1.492326781180728153e-14
-4.716686021758556476e-14 1.598110089599872497e-13
4.768177268626129121e-13 -1.580854474551602103e-12
-4.386727177882258150e-12 1.424161636312861806e-11
3.632669410758456779e-11 -1.158692311876299196e-10
-2.679608834726331114e-10 8.430438812724633438e-10
1.738620262228735859e-09 -5.421129285436185875e-09
-9.769436069429938754e-09 3.036940190070836395e-08
4.661829884502165096e-08 -1.455774174019853307e-07
-1.841816590254570011e-07 5.835558718376657386e-07
5.823120516976049068e-07 -1.897512900656738777e-06
-1.404425471913819185e-06 4.798280901312734241e-06
2.404868338821373957e-06 -8.865399051640599068e-06
-2.597147206219695374e-06 1.080477527596928232e-05
1.411291444652317044e-06 -7.086529878714145339e-06
-2.351623529776424149e-07 1.233036512518758746e-06
4.165910976849220204e-08 3.436614597536776279e-07
1.638673828664734355e-08 5.238636951161130007e-08
4.799359201815227188e-09 7.923951002569483988e-09
1.904712725882709425e-09 7.104273314616372566e-17
4.799358830300685342e-09 -7.923951169755171249e-09
1.638673834996695073e-08 -5.238636960544799224e-08
4.165910975225141068e-08 -3.436614601430140987e-07
-2.351623533151460544e-07 -1.233036512436041108e-06
1.411291444381684935e-06 7.086529878857390469e-06
-2.597147206248945116e-06 -1.080477527585832101e-05
2.404868338745030030e-06 8.865399051734309711e-06
-1.404425472003120386e-06 -4.798280901366062588e-06
5.823120516195643732e-07 1.897512900959431083e-06
-1.841816587515552392e-07 -5.835558719583609456e-07
4.661829893270047978e-08 1.455774174414006854e-07
-9.769436119060307323e-09 -3.036940199079506260e-08
1.738620267607786330e-09 5.421129402542430694e-09
-2.679608843610907468e-10 -8.430439816032719278e-10
3.632667366662358021e-11 1.158693577615661196e-10
-4.386795421921045173e-12 -1.424172531836477624e-11
4.767986182226364715e-13 1.580850991169097173e-12
-4.711084710238478612e-14 -1.597996750217156366e-13
4.216563901236551416e-15 1.473289570223732946e-14
-3.315695447613127436e-16 -1.282905461923085710e-15
1.656521048229624900e-15 3.782266283098711806e-16
-1.721575952864120879e-14 -4.101575341649418156e-15
1.830162124686244864e-13 4.500787878870563763e-14
-1.773835974217905922e-12 -4.467034943830455055e-13
1.562152348693210765e-11 4.012311142570143935e-12
-1.239677727800656643e-10 -3.233744488310384401e-11
8.774654506286359322e-10 2.312885978981996464e-10
-5.472296357249614673e-09 -1.448557989715207247e-09
2.962253871789269435e-08 7.813701794292202899e-09
-1.366026486195855321e-07 -3.554623492068435588e-08
5.238968520653248636e-07 1.326857699185885009e-07
-1.618503050872871151e-06 -3.915197568666558580e-07
3.852415617440664614e-06 8.657542940099806345e-07
-6.610557949602149476e-06 -1.321258652167335906e-06
7.318408228442854112e-06 1.207693001533343630e-06
-4.149720108637667518e-06 -4.972850581772221568e-07
4.489036901733731335e-07 6.704772174396168978e-08
1.828824531913592332e-07 -3.779013999838006391e-08
3.174659951142821753e-08 -1.419276012942972273e-08
4.289181039704771329e-09 -3.451098748128036320e-09
6.439028361853100444e-10 3.567829078279911775e-16
4.289180922849114259e-09 3.451098650794503450e-09
3.174659970572541277e-08 1.419275994336245181e-08
1.828824531919897963e-07 3.779013980668467596e-08
4.489036902606792016e-07 -6.704772170634313017e-08
-4.149720108663518963e-06 4.972850585580958155e-07
7.318408228523813521e-06 -1.207693001799511663e-06
-6.610557949738343056e-06 1.321258652173709194e-06
3.852415617531834158e-06 -8.657542940456120284e-07
-1.618503050691652476e-06 3.915197567915392293e-07
5.238968520764796522e-07 -1.326857700280051465e-07
-1.366026485918515293e-07 3.554623496243146656e-08
2.962253893126267936e-08 -7.813701599225789250e-09
-5.472296340719225731e-09 1.448557973276028203e-09
8.774654898648918757e-10 -2.312885585318569114e-10
-1.239676214558939022e-10 3.233732683194904626e-11
1.562151401081327820e-11 -4.012353152033225863e-12
-1.773874592841568299e-12 4.466861610432531967e-13
1.829792963492792294e-13 -4.502484780162948208e-14
-1.731033177970460420e-14 4.178331104992128740e-15
1.598175923226219643e-15 -3.106613037486284325e-16
4.487390446578522358e-16 -2.107444660889234515e-15
-4.570742975619205376e-15 2.285640714885136951e-14
4.871151852878585257e-14 -2.331096791927050036e-13
-4.627820920442097595e-13 2.178855985561675076e-12
3.982091809206864618e-12 -1.848345988771291784e-11
-3.065251834516244764e-11 1.410494033245094341e-10
2.086572688701388737e-10 -9.582337876337897188e-10
-1.238481251840497784e-09 5.723139022863952735e-09
6.297366723712620690e-09 -2.959181666430492717e-08
-2.681546044658370199e-08 1.299256709229635107e-07
9.278123286616410946e-08 -4.724816475225771871e-07
-2.501022925244432011e-07 1.376479274272495225e-06
4.933612375560619950e-07 -3.065519182489086605e-06
-6.424767200656022053e-07 4.862009037403706761e-06
4.521685181712442034e-07 -4.866201079864338136e-06
-1.030664486240048462e-07 2.359954495242162120e-06
2.542183026153206630e-08 -1.133205227327335530e-07
-2.619578172772358690e-08 -8.542916083442743097e-08
-9.684003936214394518e-09 -1.619796406425933626e-08
-2.092771053907685095e-09 -1.893490133081518894e-09
-5.002341457661494653e-10 2.815626208089122263e-16
-2.092771079282364006e-09 1.893489736832461071e-09
-9.684004235319745842e-09 1.619796412989588295e-08
-2.619578168554657060e-08 8.542916091848602774e-08
2.542183051876536793e-08 1.133205224952044711e-07
-1.030664482606710693e-07 -2.359954495211800648e-06
4.521685181906246878e-07 4.866201079864695584e-06
-6.424767199129050348e-07 -4.862009037166514666e-06
4.933612375957040899e-07 3.065519182610372829e-06
-2.501022925404452946e-07 -1.376479274438197952e-06
9.278123270315832300e-08 4.724816475646933064e-07
-2.681546047191251497e-08 -1.299256708852932821e-07
6.297366674030477232e-09 2.959181661100742376e-08
-1.238481259246215616e-09 -5.723139148824226334e-09
2.086572911040788373e-10 9.582338282864269217e-10
-3.065249152194033167e-11 -1.410494951273472659e-10
3.982141722930250340e-12 1.848357903707867319e-11
-4.627477980210236630e-13 -2.178882876480107374e-12
4.862158523571013393e-14 2.331063424603103276e-13
-4.656625276732827800e-15 -2.279598218983520430e-14
4.268863103532397298e-16 2.076587737905734138e-15
-2.339602605455465329e-15 -3.312245740325563694e-16
2.439555457778439041e-14 3.815477839369669983e-15
-2.464951829105045506e-13 -3.937306381563219803e-14
2.266049405299007134e-12 3.686526006120560331e-13
-1.886887998804945176e-11 -3.106582949497882348e-12
1.410338260793272427e-10 2.332047298445936525e-11
-9.360273097573256123e-10 -1.540208944827960757e-10
5.444635225805286854e-09 8.812177298729760804e-10
-2.731429340275665201e-08 -4.282489304977984040e-09
1.158203011646665343e-07 1.722549823380361292e-08
-4.044014521979781964e-07 -5.533702121148490776e-08
1.122655909527521854e-06 1.347023231435736375e-07
-2.358042422915411861e-06 -2.278157073810107482e-07
3.473858240687677701e-06 2.243268472111504594e-07
-3.145023478268275026e-06 -6.686290826363265708e-08
1.288226415792845292e-06 -4.134670438957909063e-08
1.307925459493366527e-08 -1.978508727135933900e-08
-3.467010438812293606e-08 1.450320600030944534e-08
-6.932077034106577563e-09 5.516392224748026826e-09
-6.796827955988420736e-10 1.039510667804960592e-09
-3.354290226127018203e-11 1.945040370116892502e-16
-6.796829003201756293e-10 -1.039510986046769360e-09
-6.932076681978343478e-09 -5.516391724536588549e-09
-3.467010430569868274e-08 -1.450320596779961938e-08
1.307925462147570407e-08 1.978508702541845232e-08
1.288226415804899206e-06 4.134670434873129071e-08
-3.145023478386542001e-06 6.686290829154560877e-08
3.473858240758411305e-06 -2.243268473750801073e-07
-2.358042423132763056e-06 2.278157072723810491e-07
1.122655909388961664e-06 -1.347023231241185877e-07
-4.044014521589782054e-07 5.533702131227494634e-08
1.158203011676825143e-07 -1.722549836876458187e-08
-2.731429350725507362e-08 4.282489276970941382e-09
5.444635086902478861e-09 -8.812177198148255490e-10
-9.360273651115232514e-10 1.540208855284773331e-10
1.410336876818081101e-10 -2.332041257473081396e-11
-1.886884135301357101e-11 3.106626776227423158e-12
2.266075155818089546e-12 -3.686688538976404382e-13
-2.464627909565313918e-13 3.935420423287088534e-14
2.449252441703449343e-14 -3.831015121850221750e-15
-2.251120614675929700e-15 3.302542884987650177e-16
-4.516006606466288514e-16 3.205216262049258219e-15
4.108659666741860938e-15 -3.336208826916578950e-14
-4.116092847252727363e-14 3.229138414898034768e-13
3.658430586815258666e-13 -2.851410355573133481e-12
-2.923496954351727399e-12 2.276815352834202504e-11
2.070070208305640880e-11 -1.628811989996963840e-10
-1.281038027039032878e-10 1.032519413289767116e-09
6.807490661702607232e-10 -5.722841859412120332e-09
-3.034844561551012744e-09 2.728146131260053595e-08
1.098718407216523359e-08 -1.095613290954496677e-07
-3.074411322767814843e-08 3.608089463730460165e-07
6.091863067146796400e-08 -9.395356101377360982e-07
-6.894474198619017676e-08 1.836500461328211283e-06
2.618773771116505320e-09 -2.485997965716064425e-06
9.554854654494441540e-08 2.017275214962931008e-06
-7.186653643816102667e-08 -6.863587414922051798e-07
-2.031841550671609988e-08 -4.252096151972020420e-08
6.136622331331690982e-09 1.047278331249648316e-08
2.627883609140924524e-09 2.416354133456960069e-09
4.266251252525481684e-10 1.701137908834764554e-10
5.150585071354005229e-11 2.634170119026599230e-16
4.266246223825664984e-10 -1.701140894593771536e-10
2.627884035865057328e-09 -2.416354249168672261e-09
6.136622083847966881e-09 -1.047278324528103397e-08
-2.031841545760438513e-08 4.252096152478449508e-08
-7.186653654595422778e-08 6.863587414200539605e-07
9.554854679340413983e-08 -2.017275214881506154e-06
2.618773593865650451e-09 2.485997965523744747e-06
-6.894474202745105745e-08 -1.836500461436122645e-06
6.091863064651499541e-08 9.395356102094948237e-07
-3.074411305741522190e-08 -3.608089463835003619e-07
1.098718405117106373e-08 1.095613292049635501e-07
-3.034844642419731001e-09 -2.728146128481566160e-08
6.807490699828126807e-10 5.722841830530702272e-09
-1.281038479182057449e-10 -1.032519379087962440e-09
2.070066043910929343e-11 1.628812053406419993e-10
-2.923554122074723379e-12 -2.276820085766028655e-11
3.658473200988229699e-13 2.851457743972522247e-12
-4.108246533709624839e-14 -3.229213592957957685e-13
4.177765069942060674e-15 3.335286913043449563e-14
-4.680196763655487162e-16 -3.209089963983420051e-15
3.072452883859467599e-15 2.010512771259920467e-16
-3.138131354913113565e-14 -2.350458177746685354e-15
3.017607451319961492e-13 2.292342571703263050e-14
-2.636299738361905876e-12 -2.013049524271852727e-13
2.079498831333214558e-11 1.569868621681709102e-12
-1.466850858144540892e-10 -1.073608222263872338e-11
9.147334868943364728e-10 6.323881652611588012e-11
-4.973340805427807349e-09 -3.128872397483228552e-10
2.317327011653176721e-08 1.251404461866173700e-09
-9.054666537556552739e-08 -3.776187055139930192e-09
2.883969582107321008e-07 7.232831092066141897e-09
-7.204741335392547406e-07 -2.038594828441770291e-09
1.335694260368189035e-06 -3.589967650968559838e-08
-1.684550523517610106e-06 1.122582611756922677e-07
1.231514904631101216e-06 -1.474286841266568181e-07
-3.384312585270376154e-07 6.142486535420639709e-08
-4.200236214731966016e-08 1.906147512124518972e-08
1.307858661581331203e-09 -1.433067524824986503e-09
5.137767944812034351e-10 -9.593760531692763758e-10
-1.187917758016799474e-11 -1.242597798387836310e-10
-1.639635982769976012e-11 1.507968117597483705e-16
-1.187939310521649226e-11 1.242596869254744643e-10
5.137769343818841724e-10 9.593761715344450059e-10
1.307858449324637834e-09 1.433067585122483932e-09
-4.200236216505635803e-08 -1.906147516607290629e-08
-3.384312583397117793e-07 -6.142486534403572839e-08
1.231514904771344673e-06 1.474286842586674323e-07
-1.684550523548288580e-06 -1.122582610013159109e-07
1.335694260472807345e-06 3.589967662926856506e-08
-7.204741334308721104e-07 2.038594796752963684e-09
2.883969581694243686e-07 -7.232831174243899530e-09
-9.054666522308081658e-08 3.776187190976434248e-09
2.317327012130057594e-08 -1.251404486927209504e-09
-4.973340750862950739e-09 3.128873021745680913e-10
9.147335455180508895e-10 -6.323882482149930267e-11
-1.466849802371177430e-10 1.073608519318957019e-11
2.079497090345462644e-11 -1.569967358454073949e-12
-2.636335078274194564e-12 2.013389611066730607e-13
3.017433273038149700e-13 -2.290763139853199059e-14
-3.141275020055074389e-14 2.376175977071281928e-15
3.038408336918556567e-15 -2.078077304203255099e-16
2.638836007960054736e-16 -4.772396553737117934e-15
-2.261152114290187380e-15 4.743019649854018973e-14
2.139758789524908940e-14 -4.350121323188317044e-13
-1.732621286238148020e-13 3.628601650605607129e-12
1.232263652154591156e-12 -2.726894245170844636e-11
-7.495234916144178288e-12 1.828196365135626233e-10
3.764142651016156313e-11 -1.080725508453115495e-09
-1.457587010669590967e-10 5.553545008529044589e-09
3.577272042090039614e-10 -2.437520549802496654e-08
5.655205952443044756e-11 8.936498119487725769e-08
-5.499961975433805265e-09 -2.658051253809402768e-07
2.890582686549372761e-08 6.163887594441695992e-07
-8.543146233566547296e-08 -1.051939112460504539e-06
1.523856015178003536e-07 1.205203012046804115e-06
-1.448410343165118443e-07 -7.789245272149347161e-07
4.250800140455815857e-08 1.699826163118983141e-07
1.509220367128905145e-08 2.822434103073600463e-08
7.621105658323402570e-10 1.652091014277647472e-09
-1.535634550732208856e-10 1.357731900929357385e-10
-2.491967904681212928e-12 3.803924622417868613e-11
1.563311332663145716e-11 -6.280506658286532414e-17
-2.491628659567910888e-12 -3.803922087141720496e-11
-1.535635741407071114e-10 -1.357728170367120892e-10
7.621104535000046648e-10 -1.652090801196279020e-09
1.509220378316058055e-08 -2.822434101804167736e-08
4.250800129404083332e-08 -1.699826162503589617e-07
-1.448410343314321179e-07 7.789245272098890467e-07
1.523856015369808853e-07 -1.205203011907752646e-06
-8.543146238759699678e-08 1.051939112439188955e-06
2.890582684514505145e-08 -6.163887594332036989e-07
-5.499961982410134055e-09 2.658051253472158718e-07
5.655216492164623139e-11 -8.936498119432037323e-08
3.577273256779219090e-10 2.437520548997072877e-08
-1.457587307074005168e-10 -5.553544950404484868e-09
3.764147723384663292e-11 1.080725454957848084e-09
-7.495255240240218128e-12 -1.828196563436103905e-10
1.232337719147199643e-12 2.726900726187828489e-11
-1.732792172578309733e-13 -3.628646902364516501e-12
2.135753991135872097e-14 4.350122795097619737e-13
-2.332823091370064182e-15 -4.738916057074017103e-14
2.949261723657756532e-16 4.749219402690040535e-15
-3.584003381904482239e-15 4.483570011022560776e-17
3.520954671387709691e-14 -2.253787389725388508e-16
-3.230395167760391171e-13 2.275033179818787242e-15
2.688640953961980549e-12 -2.486942672548905008e-14
-2.014364253696181625e-11 2.591703039249890377e-13
1.344852799596367477e-10 -2.438572877755154668e-12
-7.904821557058383125e-10 2.008785574436552351e-11
4.030837023265071789e-09 -1.417180152678124937e-10
-1.750801191239400032e-08 8.397794567187840378e-10
6.328294924418264338e-08 -4.089799042753664764e-09
-1.845876034463083840e-07 1.591749030553354909e-08
4.165012116091832927e-07 -4.761449352608827287e-08
-6.832387174998875319e-07 1.032594311467837954e-07
7.366272663422396203e-07 -1.473287493327544826e-07
-4.275064304833606895e-07 1.134473382865086217e-07
6.627187381075411782e-08 -2.203130631647122459e-08
1.864830869872424936e-08 -1.136302882217857486e-08
1.927767553466597622e-09 -1.393962765366050608e-09
2.043916345122272301e-10 -1.179942794761218706e-10
3.193587637996441185e-11 -3.436220718237980496e-11
6.535993305444684332e-12 -3.799129917038918278e-16
3.193587887699673159e-11 3.436264723342483818e-11
2.043919226937629868e-10 1.179943433457093101e-10
1.927767486388824789e-09 1.393962613498666753e-09
1.864830864473772435e-08 1.136302900688423700e-08
6.627187373366555665e-08 2.203130618114334149e-08
-4.275064303877652922e-07 -1.134473383513983996e-07
7.366272663209011663e-07 1.473287492036247068e-07
-6.832387175012476551e-07 -1.032594311920438098e-07
4.165012114188821474e-07 4.761449346725078355e-08
-1.845876033980728487e-07 -1.591749021041461116e-08
6.328294917987553145e-08 4.089798945543280062e-09
-1.750801189454911716e-08 -8.397794139049483704e-10
4.030837005090127021e-09 1.417180195864382286e-10
-7.904822159442886942e-10 -2.008783114700770836e-11
1.344851543805170661e-10 2.438550162099504873e-12
-2.014361041362156873e-11 -2.590959784682347959e-13
2.688663447605677601e-12 2.486784115491415970e-14
-3.230107422755968337e-13 -2.298704418047184348e-15
3.519137575242264183e-14 1.751646316740558526e-16
-3.547206947758525954e-15 -1.230968044452205910e-17
1.460410232680459384e-16 7.195989510079013587e-15
-1.802604220612091153e-15 -6.783305473683106569e-14
1.651336813848988347e-14 5.906448250306982295e-13
-1.475123346772911496e-13 -4.662254756149522567e-12
1.210582047426941462e-12 3.302907860690968447e-11
-9.044828562860447507e-12 -2.078327293863312022e-10
6.037298096305189956e-11 1.147171101364084956e-09
-3.527339882672371707e-10 -5.470595494008015232e-09
1.763444821211116523e-09 2.211701902529963160e-08
-7.346699249103448343e-09 -7.400223228829332583e-08
2.468209142862199928e-08 1.985229838587278268e-07
-6.401229463898865756e-08 -4.087314635218786984e-07
1.203002449045528870e-07 6.056052938079255482e-07
-1.477239409128706218e-07 -5.812283350586199930e-07
9.584974035896125831e-08 2.923439360474559406e-07
-1.351630262218422028e-08 -3.452306573229937825e-08
-7.237715613175065149e-09 -9.898225692649042275e-09
-1.177910783713248387e-09 -1.239040512379224653e-09
-1.987692974895855123e-10 -1.740924267405119703e-10
-3.928088236392857715e-11 -2.192048576463527871e-11
-8.462762777614824713e-12 2.510815584620325338e-16
-3.928063672713398770e-11 2.192047280430402934e-11
-1.987689705825940480e-10 1.740924048625439617e-10
-1.177910571353978004e-09 1.239040539356554421e-09
-7.237715697875966014e-09 9.898225657260736966e-09
-1.351630257491652935e-08 3.452306579951774242e-08
9.584974023762254453e-08 -2.923439360261901197e-07
-1.477239407478798269e-07 5.812283350763875679e-07
1.203002448319479227e-07 -6.056052937184816218e-07
-6.401229459540362435e-08 4.087314634384007427e-07
2.468209130000487697e-08 -1.985229839077486145e-07
-7.346699310309004382e-09 7.400223223502625604e-08
1.763444650359521952e-09 -2.211701889514034684e-08
-3.527339489853926670e-10 5.470595454760725423e-09
6.037290762496996434e-11 -1.147171005912153268e-09
-9.044815822817134016e-12 2.078326844152011303e-10
1.210483360658359541e-12 -3.302908486651662026e-11
-1.474736147348048691e-13 4.662256896115508746e-12
1.656472484114232641e-14 -5.906802884667537374e-13
-1.749351593775752193e-15 6.776335901127860400e-14
1.528228799653212165e-16 -7.120391806583097298e-15
3.104751557637336274e-15 -2.829663520375812320e-16
-2.944175925200873877e-14 2.597503763245129826e-15
2.587410800616080158e-13 -2.367550917992952057e-14
-2.058554663821766172e-12 1.983917634121071647e-13
1.470270436606871731e-11 -1.512832144474156189e-12
-9.328406641309231253e-11 1.038645226260696573e-11
5.191563418161882818e-10 -6.339968709212743693e-11
-2.495431645002834461e-09 3.387663498306387342e-10
1.016117940500346671e-08 -1.554002845436413013e-09
-3.418949257066024528e-08 5.969439216056598673e-09
9.196131810369526978e-08 -1.858086017692633732e-08
-1.887756478112170449e-07 4.477403090844338261e-08
2.757861746479372190e-07 -7.800302582624434842e-08
-2.545243107928514751e-07 8.742276565158950063e-08
1.140320577246728374e-07 -4.850308279262176818e-08
-3.997724095845643560e-09 1.555958849456354068e-09
-4.693467330089312989e-09 4.093880418828521733e-09
-8.971260759574917229e-10 1.034960956629632791e-09
-1.143574035745237744e-10 1.768342492691984489e-10
-7.354776752485241968e-12 2.115335559735090010e-11
3.994141577066237478e-13 -1.384169487360456137e-16
-7.354768622454821585e-12 -2.115326275898633897e-11
-1.143571761932338288e-10 -1.768346023284374184e-10
-8.971258842472132760e-10 -1.034961133673198060e-09
-4.693467458248702495e-09 -4.093880374996906807e-09
-3.997724152279660348e-09 -1.555958829415213324e-09
1.140320577514012665e-07 4.850308278131041079e-08
-2.545243107307519958e-07 -8.742276566073353893e-08
2.757861745910221635e-07 7.800302583195141819e-08
-1.887756476614941247e-07 -4.477403090093961037e-08
9.196131806172906212e-08 1.858086007125543020e-08
-3.418949252883127019e-08 -5.969439144313528426e-09
1.016117936694127360e-08 1.554002755705126990e-09
-2.495431581013548480e-09 -3.387663953273577388e-10
5.191563635561107805e-10 6.339966496691253249e-11
-9.328401630450199033e-11 -1.038643860885503623e-11
1.470269293332690199e-11 1.512806143203963344e-12
-2.058568087328510564e-12 -1.983867057416869545e-13
2.587375419191809775e-13 2.367973210243682046e-14
-2.940543745348758294e-14 -2.551093888347860892e-15
3.080890123135092029e-15 2.706929165888309288e-16
-1.110304329553141976e-15 -1.131563060125337881e-14
1.066228471801060414e-14 1.022144295117260213e-13
-9.193951556519348422e-14 -8.498989957646565109e-13
7.293448595304021938e-13 6.385078954620598076e-12
-5.230183341526854711e-12 -4.291178821618784889e-11
3.358922032796397425e-11 2.551696654165102699e-10
-1.906888156435561168e-10 -1.324911120833352366e-09
9.417254219255317940e-10 5.910508663290999609e-09
-3.965390517575875595e-09 -2.220037092858284660e-08
1.387581833663855534e-08 6.840863229121292081e-08
-3.900199540094908979e-08 -1.670564361434924408e-07
8.399966832971205918e-08 3.080631891423287935e-07
-1.291726355676205618e-07 -3.989606597541656598e-07
1.258017838955341969e-07 3.208376600994057103e-07
-5.944106794266885077e-08 -1.223885620451928317e-07
1.641087968021927660e-09 3.567952933891579855e-09
3.250253917572989743e-09 3.206781435527368427e-09
6.166604995934268454e-10 4.351489817401395933e-10
7.090942841848907338e-11 3.210568488432309832e-11
4.269515435422953883e-12 1.843028656734608442e-13
-2.151302564767968952e-14 3.027372200779163067e-16
4.269632637698702840e-12 -1.843675295641191390e-13
7.090899903736961719e-11 -3.210612714437965812e-11
6.166609726712039064e-10 -4.351487853636437007e-10
3.250253684147744851e-09 -3.206781567706851161e-09
1.641088072328161719e-09 -3.567952922197330488e-09
-5.944106791493744868e-08 1.223885621071489773e-07
1.258017838879149767e-07 -3.208376600999032363e-07
-1.291726354475071871e-07 3.989606597909889878e-07
8.399966823365145553e-08 -3.080631889637805481e-07
-3.900199523420459255e-08 1.670564362441182609e-07
1.387581831439453544e-08 -6.840863229854129105e-08
-3.965390402196540704e-09 2.220037079865207877e-08
9.417253766961565811e-10 -5.910508723092648170e-09
-1.906887618360109901e-10 1.324911051909912732e-09
3.358927885779223461e-11 -2.551695834503815755e-10
-5.230103067343315607e-12 4.291181095624935320e-11
7.293087995871031475e-13 -6.385042805075673563e-12
-9.203873491713219291e-14 8.499180880866771265e-13
1.060878354730269656e-14 -1.021243025161655803e-13
-1.148375736445521260e-15 1.123086067013099934e-14
