6.996888785318046637e-16 -4.740577942185840273e-16
-3.671900117823437060e-16 -1.384278700512164512e-16
-2.937952259498911146e-16 5.109411271032648605e-16
3.071995855054812797e-16 1.109271488398176029e-15
-5.222934814262654641e-16 -7.985633819726596842e-16
1.764256228662566844e-14 1.117143020588730339e-15
-2.764276534528485957e-13 -2.390357615687367885e-14
4.012353338872057034e-12 5.009074232246438810e-13
-5.458935292519405413e-11 -9.609182718538939505e-12
6.876181006927816133e-10 1.601801201935497696e-10
-7.968208037424644390e-09 -2.365695051360776093e-09
8.426989641078046586e-08 3.119453716139871719e-08
-8.054676898167304032e-07 -3.675340097804792859e-07
6.870844993603728220e-06 3.854211305339936467e-06
-5.144094843543811884e-05 -3.571175419462301780e-05
3.303857065110768986e-04 2.894160944120728000e-04
-1.757342846598165115e-03 -2.026532103160483354e-03
7.230110822414289977e-03 1.206395847057544109e-02
-1.802292417063927621e-02 -6.019960791964616698e-02
-2.756924983488844710e-02 2.601252622296067463e-01
8.648979538157085534e-01 0.000000000000000000e+00
-2.756924983490700518e-02 -2.601252622295738282e-01
-1.802292417062776805e-02 6.019960791964371061e-02
7.230110822416273633e-03 -1.206395847057572038e-02
-1.757342846596460966e-03 2.026532103157831395e-03
3.303857065108261226e-04 -2.894160944095490484e-04
-5.144094843387368965e-05 3.571175419646645287e-05
6.870844994723390580e-06 -3.854211305997395817e-06
-8.054676906748794932e-07 3.675340105330143259e-07
8.426989706558844428e-08 -3.119453701655532882e-08
-7.968207621796699443e-09 2.365694761949354546e-09
6.876166034000467067e-10 -1.601802931468874414e-10
-5.458976375314868559e-11 9.610270104585072295e-12
4.013869264336041793e-12 -4.995551756178827993e-13
-2.746512348318800157e-13 2.121798749512672610e-14
1.749679697896392626e-14 -2.274990354551062562e-16
-1.358560474128295530e-15 4.209660975649284690e-17
1.218851407004953759e-16 3.618748331794350694e-16
-2.807622813366946145e-16 5.276295665910599925e-17
-1.267008196607516083e-15 -1.160524404997313502e-15
-6.178187198232045197e-16 5.732719455234179765e-16
-3.179661277557887153e-16 -7.547989357228003151e-17
6.473695951154020968e-17 2.315563314588179204e-16
5.273212449652398602e-16 1.316130280523350686e-16
1.542846127830851736e-16 -3.310313729983357858e-16
-9.324719715218927775e-17 4.275383706970668207e-15
-1.629620330729175671e-15 -7.040301358915578342e-14
-1.457813506627968066e-14 1.058450081664255570e-12
8.300022050406916902e-13 -1.486628176634877582e-11
-1.970494839985630387e-11 1.936877809328386315e-10
3.531747859732467466e-10 -2.325451433521966334e-09
-5.294488869245940619e-09 2.553852114630208243e-08
6.854126623175622499e-08 -2.542648194628155327e-07
-7.736710975869101624e-07 2.269950694953132238e-06
7.607466011934485773e-06 -1.792246088924278149e-05
-6.464922337151109068e-05 1.229306160620168746e-04
4.680549154249881742e-04 -7.149790669922350284e-04
-2.824135434484841955e-03 3.405833336829827956e-03
1.373964508867705180e-02 -1.258447217725163284e-02
-5.118626139539655256e-02 3.267124639608063458e-02
1.336815122119279775e-01 -4.660643544329680366e-02
-2.040452052222536949e-01 6.956565042707628840e-15
1.336815122119256738e-01 4.660643544328556265e-02
-5.118626139539710768e-02 -3.267124639607122544e-02
1.373964508867667536e-02 1.258447217724831257e-02
-2.824135434484462484e-03 -3.405833336829184807e-03
4.680549154253407025e-04 7.149790669920619898e-04
-6.464922337173935590e-05 -1.229306160617481280e-04
7.607466012157244427e-06 1.792246088962592160e-05
-7.736710969982458751e-07 -2.269950695905434440e-06
6.854126629980268298e-08 2.542648197211400940e-07
-5.294488665423323051e-09 -2.553852055884338110e-08
3.531746352461157010e-10 2.325451073467196275e-09
-1.970463565593998019e-11 -1.936874523302795263e-10
8.299727455520651834e-13 1.486643922587371091e-11
-1.425576599057164731e-14 -1.058274018978605166e-12
-2.155253180137866741e-15 6.997299180388512257e-14
-6.890588336476601003e-17 -4.567669116221591826e-15
-6.423453659065879147e-17 3.079976802541796109e-16
-4.940378812772571894e-17 -1.160977635387916991e-16
6.361625684267978675e-16 -8.771945023081544897e-16
-1.424646294983670050e-16 -4.198252958645860985e-16
-4.053281872666537632e-16 3.444029168349208890e-16
3.137505090076342086e-16 3.025251704653801481e-16
1.351394878100512589e-16 -4.155533483124372524e-16
-1.018809946715589545e-15 -3.892581646119441091e-16
1.318014079036693262e-14 -1.216285372700932471e-15
-2.065686069755833054e-13 1.801421074483487442e-14
2.984491711234767999e-12 -1.534203627341514850e-13
-4.006836956253817208e-11 5.162245103516086633e-13
4.973146449394798724e-10 1.427531837618997774e-11
-5.665686088307456386e-09 -4.165472097895258615e-10
5.876501828905793707e-08 7.185581683563330249e-09
-5.494401530794278157e-07 -9.667444675226425334e-08
4.574327656097615392e-06 1.079062927166482690e-06
-3.338713705470719374e-05 -1.015109818272352926e-05
2.093395707816062066e-04 8.023261902694126544e-05
-1.096927664453968988e-03 -5.243579051471110525e-04
4.617903727560247751e-03 2.750171097246941875e-03
-1.470167535985025808e-02 -1.099045022598811421e-02
3.197706841213347057e-02 3.038322322245530852e-02
-4.023231979324279339e-02 -4.587728629368652278e-02
2.244544352483992394e-02 -2.514479684874925556e-15
-4.023231979323618063e-02 4.587728629368603012e-02
3.197706841212515083e-02 -3.038322322245612384e-02
-1.470167535984729518e-02 1.099045022599000332e-02
4.617903727559326613e-03 -2.750171097246723300e-03
-1.096927664454163710e-03 5.243579051462799031e-04
2.093395707811368826e-04 -8.023261902746100485e-05
-3.338713705624368441e-05 1.015109818286893263e-05
4.574327656869365745e-06 -1.079062927870160393e-06
-5.494401542434018571e-07 9.667444671506668235e-08
5.876501865079585093e-08 -7.185581177720392595e-09
-5.665685439222257552e-09 4.165472734905551145e-10
4.973150934911362907e-10 -1.427624164935381190e-11
-4.006910836951790267e-11 -5.169575790831894476e-13
2.983738999389983980e-12 1.543488598627071246e-13
-2.064238931133566792e-13 -1.866377123473971350e-14
1.368503593465553082e-14 1.644937158878420423e-15
-9.691989311758335128e-16 -2.252396210990445207e-16
2.025258200406642982e-16 -2.939948695788408139e-17
7.887210363704760562e-16 8.784807626551061162e-16
4.173959963689598984e-16 -2.677875810568226573e-16
3.326033019964350961e-16 3.786753249153590467e-17
3.878709992481748418e-17 -3.375371253921504801e-16
-4.544316217346817356e-16 -2.962708417824195075e-16
2.947468855591185041e-16 2.146571889511899558e-15
-5.734889947817242779e-15 -3.303971970343908688e-14
7.393287359014193383e-14 4.946889578391677290e-13
-7.959557135607516203e-13 -6.871598575616595199e-12
7.090482890934201413e-12 8.845961787364499157e-11
-4.443904936775272996e-11 -1.048521160329055769e-09
2.484849822345243068e-11 1.135774485521070061e-08
4.557199781516966724e-09 -1.114290021622573191e-07
-8.567314014812195567e-08 9.793731115426447458e-07
1.052353219277301117e-06 -7.607264338242718998e-06
-9.981572983310129472e-06 5.131891221116267139e-05
7.561138904743928881e-05 -2.938317657557431976e-04
-4.544627061735648146e-04 1.383235826741858153e-03
2.095801970771820569e-03 -5.110808530112782334e-03
-6.914899941204389992e-03 1.376546450475606316e-02
1.403108009109237109e-02 -2.363470416687824330e-02
-1.073245624003495678e-02 1.884727536360174954e-02
-5.777149342101732879e-03 -6.525771443878690500e-16
-1.073245624003462025e-02 -1.884727536360151362e-02
1.403108009109344835e-02 2.363470416687518671e-02
-6.914899941205330212e-03 -1.376546450475407170e-02
2.095801970772181826e-03 5.110808530112716415e-03
-4.544627061738219331e-04 -1.383235826742076728e-03
7.561138904736863949e-05 2.938317657550940857e-04
-9.981572983599062575e-06 -5.131891221130928263e-05
1.052353219164080553e-06 7.607264338925486846e-06
-8.567314040736893586e-08 -9.793731117501836997e-07
4.557199557328700908e-09 1.114290021327296711e-07
2.484880529019347529e-11 -1.135774463666378424e-08
-4.443909913895308921e-11 1.048520704001045977e-09
7.090662933525617764e-12 -8.845974784688534728e-11
-7.962354244314190816e-13 6.871553364677947226e-12
7.420350142401196298e-14 -4.946733418632582379e-13
-5.776630514595776687e-15 3.339499490646904778e-14
4.438343428205555644e-16 -2.074381313983753642e-15
-9.006653468691917400e-17 2.717034232979032553e-16
-5.125471041618567302e-16 5.878400924440434198e-16
-1.794317895114016460e-18 2.906473856652432726e-16
2.487093592497832402e-16 -2.752147948919088624e-16
-1.569595786371715099e-16 -3.779142667162406408e-16
-2.556580055595359450e-16 3.497073322296853268e-16
4.950398727524188023e-15 -9.044611137191877883e-16
-7.262398502114443157e-14 1.734444487105828667e-14
1.043985363284752494e-12 -2.207918322884891186e-13
-1.392107647141327123e-11 2.506431947392400531e-12
1.715069398817369040e-10 -2.524246634976158002e-11
-1.938927580410814306e-09 2.185757933099030655e-10
1.995166531609801313e-08 -1.526784226504332869e-09
-1.850509099568167234e-07 7.084552733187581297e-09
1.528563947241150963e-06 3.544904683095665740e-09
-1.107656749601282048e-05 -5.058496580463616305e-07
6.905434272399205576e-05 6.365665788838054271e-06
-3.608340128264174267e-04 -5.132977929040546987e-05
1.523492009652653882e-03 2.986012806776340849e-04
-4.919146755226500370e-03 -1.241900654991060513e-03
1.108526081249755144e-02 3.398815874835616185e-03
-1.454807699285497191e-02 -4.883852468098411753e-03
6.393032318799927310e-03 1.156913542980386646e-03
2.535003600328432014e-03 -3.417371716972426431e-16
6.393032318800785131e-03 -1.156913542979772771e-03
-1.454807699285302035e-02 4.883852468099365851e-03
1.108526081249610294e-02 -3.398815874836787123e-03
-4.919146755226137813e-03 1.241900654991464703e-03
1.523492009652461327e-03 -2.986012806770491578e-04
-3.608340128256917159e-04 5.132977929109613376e-05
6.905434272441202147e-05 -6.365665788948836016e-06
-1.107656749650158390e-05 5.058496582971883091e-07
1.528563948273649397e-06 -3.544904652072914888e-09
-1.850509103032876095e-07 -7.084552644114717394e-09
1.995166500388717118e-08 1.526784388662654595e-09
-1.938927796963761768e-09 -2.185749944032049003e-10
1.715077428228229859e-10 2.524280141808621023e-11
-1.392076725945693208e-11 -2.506947187027447961e-12
1.043824818114007609e-12 2.213414158187266721e-13
-7.303792781082245017e-14 -1.771072829383050431e-14
4.743729468022266911e-15 1.448949370940202215e-15
-4.505804155978761430e-16 -2.349910370378144410e-16
-4.380887574871149058e-16 -6.297966859687274075e-16
-3.910728513669468462e-16 2.820135894364570133e-16
-2.721844622199218898e-16 -5.489270622573753161e-17
-7.704243939393278019e-17 3.735016336314135048e-16
5.620486945783926682e-16 7.211486880918377994e-16
-3.019266259850099995e-15 -9.657590352316081367e-15
4.297356162139561307e-14 1.425227781676880488e-13
-5.407894115881749658e-13 -1.973891125599555317e-12
6.194128499694046899e-12 2.531650186559018772e-11
-6.409116116224497591e-11 -2.990534985986781274e-10
5.906256568679263727e-10 3.229645557895401452e-09
-4.749410552701610149e-09 -3.161033485778747023e-08
3.226812472199627423e-08 2.774456678584182262e-07
-1.744242536622469843e-07 -2.155379943469265067e-06
6.418349693794964325e-07 1.457735495895969241e-05
-4.738099826340339857e-07 -8.399671211385598797e-05
-1.359649302629196726e-05 4.004453358435726570e-04
1.117696252870044185e-04 -1.514621357076160373e-03
-4.733235052280721552e-04 4.260169880028401128e-03
1.094314417829957793e-03 -7.961834777994466691e-03
-9.322710339060137717e-04 7.740983696871661830e-03
-3.775773873482384793e-04 -1.390113957708402062e-03
-5.844412676353734955e-04 -7.195238634785492148e-16
-3.775773873482809258e-04 1.390113957708870437e-03
-9.322710339059688857e-04 -7.740983696871213404e-03
1.094314417831188579e-03 7.961834777993070239e-03
-4.733235052284185036e-04 -4.260169880028061989e-03
1.117696252870558368e-04 1.514621357076230196e-03
-1.359649302615991821e-05 -4.004453358430996195e-04
-4.738099826863238177e-07 8.399671211404682110e-05
6.418349695474827595e-07 -1.457735495909733696e-05
-1.744242536226850135e-07 2.155379943539645458e-06
3.226812488516018453e-08 -2.774456677653111470e-07
-4.749410741723853939e-09 3.161033476263268229e-08
5.906256142256640944e-10 -3.229645099385119426e-09
-6.409118528285200728e-11 2.990536544101640402e-10
6.194391280050445895e-12 -2.531650794693393062e-11
-5.411625090819186836e-13 1.973843068023102468e-12
4.290898802045495766e-14 -1.427828320763570843e-13
-3.238824228150479781e-15 9.467902077720482580e-15
3.798515470418951277e-16 -6.601691367373824207e-16
3.167110887855644866e-16 -4.499894650432067391e-16
-4.230034588706821245e-17 -2.870066988533130761e-16
-1.752061747107714605e-16 2.296305472099731149e-16
7.501069192719846634e-17 3.667111463440478370e-16
1.165336725270112795e-15 -6.995402659559289987e-16
-1.829787790700872802e-14 6.724289065297546131e-15
2.590443212716867484e-13 -9.426668378097458967e-14
-3.454137189389811294e-12 1.165856147074300989e-12
4.255811349068853073e-11 -1.320239999705928201e-11
-4.815194843013844398e-10 1.359056472401066988e-10
4.964060233604400962e-09 -1.258821491812394310e-09
-4.619340926328090523e-08 1.035842159505037909e-08
3.836062988629401165e-07 -7.449797264580338370e-08
-2.802773843200299748e-06 4.583525752673821444e-07
1.769378257858555728e-05 -2.342615331390577532e-06
-9.423696589894055276e-05 9.533908120171309152e-06
4.097838448036647302e-04 -2.896055742610391284e-05
-1.387087705153859521e-03 5.924753961746247308e-05
3.388801041091975188e-03 -7.295962401521682242e-05
-5.207694326439125422e-03 9.672642463151120929e-05
3.612846787070161068e-03 -2.801282813813046890e-04
4.842793800365457606e-05 2.035876140395225171e-04
2.465019712268914356e-04 2.175463618142651248e-16
4.842793800442932661e-05 -2.035876140398596768e-04
3.612846787069980657e-03 2.801282813806165459e-04
-5.207694326438541688e-03 -9.672642463123536116e-05
3.388801041091633014e-03 7.295962401490264774e-05
-1.387087705153593024e-03 -5.924753961768037061e-05
4.097838448026879183e-04 2.896055742582603860e-05
-9.423696589930554942e-05 -9.533908120557801815e-06
1.769378257914390446e-05 2.342615331883903920e-06
-2.802773843887176976e-06 -4.583525752083444245e-07
3.836062992089861098e-07 7.449797258981318240e-08
-4.619340891799895557e-08 -1.035842196892870203e-08
4.964060222185384364e-09 1.258821153510469068e-09
-4.815201580695412897e-10 -1.359059394353638332e-10
4.255802318054967737e-11 1.320281603899573098e-11
-3.454063968037075724e-12 -1.166275331865498798e-12
2.593617680074232718e-13 9.457190519649110147e-14
-1.809903112634268540e-14 -7.119032532507127331e-15
1.376798622891641494e-15 6.777414197555219328e-16
3.710943085700792616e-16 5.183213224282311781e-16
3.736353671262751138e-16 -2.439670598605885912e-16
2.434010270518054555e-16 5.063791788120407858e-17
1.810637988963848596e-16 -2.253170041897366849e-16
-1.282395306326082429e-15 -2.171641869281497185e-15
1.410829207968708487e-14 3.151523828357267533e-14
-1.864729917508838640e-13 -4.360007582990655121e-13
2.258869820436453392e-12 5.608782892973357489e-12
-2.509347505286160406e-11 -6.649991801103097782e-11
2.537806684554457739e-10 7.217866547997155184e-10
-2.315514461166611297e-09 -7.112259520919087758e-09
1.885348066562362727e-08 6.299014015411621724e-08
-1.351938753247587675e-07 -4.953214783586279586e-07
8.401030754107916526e-07 3.405663187996915676e-06
-4.434750948517753787e-06 -2.007581081357446396e-05
1.940307575659995124e-05 9.884245884372157645e-05
-6.827298272579588061e-05 -3.919356722349979128e-04
1.864175099418226831e-04 1.186013869967677626e-03
-3.788426713398876551e-04 -2.509040239515544692e-03
5.360787662133146376e-04 3.139406220573964876e-03
-4.124794497949495968e-04 -1.473426079228334299e-03
-3.179588053929837982e-05 -1.979746293883183036e-04
-9.419559141422365338e-05 -2.429285364807318085e-16
-3.179588053984620008e-05 1.979746293879149804e-04
-4.124794497952359346e-04 1.473426079228783592e-03
5.360787662129619466e-04 -3.139406220573522956e-03
-3.788426713394572268e-04 2.509040239515149609e-03
1.864175099418302454e-04 -1.186013869967693238e-03
-6.827298272570352013e-05 3.919356722349709703e-04
1.940307575679076066e-05 -9.884245884394627735e-05
-4.434750948651661225e-06 2.007581081361465398e-05
8.401030753178076579e-07 -3.405663187958293515e-06
-1.351938755458274052e-07 4.953214783625725910e-07
1.885348078398058654e-08 -6.299014006618675930e-08
-2.315514570310994980e-09 7.112259219910206902e-09
2.537807586339176815e-10 -7.217866615409887361e-10
-2.509386202799742125e-11 6.649984190326579205e-11
2.259247926646425163e-12 -5.608785661419864784e-12
-1.863129758579655412e-13 4.361866020529025276e-13
1.419505745206887334e-14 -3.133715052352411058e-14
-1.236458103406689830e-15 2.281188103265855989e-15
-2.325000632585563894e-16 1.550533295928400855e-16
7.370538648626406155e-17 2.326433454409455953e-16
1.458238623047615514e-16 -1.838624245900296542e-16
1.023067626069637663e-16 -3.765825055860443131e-16
-3.624043945843523933e-15 2.142431568842336071e-15
5.216743988339059392e-14 -2.659841461862180300e-14
-6.959954710219584562e-13 3.434128066877497480e-13
8.626438465230766011e-12 -4.053994596607402330e-12
-9.830891477988444227e-11 4.389078140180606012e-11
1.022677783496105602e-09 -4.325232196648732489e-10
-9.625731584707935285e-09 3.845298315662706902e-09
8.110521290050289341e-08 -3.051600265659694581e-08
-6.037990865229027802e-07 2.134254620690236316e-07
3.906660468990118379e-06 -1.295067371023264827e-06
-2.150440499504508492e-05 6.686703744572905025e-06
9.786765171291710204e-05 -2.865760706922191838e-05
-3.537277310126806960e-04 9.867048403007333513e-05
9.556769720823224358e-04 -2.607277532400308811e-04
-1.744279886829630186e-03 4.919309391730134623e-04
1.755115913743590574e-03 -5.739839727021972407e-04
-5.082962971998518462e-04 2.611599483326872378e-04
-9.685102097145489039e-05 6.864078479235955030e-05
-4.138548764445943921e-06 -2.196728601089806220e-16
-9.685102097154726442e-05 -6.864078479207220962e-05
-5.082962971992130343e-04 -2.611599483326807326e-04
1.755115913743104635e-03 5.739839727017145539e-04
-1.744279886829521982e-03 -4.919309391726694449e-04
9.556769720824247845e-04 2.607277532402426799e-04
-3.537277310118851084e-04 -9.867048403021356313e-05
9.786765171293541150e-05 2.865760706921435268e-05
-2.150440499522479821e-05 -6.686703744954359536e-06
3.906660469676090552e-06 1.295067370845911162e-06
-6.037990866728184003e-07 -2.134254620671373157e-07
8.110521247939899461e-08 3.051600281339333226e-08
-9.625731617369629956e-09 -3.845298126243599225e-09
1.022678253716519482e-09 4.325235407479007511e-10
-9.830873761274434830e-11 -4.389107709749982192e-11
8.626420898429358930e-12 4.054324641649203269e-12
-6.963085491547153802e-13 -3.435995072889434818e-13
5.190835328602066500e-14 2.681707206425987073e-14
-3.736236820805449788e-15 -2.093970642338003732e-15
-1.185246320617199303e-16 -3.074519277062030583e-16
-2.589385331490517683e-16 1.517528697395873533e-16
-1.972059059649847287e-16 -4.908286177052104316e-18
-3.176677586517802126e-16 -1.237577920139963711e-16
3.782120719012905332e-15 5.839590867123024019e-15
-4.704544041566240989e-14 -8.087067225834108458e-14
5.883247336470267045e-13 1.047055342803986412e-12
-6.766463263597730563e-12 -1.252842528188542139e-11
7.127361008992191871e-11 1.374716063798987757e-10
-6.823664970784023292e-10 -1.372653988832203576e-09
5.884301271134116432e-09 1.235613512036726123e-08
-4.521187563288657846e-08 -9.914430200993455950e-08
3.054781496763338007e-07 6.992836492437088497e-07
-1.785737234659887449e-06 -4.259649390628448962e-06
8.847388160756441527e-06 2.190015806672186870e-05
-3.616062182490055042e-05 -9.212350548791979046e-05
1.174656682379290765e-04 3.033299707186792350e-04
-2.869484753384387264e-04 -7.304983597520678688e-04
4.801930348196290204e-04 1.145082039716706444e-03
-4.520249525991494447e-04 -9.114033487716888043e-04
1.133832422550938557e-04 1.336411622425122208e-04
4.134967230764822614e-05 2.631373054894156226e-05
1.019090970306288654e-05 -1.236684964143329787e-17
4.134967230783444464e-05 -2.631373054901594530e-05
1.133832422549419861e-04 -1.336411622424900217e-04
-4.520249525991081908e-04 9.114033487717282693e-04
4.801930348188985934e-04 -1.145082039716831561e-03
-2.869484753381630138e-04 7.304983597515671842e-04
1.174656682377580842e-04 -3.033299707189651391e-04
-3.616062182491140600e-05 9.212350548799815117e-05
8.847388160564087121e-06 -2.190015806674124881e-05
-1.785737234499170571e-06 4.259649390582637185e-06
3.054781498775224957e-07 -6.992836492631646672e-07
-4.521187551602808664e-08 9.914430185503269459e-08
5.884301214814138071e-09 -1.235613491046737169e-08
-6.823665762805010614e-10 1.372653949849026333e-09
7.127371692968877879e-11 -1.374713837675128906e-10
-6.766922365555012827e-12 1.252822828655730132e-11
5.883378390361420088e-13 -1.047201016630500337e-12
-4.716293528840396834e-14 8.076719734885410766e-14
3.663468791906114122e-15 -5.943870540295522271e-15
1.055060986332874497e-16 1.931320700229661239e-16
-7.067024984059343663e-17 -2.721734781430771993e-16
-6.988514650050526923e-17 1.036277232428647289e-16
-5.526846035434650713e-16 6.278068466935879407e-16
8.965662198811270458e-15 -6.150025451479450546e-15
-1.212543227969236748e-13 7.899804172412069084e-14
1.515220160677031025e-12 -9.597690675556266499e-13
-1.747545678683921244e-11 1.071773748060337124e-11
1.843820215610278940e-10 -1.094635855194086245e-10
-1.765243487395329053e-09 1.014421095468520388e-09
1.518474450930491130e-08 -8.450213981010454335e-09
-1.159644404289616381e-07 6.256195293955804785e-08
7.746466276896871656e-07 -4.060178488921878577e-07
-4.441616404905046832e-06 2.270238218440892745e-06
2.132480437074886259e-05 -1.069646251114256671e-05
-8.288341298583460270e-05 4.122379972152044592e-05
2.484040073028816902e-04 -1.246145841257501258e-04
-5.321177099797861449e-04 2.770548725248578054e-04
7.122228011776619589e-04 -4.048287381144020989e-04
-4.382335308467401043e-04 3.019059844730025122e-04
1.489542904705581159e-05 -2.965717684604186002e-05
5.805524683657080100e-07 -1.463469647312948175e-05
-3.241463194303312237e-06 3.030811836923770835e-17
5.805524681716473619e-07 1.463469647293211121e-05
1.489542904696304793e-05 2.965717684616834575e-05
-4.382335308468247805e-04 -3.019059844729802861e-04
7.122228011772674177e-04 4.048287381144079536e-04
-5.321177099803178377e-04 -2.770548725247661903e-04
2.484040073026739029e-04 1.246145841258442888e-04
-8.288341298569951111e-05 -4.122379972146561917e-05
2.132480437080874782e-05 1.069646251135340168e-05
-4.441616405295828023e-06 -2.270238218279775220e-06
7.746466278314065774e-07 4.060178489148800292e-07
-1.159644402647859006e-07 -6.256195287973225637e-08
1.518474441109519977e-08 8.450213876747587288e-09
-1.765243825961950643e-09 -1.014421219221845508e-09
1.843818743960825085e-10 1.094637495966315999e-10
-1.747524922930848072e-11 -1.071802652064924822e-11
1.515451747248192417e-12 9.600032874844932194e-13
-1.209901939210021819e-13 -7.920103135456615886e-14
9.088355779688141196e-15 6.177344423688337606e-15
-3.321502044265630511e-16 -5.625272778920209400e-17
1.989426125793503670e-16 -9.674496312128460218e-17
1.499854483766478651e-16 -3.685337744220313752e-17
7.439292958114085909e-16 7.194363093322188754e-16
-1.008369560980335606e-14 -1.311063396209765361e-14
1.252479825978882508e-13 1.721529377652690655e-13
-1.479691131506020655e-12 -2.085876655128592579e-12
1.605916331737389064e-11 2.323810069567278972e-11
-1.590784412936184922e-10 -2.362047662269639304e-10
1.426541632293088732e-09 2.171752934261503920e-09
-1.146788073671463206e-08 -1.787552976598614434e-08
8.167010841900501479e-08 1.300587522255405883e-07
-5.077997500492304820e-07 -8.233977124602981248e-07
2.706367632067021422e-06 4.445570718679587372e-06
-1.207140151122053713e-05 -1.993240352519964897e-05
4.362262741021888162e-05 7.155357494655536902e-05
-1.218931161726123083e-04 -1.949766908914867057e-04
2.447730659642944066e-04 3.705029900257280490e-04
-3.094125735611147386e-04 -4.202550334867420460e-04
1.786504598818987083e-04 1.933165737070091357e-04
3.982159662971170883e-06 1.031572202777396846e-05
-1.188811702425239175e-06 3.454516636939655066e-06
1.758877814766952542e-06 1.472048833200814947e-16
-1.188811702764405567e-06 -3.454516636743363651e-06
3.982159662433257527e-06 -1.031572202824128670e-05
1.786504598815899817e-04 -1.933165737068240624e-04
-3.094125735610988551e-04 4.202550334870685535e-04
2.447730659641839264e-04 -3.705029900254813388e-04
-1.218931161724762002e-04 1.949766908915681835e-04
4.362262741056149629e-05 -7.155357494674082180e-05
-1.207140151109878292e-05 1.993240352520176656e-05
2.706367632198696082e-06 -4.445570718675151460e-06
-5.077997503587160980e-07 8.233977124386193753e-07
8.167010826730960633e-08 -1.300587523634344816e-07
-1.146788078365220844e-08 1.787552962518391377e-08
1.426541815819698596e-09 -2.171752841884985288e-09
-1.590786356128232728e-10 2.362046822093482695e-10
1.605946118624670686e-11 -2.323790424490894789e-11
-1.479779330794524385e-12 2.085915562036567543e-12
1.252909495350795697e-13 -1.720623881320778582e-13
-9.992115770956109986e-15 1.322175448791389748e-14
4.830970750283693462e-16 -7.493335087526629473e-16
3.022100061723541422e-17 2.422699465134217091e-16
-5.673771754553460107e-18 -5.324576393256050275e-17
1.373118131951736599e-15 -1.283682256730509154e-15
-1.879806102826933998e-14 1.560015708777807188e-14
2.385064026121026365e-13 -1.921765190929173860e-13
-2.790870761323630663e-12 2.203628108052619506e-12
2.997339566920992052e-11 -2.317762717481019643e-11
-2.929944246650413821e-10 2.221071635272889632e-10
2.583375094072787603e-09 -1.922611151622933528e-09
-2.032279886360199484e-08 1.487991391229273166e-08
1.407497942604562854e-07 -1.016906072810554557e-07
-8.439656497063757137e-07 6.042731888339998839e-07
4.288396531718244667e-06 -3.061580416367976255e-06
-1.794643740140124911e-05 1.288964318963079738e-05
5.945407427169881409e-05 -4.352956231753588761e-05
-1.470618370148721874e-04 1.119958125936222198e-04
2.470069275203563906e-04 -2.021536345195694016e-04
-2.350653063175831827e-04 2.193471816898274617e-04
7.669954676868929002e-05 -9.486644545693287888e-05
9.047402346831487157e-06 -1.151337532825019917e-05
1.875745222167736270e-06 -2.168224997820861949e-06
-1.633187880234999167e-08 1.152694976221555443e-16
1.875745222225315664e-06 2.168224997661402491e-06
9.047402346539494571e-06 1.151337532753915397e-05
7.669954676902227561e-05 9.486644545679675730e-05
-2.350653063172486251e-04 -2.193471816899476997e-04
2.470069275205671595e-04 2.021536345195406974e-04
-1.470618370149714732e-04 -1.119958125939397419e-04
5.945407427157915883e-05 4.352956231742670167e-05
-1.794643740129656600e-05 -1.288964318981209123e-05
4.288396531941376015e-06 3.061580416281062204e-06
-8.439656501732933085e-07 -6.042731888795280107e-07
1.407497941226116523e-07 1.016906073754483838e-07
-2.032279885892002023e-08 -1.487991384671715480e-08
2.583375197266495997e-09 1.922611337417778717e-09
-2.929942450348910234e-10 -2.221073220078746701e-10
2.997321551642747659e-11 2.317781682775655684e-11
-2.790974433812444489e-12 -2.203754912777309659e-12
2.382826459779904134e-13 1.923917758553713872e-13
-1.889948135780979608e-14 -1.554634443445807158e-14
1.151389495049565957e-15 8.139037829633735248e-16
-1.880438360603129909e-16 3.926381377137730433e-17
-2.866114871146975584e-17 6.189248429061243274e-17
-1.800578563115270905e-15 -1.682526434670084169e-15
2.341303581959233629e-14 2.554919335210474471e-14
-2.803337269992906510e-13 -3.144521711617296195e-13
3.126572246142156610e-12 3.566914301568772521e-12
-3.193098919644977532e-11 -3.702742526873775928e-11
2.964291692086555431e-10 3.488881745848196552e-10
-2.479241161876690840e-09 -2.955718857472559661e-09
1.848183788864108231e-08 2.225761441430111505e-08
-1.212051733091346776e-07 -1.469003212540784099e-07
6.879830035355222720e-07 8.348752639320108834e-07
-3.310371647262195510e-06 -3.993625711061420014e-06
1.313581460685462270e-05 1.559578313866692099e-05
-4.137519796572045234e-05 -4.763826711116576679e-05
9.776915137435695645e-05 1.067462593818184165e-04
-1.580400160632429375e-04 -1.577301574987516124e-04
1.460063988020508016e-04 1.242251309535327914e-04
-4.490405258534061177e-05 -2.621469116396902109e-05
-9.382826986092635370e-06 -4.176327167863723006e-06
-2.049506265342313322e-06 -4.971999550431784847e-07
-6.210877186977073835e-07 -7.217926693882515102e-17
-2.049506265605794778e-06 4.971999551235640290e-07
-9.382826986384151924e-06 4.176327167695786019e-06
-4.490405258514733918e-05 2.621469116336163071e-05
1.460063988021764335e-04 -1.242251309537655967e-04
-1.580400160634473368e-04 1.577301574986035646e-04
9.776915137411390543e-05 -1.067462593818612967e-04
-4.137519796593366070e-05 4.763826711129765320e-05
1.313581460695804034e-05 -1.559578313871398892e-05
-3.310371647458366223e-06 3.993625710986788788e-06
6.879830037498815353e-07 -8.348752640874799692e-07
-1.212051733518152650e-07 1.469003213004045476e-07
1.848183793026315307e-08 -2.225761435347651621e-08
-2.479241265371652210e-09 2.955718649319648690e-09
2.964292397492035477e-10 -3.488880513498685666e-10
-3.193116581769590790e-11 3.702725708048098378e-11
3.126660877817279855e-12 -3.566985345370745975e-12
-2.804199265416940031e-13 3.143843538454226733e-13
2.328689142044179895e-14 -2.560680095401803237e-14
-1.582374339773301611e-15 1.764618928753049995e-15
7.300112077047116317e-17 -2.819696074571797388e-16
1.363104742654468221e-16 -9.471869349660921444e-17
-2.700702570575139371e-15 2.773270471166142816e-15
3.425499744603061635e-14 -3.424188906301368702e-14
-4.082634470349644719e-13 4.008323825766095178e-13
4.472440364946793468e-12 -4.334503116715401196e-12
-4.474784210632346509e-11 4.285389505704540480e-11
4.054030411647970299e-10 -3.843744890635829306e-10
-3.292940995109861157e-09 3.098766712792210680e-09
2.369438689474688317e-08 -2.220353347957650704e-08
-1.488115332530430423e-07 1.394737779653165791e-07
8.006370510388940035e-07 -7.549900932799911142e-07
-3.601587079464875601e-06 3.444878823759036163e-06
1.310969791065073335e-05 -1.286473017815495180e-05
-3.686249687512801765e-05 3.773372634073640994e-05
7.461036837426150660e-05 -8.172412899238612764e-05
-9.636908215820143731e-05 1.179023088060782804e-04
6.160120293669542454e-05 -9.187183045933663527e-05
-6.871775359555131081e-06 1.831613892839174557e-05
-1.112578124742752178e-06 5.504316350097803704e-06
1.297203888341241693e-07 1.136548515141203525e-06
1.908399781579714394e-07 -2.036651621051976956e-16
1.297203888331731365e-07 -1.136548514853755483e-06
-1.112578125071954074e-06 -5.504316350113683030e-06
-6.871775360050988404e-06 -1.831613892827708780e-05
6.160120293684316064e-05 9.187183045940103688e-05
-9.636908215815358334e-05 -1.179023088060680483e-04
7.461036837423549930e-05 8.172412899238157399e-05
-3.686249687505477302e-05 -3.773372634072944394e-05
1.310969791066248339e-05 1.286473017824763414e-05
-3.601587079520579452e-06 -3.444878823551574500e-06
8.006370512871485607e-07 7.549900931266090117e-07
-1.488115333671337745e-07 -1.394737780746958759e-07
2.369438693997008472e-08 2.220353338403788413e-08
-3.292940967184496381e-09 -3.098766874229457973e-09
4.054028703043929848e-10 3.843745818596186177e-10
-4.474762585749223855e-11 -4.285402868251271216e-11
4.472468256784534602e-12 4.334679053185959761e-12
-4.081508255664041033e-13 -4.010840139541938035e-13
3.428791761643318520e-14 3.417150201750333613e-14
-2.495311711863140759e-15 -2.380490326820752593e-15
2.892707188269594788e-16 5.753187373808877019e-17
-1.411728779208329950e-16 -1.904694255687088546e-16
3.854107619315977387e-15 3.243811249045583539e-15
-4.784887139633307847e-14 -4.359013624287955158e-14
5.456224480277387375e-13 5.039130433360806800e-13
-5.740508839900244966e-12 -5.354007951250177424e-12
5.510511724894993439e-11 5.181276347941384204e-11
-4.787296270481252989e-10 -4.527332626203109415e-10
3.727646057915050601e-09 3.534963945873965595e-09
-2.571203098248670923e-08 -2.435503161458749440e-08
1.548633621872984843e-07 1.457732957427645968e-07
-7.998800629078576947e-07 -7.431300822756787220e-07
3.461154134633101920e-06 3.144350447302489702e-06
-1.215971817905673829e-05 -1.066189512219381832e-05
3.318278759679609881e-05 2.755023765184504706e-05
-6.576443995555826105e-05 -5.018004741941920507e-05
8.438924811288391113e-05 5.616036718945660632e-05
-5.481909660957548085e-05 -2.829184177372032246e-05
5.758666850208710874e-06 7.277365806087851963e-07
2.567019931821310814e-06 -8.548845441521865769e-08
4.676521103681790300e-07 -2.099634879685588605e-07
4.707155131731348296e-08 3.579146669934802690e-17
4.676521109757350637e-07 2.099634876359506214e-07
2.567019931602398961e-06 8.548845452396379149e-08
5.758666850217587779e-06 -7.277365808377862711e-07
-5.481909660978421010e-05 2.829184177396086287e-05
8.438924811304785605e-05 -5.616036718929877359e-05
-6.576443995526604146e-05 5.018004741945845997e-05
3.318278759680074732e-05 -2.755023765189484582e-05
-1.215971817919074399e-05 1.066189512225945151e-05
3.461154134844427323e-06 -3.144350447233535714e-06
-7.998800630637849194e-07 7.431300823136293980e-07
1.548633623335382726e-07 -1.457732957148697108e-07
-2.571203113853150614e-08 2.435503157125565125e-08
3.727646113423752550e-09 -3.534963805165079044e-09
-4.787295613088899294e-10 4.527332022287796205e-10
5.510509606154151101e-11 -5.181258209260705484e-11
-5.740625111115987442e-12 5.354053113683995522e-12
5.456681621781806832e-13 -5.039550704126845141e-13
-4.766997200754713232e-14 4.358935508485382611e-14
3.640411977249445512e-15 -3.355751547592211003e-15
-2.791898219563682307e-16 3.497889539084036653e-16
-2.988730036107944143e-16 3.466395599926119513e-16
4.592497666336036133e-15 -5.581969534247188803e-15
-5.530153767318893326e-14 6.642807762678998740e-14
6.198339739299273405e-13 -7.374150388897865824e-13
-6.355151250634249975e-12 7.516353507252519659e-12
5.923690602084255187e-11 -6.978327632520423020e-11
-4.973325689701330993e-10 5.851738238824345686e-10
3.720374110620857317e-09 -4.387632114486902438e-09
-2.447229264706693386e-08 2.905922752240217890e-08
1.392446202079655129e-07 -1.674594385718813004e-07
-6.711280061314437056e-07 8.238677443420764266e-07
2.665579324551472983e-06 -3.376010248698716062e-06
-8.400910612171819217e-06 1.114441806382716702e-05
1.988679344124578285e-05 -2.825993413998635346e-05
-3.241566605511816420e-05 5.116167737672099210e-05
3.103378034379831291e-05 -5.817114866278612448e-05
-1.173294709774981219e-05 3.102853137331811729e-05
-5.604401766654408468e-07 -6.780899518698464959e-07
-3.144538597235109094e-07 -9.195655186518909711e-07
-1.407262448128496065e-07 -1.356012856819344196e-07
-3.528290033930746257e-08 -6.157871183813899948e-17
-1.407262451353795035e-07 1.356012853368185744e-07
-3.144538599211811884e-07 9.195655190247528628e-07
-5.604401763915082741e-07 6.780899516547838777e-07
-1.173294709775720848e-05 -3.102853137304865917e-05
3.103378034398228169e-05 5.817114866266961341e-05
-3.241566605507089976e-05 -5.116167737681840089e-05
1.988679344114882469e-05 2.825993414011000333e-05
-8.400910612245761805e-06 -1.114441806391265297e-05
2.665579324716342864e-06 3.376010248531886993e-06
-6.711280061374290522e-07 -8.238677441091110259e-07
1.392446201628206420e-07 1.674594386580579295e-07
-2.447229269405520980e-08 -2.905922756949697584e-08
3.720374023529660495e-09 4.387632342763945183e-09
-4.973324691374335516e-10 -5.851739511759187950e-10
5.923673286976825934e-11 6.978334090140752850e-11
-6.355289309244560907e-12 -7.516505318846949134e-12
6.197809820706331140e-13 7.376137756780017218e-13
-5.533532078654924382e-14 -6.645219334882161984e-14
4.463958373596187666e-15 5.204129555991846354e-15
-4.142999623992439281e-16 -3.024775172448814857e-16
4.778041902396192891e-16 3.966714229681053131e-16
-7.407183021333488149e-15 -5.438804100284116140e-15
8.726169481191395454e-14 6.607175816462521311e-14
-9.444560592140069881e-13 -7.189099665931003958e-13
9.373221873819839642e-12 7.155825201509951838e-12
-8.454542254190761825e-11 -6.456672095076670464e-11
6.870378835019182411e-10 5.231694736334567880e-10
-4.977398534535842887e-09 -3.763775737663529564e-09
3.174123241990718747e-08 2.370948233184914751e-08
-1.753916544422076605e-07 -1.285317821091737382e-07
8.231933880544311406e-07 5.864680864571151756e-07
-3.197418499812469723e-06 -2.186968107917945715e-06
9.920464118871693250e-06 6.398675165816795404e-06
-2.336662423377983629e-05 -1.383034992629694477e-05
3.858647257745078388e-05 2.002349276094125754e-05
-3.871071517049717105e-05 -1.607846398076817469e-05
1.661222502039863877e-05 4.146804258806259146e-06
8.824631037677505660e-07 4.481194523018598206e-07
-1.830578468460092229e-07 2.193984177429512799e-07
-6.453011218814664128e-09 6.349522831597405417e-08
1.438030988522355647e-08 -2.780578439575435551e-16
-6.453011272722887398e-09 -6.349522812920178052e-08
-1.830578468129226337e-07 -2.193984170934265372e-07
8.824631038677360292e-07 -4.481194524566882319e-07
1.661222502050109249e-05 -4.146804258736699107e-06
-3.871071517038752433e-05 1.607846398031219991e-05
3.858647257743950818e-05 -2.002349276092955832e-05
-2.336662423365730789e-05 1.383034992626978043e-05
9.920464118905998084e-06 -6.398675165980729313e-06
-3.197418499994725379e-06 2.186968107947964563e-06
8.231933881373863711e-07 -5.864680863166229028e-07
-1.753916545170568122e-07 1.285317819014980414e-07
3.174123245979750929e-08 -2.370948228611551928e-08
-4.977398565989125944e-09 3.763775664223380831e-09
6.870378352309454252e-10 -5.231694573046045088e-10
-8.454540061799939434e-11 6.456661353527067403e-11
9.373349570130306548e-12 -7.155819223337963579e-12
-9.445320359873824938e-13 7.189502311002480108e-13
8.717437252671315356e-14 -6.608434108743415132e-14
-7.222182087714841696e-15 5.475568510215744209e-15
5.624072919710997221e-16 -5.261965025429980368e-16
5.232732687009867152e-16 -7.536188624060479623e-16
-7.058190367449276983e-15 1.022718184579016521e-14
8.034263357487163168e-14 -1.163416928099003283e-13
-8.456844977604612606e-13 1.221971659203144484e-12
8.112004166859096171e-12 -1.173536522626075773e-11
-7.039805895612013126e-11 1.022599051093358231e-10
5.472483416504579620e-10 -8.012049159105537589e-10
-3.765730330839581709e-09 5.583285719325378811e-09
2.260637242641129164e-08 -3.415060567113777675e-08
-1.162489112472398835e-07 1.803601535045583435e-07
5.001167338771089846e-07 -8.054670122855697856e-07
-1.744039163219678445e-06 2.959448638447396056e-06
4.715833109976782676e-06 -8.616263117283288396e-06
-9.247046581824760249e-06 1.882265317310328177e-05
1.174606420065523654e-05 -2.829256741050883991e-05
-7.646354135734943734e-06 2.491460791499503839e-05
1.039817522939315083e-06 -8.356312217997279330e-06
1.453889514953584863e-07 -1.030327999089694578e-06
9.097835667154222944e-08 -6.451701700325912146e-08
1.600407688846048827e-08 -2.284867527643122789e-08
-3.177246723901773553e-09 1.329810849902166656e-16
1.600407722496472815e-08 2.284867477247119154e-08
9.097835708848859937e-08 6.451701728723888137e-08
1.453889511762267002e-07 1.030327998769363446e-06
1.039817522830335612e-06 8.356312218164651346e-06
-7.646354135902236129e-06 -2.491460791484813577e-05
1.174606420059916804e-05 2.829256741056476442e-05
-9.247046581930442856e-06 -1.882265317316274348e-05
4.715833110087314546e-06 8.616263117373614295e-06
-1.744039163446140750e-06 -2.959448638399368865e-06
5.001167337755106649e-07 8.054670121446993127e-07
-1.162489111994691046e-07 -1.803601536028458498e-07
2.260637241807905831e-08 3.415060566870644809e-08
-3.765730343255513072e-09 -5.583285825975332768e-09
5.472483572274824737e-10 8.012050415983705047e-10
-7.039797517843428157e-11 -1.022598304407607431e-10
8.112078367337023215e-12 1.173535748318502562e-11
-8.456751376720112667e-13 -1.222106025943633807e-12
8.040104667701066937e-14 1.164666324353437913e-13
-6.968809066250708103e-15 -9.998217702133400763e-15
6.236993970377744150e-16 7.449974896077414146e-16
-1.020541839897963285e-15 -6.868326368498141155e-16
1.290836505370584574e-14 7.981134841159341834e-15
-1.440337134967018134e-13 -8.983395310136618612e-14
1.477172570889905465e-12 9.205318340572982890e-13
-1.383259628461723247e-11 -8.581659640827046238e-12
1.172628899308999345e-10 7.217186252321268529e-11
-8.914660487061187153e-10 -5.419268445248630270e-10
6.009309374832380959e-09 3.588104019605626925e-09
-3.542671691561578124e-08 -2.062798768982859233e-08
1.795462248894811336e-07 1.009899146538220705e-07
-7.653456651886760121e-07 -4.105372113868941735e-07
2.665894858363850571e-06 1.339151470341705329e-06
-7.292265689508421351e-06 -3.338012447264793087e-06
1.477698717707481811e-05 5.894264202978429777e-06
-2.018818517123627539e-05 -6.444963125940081299e-06
1.551389781747053765e-05 3.177412688632021394e-06
-3.891547197790141906e-06 2.023728422396901650e-08
-7.563653697440225429e-07 4.009267102599540617e-08
-1.029039802131965647e-07 -1.189864668070593719e-08
-2.084245666666236207e-08 2.257299884431062544e-09
-4.970766934558540205e-09 -1.672472950177250389e-16
-2.084245663872481664e-08 -2.257300472519652402e-09
-1.029039799709124913e-07 1.189864681074875325e-08
-7.563653696555521750e-07 -4.009267098354793159e-08
-3.891547198080042320e-06 -2.023728400120345418e-08
1.551389781745172335e-05 -3.177412688662899557e-06
-2.018818517120801159e-05 6.444963125762035820e-06
1.477698717716985859e-05 -5.894264202896338732e-06
-7.292265689635117998e-06 3.338012447309311444e-06
2.665894858557184571e-06 -1.339151470321112688e-06
-7.653456653613444195e-07 4.105372114077693005e-07
1.795462248792104621e-07 -1.009899145579430099e-07
-3.542671685411329465e-08 2.062798771312942977e-08
6.009309441802115318e-09 -3.588103982757351144e-09
-8.914661292706903125e-10 5.419268181841561711e-10
1.172628107947269802e-10 -7.217183655637741712e-11
-1.383269925423448759e-11 8.581639257096444418e-12
1.477204354515949229e-12 -9.204237218868116158e-13
-1.439879191230463500e-13 8.988732537381028931e-14
1.278809419031329841e-14 -7.968698558611592735e-15
-1.030465692482830389e-15 7.408926306640197372e-16
-8.005475361697804505e-16 1.467475717096238226e-15
9.840467318342294031e-15 -1.731477102592770608e-14
-1.060687432268550673e-13 1.868735922379555123e-13
1.046693129263287910e-12 -1.854836827144853868e-12
-9.381450338278121662e-12 1.677820061349316491e-11
7.568082745761942082e-11 -1.371670552933350369e-10
-5.436086800205418523e-10 1.003678265856451450e-09
3.431591297419311609e-09 -6.496975838396744592e-09
-1.873137140252893933e-08 3.667771615790505471e-08
8.660424568598180957e-08 -1.773903081422082105e-07
-3.300657656110313373e-07 7.184110055200171158e-07
9.988809620783997324e-07 -2.363570965383550641e-06
-2.272340108699955892e-06 6.056642691294985706e-06
3.555852308481417021e-06 -1.135630801317513355e-05
-3.222603743355175304e-06 1.405860576434383747e-05
9.981638584066611580e-07 -9.355433422479661777e-06
2.482034472625430196e-07 1.631069132387504002e-06
1.021009529709288073e-07 4.517069584680872308e-07
1.946564129776637433e-08 7.636170856696624666e-08
7.252470709429588180e-09 1.212753457817386679e-08
3.225743711873752119e-09 -1.491447618429781876e-16
7.252470949491787441e-09 -1.212753500670498888e-08
1.946564158164514541e-08 -7.636170832262941539e-08
1.021009529568530520e-07 -4.517069585128037942e-07
2.482034474177280847e-07 -1.631069132342373240e-06
9.981638585688211688e-07 9.355433422469593943e-06
-3.222603743273417143e-06 -1.405860576421784301e-05
3.555852308528504853e-06 1.135630801328916282e-05
-2.272340108618088464e-06 -6.056642691357957523e-06
9.988809622942749728e-07 2.363570965345167343e-06
-3.300657655656296831e-07 -7.184110053697814230e-07
8.660424567177321569e-08 1.773903082042311128e-07
-1.873137143078319236e-08 -3.667771613904440368e-08
3.431591294937835118e-09 6.496975917501179660e-09
-5.436086883212965076e-10 -1.003678408302527922e-09
7.568078740989320896e-11 1.371669165419543714e-10
-9.381509443854905687e-12 -1.677816592836013312e-11
1.046720264532075356e-12 1.854925777781546309e-12
-1.060827405161745102e-13 -1.869676306119132903e-13
9.806890375189105956e-15 1.713040065430492196e-14
-8.831839112757867503e-16 -1.413480315513248275e-15
1.784270426816380262e-15 9.324548219801094198e-16
-2.048681833797933099e-14 -1.043565267436970190e-14
2.169481306853988520e-13 1.098915059024789634e-13
-2.108669333068239476e-12 -1.058659887573640471e-12
1.864469544923940188e-11 9.238067092520153857e-12
-1.486459322651567286e-10 -7.233155080801240822e-11
1.057843785911597854e-09 5.024260562694651885e-10
-6.638725305883150093e-09 -3.053360686885726891e-09
3.619753242113889249e-08 1.595534010502740241e-08
-1.683126700525962201e-07 -7.010721911338018481e-08
6.516264824307545448e-07 2.514268716273351536e-07
-2.034562494924614465e-06 -7.057714565080847596e-07
4.899699729835609057e-06 1.454975390078109701e-06
-8.512680436023908786e-06 -1.972026842243947702e-06
9.537606832486733262e-06 1.362428593410074414e-06
-5.448261270154080698e-06 -5.282547021768846914e-08
5.683138838579948127e-07 -2.036811959888607016e-07
2.328725696472661510e-07 -9.577259170467634706e-08
4.291179762317359295e-08 -2.386857685802100013e-08
5.513623625842552264e-09 -5.916791863116645125e-09
4.675845407758201536e-10 -4.502169168988445140e-16
5.513623440869103628e-09 5.916791386162204543e-09
4.291179773956423804e-08 2.386857693849068853e-08
2.328725697665885558e-07 9.577259181178527790e-08
5.683138839103392253e-07 2.036811959169820945e-07
-5.448261270186521213e-06 5.282547044613904527e-08
9.537606832522527181e-06 -1.362428593310865892e-06
-8.512680436061728807e-06 1.972026842280679286e-06
4.899699729895965237e-06 -1.454975390109750405e-06
-2.034562495082749163e-06 7.057714564311145581e-07
6.516264826496226703e-07 -2.514268717042273223e-07
-1.683126701164667131e-07 7.010721907665658169e-08
3.619753233499777258e-08 -1.595534005210650440e-08
-6.638725329707606923e-09 3.053360644827376267e-09
1.057843823431791206e-09 -5.024260695316098667e-10
-1.486458113040103467e-10 7.233155224484657430e-11
1.864478992807047961e-11 -9.237995682600811535e-12
-2.108742655349556830e-12 1.058545063664686605e-12
2.169708491200953267e-13 -1.099456100942639014e-13
-2.038346895777570340e-14 1.035758356270267131e-14
1.799624595343928568e-15 -9.458257834507215533e-16
1.179266479578154041e-15 -2.475584162466964405e-15
-1.271441374001466095e-14 2.730477624280251298e-14
1.279480449925803327e-13 -2.792394684917337816e-13
-1.182858040576310899e-12 2.619357371973071850e-12
9.880489866405011791e-12 -2.230871321661121689e-11
-7.385422871847669183e-11 1.710272503786270154e-10
4.881270460084751499e-10 -1.168077031839255910e-09
-2.811028415232017164e-09 7.018931884653155620e-09
1.384544243453840334e-08 -3.654288778960039982e-08
-5.692794161676916773e-08 1.616962488913453903e-07
1.890316523054694124e-07 -5.931294835842442530e-07
-4.829908110617280450e-07 1.744424508800816865e-06
8.778671684866139787e-07 -3.924252958528180617e-06
-9.704327329398385347e-07 6.286286920350101847e-06
3.770551694220267690e-07 -6.341700247129026343e-06
2.690572188571611007e-07 3.071826004401853032e-06
-1.089423316248324684e-07 -1.242946900007707762e-07
-6.670729365965150518e-08 -1.025334035065656736e-07
-1.802477667269357111e-08 -1.978965541209650054e-08
-3.717273906911247386e-09 -1.927732462537048675e-09
-8.412090294097007068e-10 7.257916587814663829e-17
-3.717274315864607037e-09 1.927732478756282463e-09
-1.802477676304143053e-08 1.978965565498043208e-08
-6.670729357838889799e-08 1.025334036542637218e-07
-1.089423316551364485e-07 1.242946898869452976e-07
2.690572186784160788e-07 -3.071826004421168772e-06
3.770551694024740193e-07 6.341700246937305518e-06
-9.704327330795803362e-07 -6.286286920482345713e-06
8.778671684595198299e-07 3.924252958603380202e-06
-4.829908111861849253e-07 -1.744424508833256109e-06
1.890316522205495419e-07 5.931294833922335305e-07
-5.692794155256972824e-08 -1.616962489476642669e-07
1.384544241323338397e-08 3.654288769801225586e-08
-2.811028395492836635e-09 -7.018931896119278499e-09
4.881270495044697399e-10 1.168077173617177656e-09
-7.385427032774868673e-11 -1.710272534145843839e-10
9.880508425735107667e-12 2.230869817912520203e-11
-1.182842358977736702e-12 -2.619457320895728819e-12
1.279838636559547492e-13 2.793466628796521299e-13
-1.261487852043737590e-14 -2.712769689272413548e-14
1.160121638402506284e-15 2.405003481467187800e-15
-2.724696141205982335e-15 -1.115521291729031046e-15
2.966141442671585462e-14 1.199094914720806573e-14
-2.990072571096481954e-13 -1.197507252871742069e-13
2.757228033889714109e-12 1.083267966244633832e-12
-2.304537033905042462e-11 -8.830587037967722315e-12
1.729927520004675387e-10 6.418954197055360520e-11
-1.153798372495212718e-09 -4.107688452591042384e-10
6.748985942525897315e-09 2.277471086182423841e-09
-3.407184663057374989e-08 -1.071849142869468193e-08
1.454920148665139254e-07 4.166358471351627681e-08
-5.119290688514254611e-07 -1.286755760650625106e-07
1.432880039774428234e-06 2.973115384633720479e-07
-3.034729069876956743e-06 -4.600513243806368918e-07
4.503630939833504203e-06 3.522800389778936158e-07
-4.091261923141172602e-06 9.749786269490445974e-08
1.655652216465126091e-06 -3.146373090650440268e-07
3.507883863473263644e-08 3.656864440350168770e-08
-3.702433578640940173e-08 3.820041921678729889e-08
-7.091443518012052585e-09 1.074818103904294591e-08
-3.500571281363849453e-10 1.875791338630746390e-09
1.358965078111053885e-10 1.958527156393266474e-16
-3.500568381769282731e-10 -1.875791193395639197e-09
-7.091443482585033569e-09 -1.074818113227460013e-08
-3.702433599117139124e-08 -3.820041917131964893e-08
3.507883871271751068e-08 -3.656864437921898687e-08
1.655652216551062454e-06 3.146373088147089979e-07
-4.091261923095791118e-06 -9.749786270430004036e-08
4.503630939959925564e-06 -3.522800389281211657e-07
-3.034729069819581696e-06 4.600513243565186874e-07
1.432880039796568193e-06 -2.973115382287891848e-07
-5.119290690055565525e-07 1.286755762319361274e-07
1.454920148279414744e-07 -4.166358475746001524e-08
-3.407184660258692766e-08 1.071849135966333969e-08
6.748985922037702259e-09 -2.277470987177398837e-09
-1.153798414403203207e-09 4.107688339098655983e-10
1.729926468700938938e-10 -6.418953960448707285e-11
-2.304541678146770453e-11 8.830521742060144544e-12
2.757275595209551125e-12 -1.083177098907228149e-12
-2.990501951023548105e-13 1.198035133620488578e-13
2.959610135150052507e-14 -1.194634387971016547e-14
-2.729593951976888510e-15 1.127588248646191394e-15
-1.460844201966980020e-15 3.901690404425064394e-15
1.497523148671317150e-14 -4.074504516568724436e-14
-1.420290496353291002e-13 3.952876607352907290e-13
1.225400491019807883e-12 -3.502335175189477109e-12
-9.493974088496897760e-12 2.807004296468227200e-11
6.534482596019666152e-11 -2.016694982007113635e-10
-3.940685021735659028e-10 1.284574314147480706e-09
2.046216526777862311e-09 -7.158325290804419021e-09
-8.941083259665797058e-09 3.432838611621736600e-08
3.184638086922183040e-08 -1.387584760769139635e-07
-8.811772432359488206e-08 4.601237861015067237e-07
1.740644448248427606e-07 -1.206596834233828919e-06
-2.001258417923151024e-07 2.373952056153118774e-06
1.772651499713785062e-08 -3.228051483312386105e-06
2.759130430880635415e-07 2.615015864630047992e-06
-2.572356880205334231e-07 -8.666673873265350808e-07
-2.722278338189637764e-09 -6.606040553718998656e-08
1.785009683908224787e-08 7.707056850709828382e-09
5.327751823654355498e-09 1.542324001004672622e-09
7.726634360383435859e-10 -1.307857501677365479e-10
7.684494015683682871e-11 -1.287396659637290911e-16
7.726638007551744048e-10 1.307859353206233552e-10
5.327751520016624345e-09 -1.542324263710322007e-09
1.785009679195926722e-08 -7.707056774624394100e-09
-2.722278419438036472e-09 6.606040536200119287e-08
-2.572356880976039981e-07 8.666673873837267454e-07
2.759130429722651379e-07 -2.615015864559278813e-06
1.772651505567702883e-08 3.228051483503388647e-06
-2.001258418197889336e-07 -2.373952056217596192e-06
1.740644447769645674e-07 1.206596834217103618e-06
-8.811772433268246033e-08 -4.601237860036484250e-07
3.184638089623807860e-08 1.387584761250430638e-07
-8.941083280416620304e-09 -3.432838602469820229e-08
2.046216584853961655e-09 7.158325249325049331e-09
-3.940685492102282355e-10 -1.284574335901492469e-09
6.534486861908949649e-11 2.016695010048990833e-10
-9.493960415424681944e-12 -2.807003835054858965e-11
1.225390512991965048e-12 3.502385422556965447e-12
-1.420871753680425766e-13 -3.953649458769035687e-13
1.494864506815137206e-14 4.060390891979537119e-14
-1.439329759983321808e-15 -3.860532029748098636e-15
3.752263268409901908e-15 1.181536066946074282e-15
-3.889985990078324442e-14 -1.207057544254604210e-14
3.738664889728707540e-13 1.129942855990194947e-13
-3.276007889701359734e-12 -9.562575426243144234e-13
2.592917323201860297e-11 7.245523420664842503e-12
-1.836054119743581644e-10 -4.854586948498421612e-11
1.149913308671924172e-09 2.832203436974742752e-10
-6.281933992725985526e-09 -1.410065315979819411e-09
2.942386229220391876e-08 5.827358519941066328e-09
-1.156139729600256699e-07 -1.917965804235725286e-08
3.703670711962049813e-07 4.680055926396575941e-08
-9.303998059433982451e-07 -7.165167246315344655e-08
1.732596208823111836e-06 2.406929430204340231e-08
-2.188037156643388178e-06 1.536693293049533546e-07
1.587358966552883659e-06 -3.049083077903250393e-07
-4.161475776372351444e-07 1.766137685156418958e-07
-5.948033517585628691e-08 1.900008033927115945e-08
-1.994847014487576947e-09 -6.318086216078415878e-09
-3.710211830519531397e-10 -2.085234786089279366e-09
-2.127561137545322046e-10 -2.291016781885131579e-10
-6.101083184531973930e-11 1.237553202650854836e-16
-2.127560492189370379e-10 2.291018191356714878e-10
-3.710211852422630884e-10 2.085234641079651268e-09
-1.994847130204873021e-09 6.318086077767358006e-09
-5.948033529166462331e-08 -1.900008022666482928e-08
-4.161475774892219602e-07 -1.766137684592066316e-07
1.587358966443326300e-06 3.049083077577289880e-07
-2.188037156562043793e-06 -1.536693293343028874e-07
1.732596208859143135e-06 -2.406929434862548624e-08
-9.303998059323203247e-07 7.165167214755672604e-08
3.703670714028118284e-07 -4.680055932747517807e-08
-1.156139729884329182e-07 1.917965814274172810e-08
2.942386226507081641e-08 -5.827358543950134154e-09
-6.281933972244730516e-09 1.410065223750579046e-09
1.149913387766880164e-09 -2.832203385592747065e-10
-1.836053515043923887e-10 4.854587953031536090e-11
2.592925476943984534e-11 -7.245429883515694437e-12
-3.276069653384728145e-12 9.562542073883464249e-13
3.739016611750084255e-13 -1.130380773222322644e-13
-3.884422194798973035e-14 1.200599999066240004e-14
3.722867314159652684e-15 -1.188520689127139517e-15
1.725652810534698238e-15 -5.931832251460180333e-15
-1.649504986376937986e-14 5.904426790028714385e-14
1.456124498651768032e-13 -5.429820746057115786e-13
-1.163926093088072177e-12 4.543461381275934918e-12
8.287389088409007041e-12 -3.426027681467630177e-11
-5.185011128434161017e-11 2.305692245219326938e-10
2.800380068393924826e-10 -1.368743980112430717e-09
-1.274381622613395748e-09 7.065890184272996942e-09
4.714086813793655698e-09 -3.116509583918931164e-08
-1.333011307955415716e-08 1.148380213578898787e-07
2.507525127700500787e-08 -3.432696730696666146e-07
-1.560304651418352113e-08 7.994625799838608743e-07
-6.688506529301821415e-08 -1.367804579946167612e-06
2.197204079234909905e-07 1.563996837936479034e-06
-2.744677174204390165e-07 -9.963478909205471160e-07
1.126105318237412032e-07 2.017350923381091778e-07
1.990702940124575745e-08 3.812599477737723070e-08
-5.830063265840690740e-10 4.097040799586092879e-09
-4.839519025115323611e-10 7.465593614174934011e-10
-1.080567741821339120e-11 1.426390660524593309e-10
2.782380466406889920e-11 2.678564140098718673e-16
-1.080602867573662553e-11 -1.426393228503691420e-10
-4.839517702115885556e-10 -7.465591421737071409e-10
-5.830061411726820698e-10 -4.097040800476777801e-09
1.990702938797053763e-08 -3.812599456262058328e-08
1.126105319071324307e-07 -2.017350923979787635e-07
-2.744677174320147805e-07 9.963478911393734192e-07
2.197204079206204223e-07 -1.563996837997986755e-06
-6.688506526527987036e-08 1.367804580091799469e-06
-1.560304648245187029e-08 -7.994625799691016428e-07
2.507525123475560664e-08 3.432696729816868376e-07
-1.333011318047229458e-08 -1.148380213887966948e-07
4.714086773962322610e-09 3.116509569377163493e-08
-1.274381617333099268e-09 -7.065890124588954440e-09
2.800380360247695876e-10 1.368743998160900810e-09
-5.185014130098391334e-11 -2.305692650854849746e-10
8.287385016239388139e-12 3.426027270711481847e-11
-1.163932228360780445e-12 -4.543493632009268535e-12
1.456046001592426787e-13 5.431038920350815246e-13
-1.639842621950994777e-14 -5.890589728536735148e-14
1.671161194556442746e-15 5.928258712714514601e-15
-4.461772200245158564e-15 -1.006002564858895177e-15
4.444792979255352191e-14 9.735199619850278316e-15
-4.082432255582516736e-13 -8.524537308763739434e-14
3.406746626625499437e-12 6.678124858320457104e-13
-2.560008276388753700e-11 -4.631554252094307432e-12
1.714794509964119863e-10 2.796299375408089305e-11
-1.011561828724919133e-09 -1.435628335218266764e-10
5.178079136874637710e-09 6.045887553530850575e-10
-2.258147751904675063e-08 -1.956021976621768905e-09
8.194707781577870262e-08 4.111399806508266600e-09
-2.398923019922117425e-07 -1.311631115867273077e-09
5.426635525001011006e-07 -2.741038561009719432e-08
-8.901928569722297005e-07 1.094195228027910363e-07
9.539388898007735373e-07 -2.117605625002069016e-07
-5.407983443587315823e-07 2.029358191287275046e-07
7.300883520961217213e-08 -5.814110369173573041e-08
2.367909453196614843e-08 -1.733521013279796459e-08
3.383898614023370600e-09 -1.455288189871904101e-09
5.331489199044400750e-10 -9.616514322129959397e-11
7.586834656077040449e-11 -5.437666523633323433e-11
1.056517892202866890e-11 1.279741613554187881e-16
7.586791054968404559e-11 5.437626677500030197e-11
5.331486619004930467e-10 9.616529411362089560e-11
3.383898405419363713e-09 1.455288223128628251e-09
2.367909463528839201e-08 1.733520995320902003e-08
7.300883512982975502e-08 5.814110364293536976e-08
-5.407983443229008181e-07 -2.029358190425928830e-07
9.539388896561689196e-07 2.117605626426664614e-07
-8.901928570691554689e-07 -1.094195227099728747e-07
5.426635524354888980e-07 2.741038583202401534e-08
-2.398923021552736316e-07 1.311631031334971680e-09
8.194707783648141870e-08 -4.111399883299099002e-09
-2.258147749281961288e-08 1.956021928455166327e-09
5.178079092099003736e-09 -6.045886997868730657e-10
-1.011561875498022645e-09 1.435628059631837911e-10
1.714794442390870702e-10 -2.796296523393965876e-11
-2.560017668671169504e-11 4.631484364840520130e-12
3.406790957198124892e-12 -6.677685966992405674e-13
-4.082464474536611253e-13 8.528045426154438215e-14
4.442134849258958756e-14 -9.716844130148536576e-15
-4.434636898863944430e-15 1.026980104862265434e-15
-1.923957461884689945e-15 9.073170286384585607e-15
1.671219869492637868e-14 -8.595062316480140878e-14
-1.362071012522262639e-13 7.506687371343475461e-13
9.940630259645166630e-13 -5.941456303315777612e-12
-6.357825817046789066e-12 4.221614069439050284e-11
3.489992038159606140e-11 -2.665050088387633186e-10
-1.590909428408983733e-10 1.476150303319021684e-09
5.672246178447834327e-10 -7.065097907929713679e-09
-1.360130352262734207e-09 2.866835885884828658e-08
7.496704769082854111e-10 -9.625377370819889364e-08
1.057051753217248769e-08 2.589319572467134419e-07
-5.431250676592864859e-08 -5.337490588658133047e-07
1.426950444374598493e-07 7.891100265067328467e-07
-2.173221087418534385e-07 -7.498035183289885038e-07
1.685746698714497070e-07 3.651348125936686372e-07
-3.538860670052509307e-08 -3.518319137422136248e-08
-1.144388810901153439e-08 -1.192014238794657815e-08
-1.591387355240342421e-09 -1.900987094400232485e-09
-2.857534260134432575e-10 -3.161804520065743957e-10
-6.229723891789726726e-11 -3.648116822900709344e-11
-1.365210004131062436e-11 5.913964416203358848e-17
-6.229732867512535413e-11 3.648116541975775208e-11
-2.857534045267117488e-10 3.161805350308780246e-10
-1.591387320910762536e-09 1.900987171690208416e-09
-1.144388814750534704e-08 1.192014214036804261e-08
-3.538860657449615934e-08 3.518319142894087539e-08
1.685746700003632776e-07 -3.651348127127567580e-07
-2.173221088127346113e-07 7.498035184567827997e-07
1.426950444636882775e-07 -7.891100265119448521e-07
-5.431250676892128217e-08 5.337490588577447865e-07
1.057051765831405695e-08 -2.589319572913495371e-07
7.496704718157064041e-10 9.625377381125966873e-08
-1.360130369352030890e-09 -2.866835883340828729e-08
5.672246158882378270e-10 7.065097905339502643e-09
-1.590909735352292343e-10 -1.476150363661711092e-09
3.489990238450425002e-11 2.665050588903727873e-10
-6.357825796086713313e-12 -4.221620199369488256e-11
9.940697717472799547e-13 5.941448050418092117e-12
-1.362890512425642203e-13 -7.507572250871742922e-13
1.663498029677366019e-14 8.586963708320394920e-14
-1.838672626116922397e-15 -9.091424187992705323e-15
3.947869117501009501e-15 5.404520550150614854e-16
-3.784362435853865431e-14 -4.923970910194368280e-15
3.332066053652093281e-13 3.924116647063039931e-14
-2.657085750329582108e-12 -2.723924544194545730e-13
1.902541979070374060e-11 1.610771490273307243e-12
-1.210370419591177757e-10 -7.723979038796520207e-12
6.755146917693137733e-10 2.658451971247993737e-11
-3.256251754678422226e-09 -3.407117706918295590e-11
1.329491898069447627e-08 -3.187760668766185617e-10
-4.483346838451713664e-08 2.939393770774080748e-09
1.207357431339146094e-07 -1.408892837320905261e-08
-2.476139845149899219e-07 4.488221905620116361e-08
3.598016147454300324e-07 -9.582315746592745060e-08
-3.268507898538014769e-07 1.266145420952579924e-07
1.394026508303653194e-07 -8.312964804897909540e-08
-7.694009782382541594e-10 8.197966161328499862e-09
-4.961463480761074551e-09 6.907144843383516375e-09
-1.131141180118685702e-09 1.557619809763529562e-09
-1.644073789410051394e-10 2.685309556344859075e-10
-9.175005808166683201e-12 3.376366085465614800e-11
1.303774176092983464e-12 -1.219485297297387023e-16
-9.174896166579830293e-12 -3.376380586955277872e-11
-1.644072608348876344e-10 -2.685311008726522211e-10
-1.131141053896061018e-09 -1.557619674750446375e-09
-4.961463362680133865e-09 -6.907144778993936190e-09
-7.694008800335394252e-10 -8.197965997042378433e-09
1.394026508658919193e-07 8.312964797755280390e-08
-3.268507897696512418e-07 -1.266145421593769836e-07
3.598016147626960050e-07 9.582315731915461382e-08
-2.476139844316383329e-07 -4.488221913707195850e-08
1.207357432475699667e-07 1.408892842105367885e-08
-4.483346842650780238e-08 -2.939393709195219753e-09
1.329491900365759241e-08 3.187760764168001740e-10
-3.256251786314176364e-09 3.407114139203802932e-11
6.755146935196553499e-10 -2.658442702453122684e-11
-1.210370166437041584e-10 7.723987952982349733e-12
1.902551809368246503e-11 -1.610733145607449556e-12
-2.657107755821690778e-12 2.724078570593813578e-13
3.332040968434089365e-13 -3.929960174403850668e-14
-3.784408859430393384e-14 4.954245707077224960e-15
3.946457797491379169e-15 -5.409304687134426181e-16
1.875742335642037285e-15 -1.457763389954797903e-14
-1.454166147886279177e-14 1.318741951984964180e-13
1.047296795175707059e-13 -1.099121792598147858e-12
-6.522208007860055357e-13 8.276202055029293048e-12
3.319723500116517271e-12 -5.575733983607199495e-11
-1.232759176089197360e-11 3.324118266356534555e-10
1.863937301996844340e-11 -1.730531401667029963e-09
1.571132049863220737e-10 7.739800172445546063e-09
-1.671208622798187937e-09 -2.913723430511033012e-08
9.187749949328087625e-09 8.992636103286233060e-08
-3.457897147313577832e-08 -2.196506999791034420e-07
9.193569266485740685e-08 4.040484881024377718e-07
-1.664222530270049431e-07 -5.191104393861088503e-07
1.858949387489872935e-07 4.089354288645367701e-07
-1.013586188966318534e-07 -1.468023095802438029e-07
7.548373104688961621e-09 1.037858510158561996e-10
5.412693520871564451e-09 3.122429859592981786e-09
9.368051782481384050e-10 5.063691553103668919e-10
1.101842766101702191e-10 4.046783515523205569e-11
6.842398095997107943e-12 -7.914773721667316917e-13
-9.542974557430148519e-14 9.115387007470720385e-17
6.841990084690935494e-12 7.915793774986130283e-13
1.101842600480418532e-10 -4.046793622038986109e-11
9.368053535293591895e-10 -5.063692465344877897e-10
5.412693646073153783e-09 -3.122429747836839426e-09
7.548372881674805065e-09 -1.037858669749298195e-10
-1.013586189357075744e-07 1.468023097109162109e-07
1.858949387644150722e-07 -4.089354287873261171e-07
-1.664222529084480444e-07 5.191104395479510120e-07
9.193569264090683558e-08 -4.040484882414375196e-07
-3.457897149838568489e-08 2.196507000874051276e-07
9.187749948823231173e-09 -8.992636108109135429e-08
-1.671208623995168948e-09 2.913723430125906983e-08
1.571132305203357197e-10 -7.739800173333605515e-09
1.863929365718032265e-11 1.730531475998144239e-09
-1.232754708634407714e-11 -3.324119185964273891e-10
3.319677203169308031e-12 5.575739928480596310e-11
-6.521720232942443174e-13 -8.276143661669312763e-12
1.048447251424797773e-13 1.099161365509719997e-12
-1.444735680966563531e-14 -1.318143959912475688e-13
1.767825913517524584e-15 1.458818253615501293e-14
