5.503621202092727520e-17 -1.695001565092018353e-16
-1.821764917441781174e-16 -8.490464984823663167e-16
4.587728713578030036e-16 3.118085217010915726e-16
-3.521338247378051337e-16 -4.224534418201785187e-16
-1.967938262406928714e-15 2.684643320586355153e-16
2.089617077244275627e-14 5.996085305012700692e-15
-3.103973523688694330e-13 -1.124673129043268835e-13
4.485064552100838097e-12 1.824943367408453827e-12
-6.031149296950669640e-11 -2.762480372879753178e-11
7.505071702635700738e-10 3.874037018975189969e-10
-8.584362318961465139e-09 -5.007216490296064775e-09
8.950825451840183702e-08 5.929357134009017404e-08
-8.421807785397359630e-07 -6.387375950767665151e-07
7.055988747723326984e-06 6.204096286581028075e-06
-5.170018001772785281e-05 -5.375677913577251972e-05
3.229136055925120943e-04 4.103695794639578291e-04
-1.647251374901315037e-03 -2.721119310068048202e-03
6.237873823169160989e-03 1.539395076034491723e-02
-1.115598842831806888e-02 -7.263524683027497431e-02
-7.153404415269125349e-02 2.841985081431084303e-01
8.182216831732688211e-01 0.000000000000000000e+00
-7.153404415265757210e-02 -2.841985081431527282e-01
-1.115598842834954370e-02 7.263524683027701434e-02
6.237873823170892243e-03 -1.539395076034727472e-02
-1.647251374898137024e-03 2.721119310069395648e-03
3.229136055920596568e-04 -4.103695794651538126e-04
-5.170018001727014331e-05 5.375677913494904785e-05
7.055988746079010722e-06 -6.204096285756898899e-06
-8.421807795707616188e-07 6.387375941309144690e-07
8.950825500855277796e-08 -5.929357020630968746e-08
-8.584361642264899703e-09 5.007216497272260389e-09
7.505080476631252534e-10 -3.874046610856126735e-10
-6.031361506864196348e-11 2.762484415503343646e-11
4.485550481897797612e-12 -1.824856033524746576e-12
-3.107400149092077646e-13 1.124960059933881338e-13
2.038118644368342982e-14 -6.731343811282711049e-15
-1.542000832673838574e-15 5.749034712362585359e-16
3.633734606367593464e-16 3.010609407976737471e-16
3.424401268240018936e-16 -5.023462169305418808e-16
6.812267687101265501e-16 6.964003150043860453e-16
3.331218735037133215e-16 -3.131275821028274308e-16
1.857349611403118560e-16 1.134123573724864500e-16
-9.179203108275300805e-17 -2.434001242241965158e-16
2.013903659464600797e-17 -1.594131583938597308e-16
7.717239817160658446e-17 -3.836354034373013399e-17
-7.698890236853080328e-16 5.263951184620133948e-15
2.009143015258164112e-14 -8.169350524486710470e-14
-3.484156351225721505e-13 1.218661945264097859e-12
5.503143763668247683e-12 -1.696487811951807338e-11
-8.031201471451870793e-11 2.188494717643327583e-10
1.077722831897366488e-09 -2.600927391949158663e-09
-1.322241101274405525e-08 2.826438886784558449e-08
1.472618708946706794e-07 -2.783384646006696853e-07
-1.475709848317576000e-06 2.456602167264002634e-06
1.315928066939269932e-05 -1.916434502358643055e-05
-1.029595378363109165e-04 1.297847780361444114e-04
6.939606314264908224e-04 -7.446156890264175312e-04
-3.930961214931885835e-03 3.494780493701952432e-03
1.807163822935021341e-02 -1.270162126895251452e-02
-6.396741180988121944e-02 3.234935464354097429e-02
1.596837945270683512e-01 -4.503305952035260851e-02
-2.363964246049661821e-01 -7.538847898327578006e-15
1.596837945270829784e-01 4.503305952039075161e-02
-6.396741180987844388e-02 -3.234935464356925722e-02
1.807163822934873543e-02 1.270162126896028608e-02
-3.930961214931599605e-03 -3.494780493704039738e-03
6.939606314267633908e-04 7.446156890270102646e-04
-1.029595378357774755e-04 -1.297847780362204140e-04
1.315928066849982156e-05 1.916434502417246554e-05
-1.475709848217507951e-06 -2.456602167335547695e-06
1.472618704770158591e-07 2.783384650735721502e-07
-1.322241087874019548e-08 -2.826438908621936369e-08
1.077722875585223628e-09 2.600927767336886460e-09
-8.031226383784673118e-11 -2.188494811993539429e-10
5.503388280877028439e-12 1.696416323499839755e-11
-3.484135245779812685e-13 -1.218979620477215222e-12
2.063444503299998987e-14 8.181802810252261026e-14
-9.011317538528159803e-16 -5.258664580712630223e-15
2.231137529984796337e-16 3.712787309985638708e-16
1.881889623714333691e-16 9.685156632915018636e-17
-1.900128397158836213e-16 3.886173598200774327e-18
3.248713834666426309e-16 5.700758343537735248e-17
1.434790084371372200e-16 -8.766321212904838195e-17
-5.426631411014007457e-16 5.400858825909291545e-16
-9.315526413254286991e-17 -3.710031885686213353e-16
-9.613437401534208981e-16 2.866861047437201362e-16
1.662506151612632074e-14 1.855280739901978421e-15
-2.448834783291674522e-13 -4.373263645398110690e-14
3.503387182231898392e-12 7.424288729793879533e-13
-4.663933125685842594e-11 -1.141979642809809252e-11
5.738134843957793259e-10 1.610888789346347812e-10
-6.479755172357531084e-09 -2.073150727114586987e-09
6.661589391282357260e-08 2.419352610741073189e-08
-6.173697893951862963e-07 -2.539732235379580186e-07
5.095415020770843409e-06 2.373491076511165794e-06
-3.688137842866043233e-05 -1.948172710174275908e-05
2.294906784800140604e-04 1.379573204323352820e-04
-1.195112012980291448e-03 -8.224793262482498618e-04
5.015471421850668625e-03 3.985034473121414587e-03
-1.602950782197556934e-02 -1.484029739156162570e-02
3.568133806494786647e-02 3.840982602842014926e-02
-4.881786190030932421e-02 -5.439973633748901999e-02
3.815054301697409778e-02 1.211372788894227529e-15
-4.881786190032665756e-02 5.439973633748587667e-02
3.568133806496791988e-02 -3.840982602840953969e-02
-1.602950782198308069e-02 1.484029739155812849e-02
5.015471421852347837e-03 -3.985034473121417190e-03
-1.195112012980813817e-03 8.224793262485819529e-04
2.294906784797122185e-04 -1.379573204319834042e-04
-3.688137842808043837e-05 1.948172710038430458e-05
5.095415020918488875e-06 -2.373491076535633188e-06
-6.173697894814423083e-07 2.539732226069235964e-07
6.661589338861388684e-08 -2.419352685354574974e-08
-6.479755256773477326e-09 2.073150108458168731e-09
5.738140972269796398e-10 -1.610887642479920760e-10
-4.663983118493808096e-11 1.141959979861962238e-11
3.503524336347388520e-12 -7.419248397741537628e-13
-2.450738445828776093e-13 4.422825401882044473e-14
1.620892751159344552e-14 -2.371701061153360071e-15
-1.170818279772610524e-15 -5.404007535474632808e-17
2.533813386704964278e-17 3.284623290185003870e-16
-5.331512919555358549e-16 -1.349631255552488027e-16
-2.684875238645338791e-16 2.199494055974746098e-16
-1.770531067678436445e-16 -1.421298668990069636e-16
1.091971850800566674e-16 4.269413821603427623e-16
-7.435051325127531591e-17 1.786148314267412785e-16
2.920278519936682858e-17 2.471401933541576374e-15
3.149131263969510728e-15 -4.041246916129359805e-14
-6.840622272423790651e-14 5.957692607351685348e-13
1.164459118578716224e-12 -8.211232632589777778e-12
-1.783201481358848812e-11 1.048735151177396238e-10
2.468905506609273721e-10 -1.233262766121712075e-09
-3.082416423894729009e-09 1.325471022506448958e-08
3.451583697998128337e-08 -1.290473080969864467e-07
-3.437988211344311758e-07 1.125893129803110107e-06
3.011355200843329923e-06 -8.685327174011997571e-06
-2.283446783550445214e-05 5.823645090638340110e-05
1.466919525267263401e-04 -3.318724758856182212e-04
-7.740710477734065236e-04 1.558716825421154525e-03
3.200702004973181303e-03 -5.771504985860757830e-03
-9.573320865061098889e-03 1.571748044161851154e-02
1.754004026390539039e-02 -2.783816775969845739e-02
-1.091010225826180569e-02 2.417590391431697142e-02
-9.722962827552503878e-03 -1.416730374561792875e-15
-1.091010225825824777e-02 -2.417590391432212701e-02
1.754004026389769516e-02 2.783816775971049637e-02
-9.573320865056734325e-03 -1.571748044162380245e-02
3.200702004971679032e-03 5.771504985862509901e-03
-7.740710477731592171e-04 -1.558716825420914916e-03
1.466919525262988121e-04 3.318724758850840348e-04
-2.283446783452520074e-05 -5.823645090665590854e-05
3.011355200777849618e-06 8.685327174105955547e-06
-3.437988208373877326e-07 -1.125893130273215299e-06
3.451583670724984307e-08 1.290473081001809785e-07
-3.082416114524758634e-09 -1.325471030311656728e-08
2.468913630964330825e-10 1.233263227014435152e-09
-1.783234513680679202e-11 -1.048734946307346355e-10
1.164447018697655024e-12 8.211590559098263425e-12
-6.845255371876763726e-14 -5.960198122933535936e-13
3.601029283412068153e-15 4.031049206108045902e-14
-3.141355466987367968e-16 -2.704705508242410946e-15
-1.046554274778904658e-16 -2.993565996501412169e-17
9.802742608010229452e-17 -6.089137826506314146e-17
-3.402148655850220793e-16 -9.716537755715746242e-17
-1.619389215560795069e-16 1.596115538773426215e-16
5.003711522933771864e-16 -5.177996637690444967e-16
-2.836144452257723125e-16 3.063520002355538891e-16
5.906043352146433931e-15 -3.547270003997078288e-16
-9.017328590070506568e-14 -2.130236024334672351e-15
1.278499197885366076e-12 6.459114742582343832e-14
-1.691846351278221500e-11 -1.248830792218838699e-12
2.068900471971350314e-10 2.025203295281954869e-11
-2.321846099452434350e-09 -2.860400740775322649e-10
2.372171766701529289e-08 3.554131338982951433e-09
-2.185122187496114146e-07 -3.886938459682122665e-08
1.793375054034308422e-06 3.720079251887801893e-07
-1.292047329040607659e-05 -3.081219815133900896e-06
8.016541020696904877e-05 2.170961857843049423e-05
-4.175597593360439309e-04 -1.268588207164812504e-04
1.761992233862680942e-03 5.916836843495878150e-04
-5.711827614732161926e-03 -2.070131606584260913e-03
1.303260324502459461e-02 4.841352143358864865e-03
-1.762306255655468959e-02 -5.690652894542153062e-03
8.278254729234501424e-03 -3.457876423776444871e-05
4.066430733953442511e-03 -1.527168920417958989e-16
8.278254729236121656e-03 3.457876423939357767e-05
-1.762306255656002907e-02 5.690652894535602746e-03
1.303260324502832426e-02 -4.841352143354053610e-03
-5.711827614733228781e-03 2.070131606583285998e-03
1.761992233862969557e-03 -5.916836843498274236e-04
-4.175597593355062751e-04 1.268588207163590066e-04
8.016541020652314352e-05 -2.170961857810685649e-05
-1.292047329041059974e-05 3.081219815093506742e-06
1.793375054003659170e-06 -3.720079245032845778e-07
-2.185122183722136880e-07 3.886938447828312805e-08
2.372171729527279827e-08 -3.554131149777023916e-09
-2.321846409345988960e-09 2.860398117882795516e-10
2.068903684963249385e-10 -2.025194031588618785e-11
-1.691857984329777626e-11 1.248659714659950826e-12
1.278630753067186927e-12 -6.480448851105472626e-14
-8.998682303513794829e-14 2.690287892141163902e-15
6.084458017462147526e-15 6.233403724505944007e-17
-2.693854724673513170e-16 -2.742450709027722419e-16
5.527383780179210863e-16 -5.468008081416343358e-17
2.250414890264292686e-16 -4.484336424494700758e-17
1.424244601536762334e-16 1.118750196990603276e-16
-1.368294076905430703e-16 -2.704827697835359300e-16
1.714335692887887988e-16 5.985361406085750915e-16
-8.640242995138840910e-16 -1.206317820726391961e-14
5.929633208041306778e-15 1.788296703254507160e-13
-2.945092673357339366e-14 -2.455369417178973319e-12
-2.424697650340408869e-13 3.126741349285826027e-11
1.030500778324852456e-11 -3.667385379704240419e-10
-1.930488439438034687e-10 3.933237936450199359e-09
2.702418490029378514e-09 -3.823963742552663871e-08
-3.094336552398777148e-08 3.335003845594139948e-07
2.968129566853453143e-07 -2.575628311979395242e-06
-2.385809698383278508e-06 1.732924406067524724e-05
1.584908162053548178e-05 -9.943699349522097479e-05
-8.462716508162182211e-05 4.728055312160359190e-04
3.461824586791531445e-04 -1.787872531052533574e-03
-9.941422821828191543e-04 5.046963270155871428e-03
1.647482559406887159e-03 -9.528295301536792924e-03
-6.279259865513964461e-04 9.465401881378697480e-03
-1.198685971776314481e-03 -1.756682004814776044e-03
-1.299757127229590921e-03 -4.202547288024448158e-16
-1.198685971776238804e-03 1.756682004814391369e-03
-6.279259865482731849e-04 -9.465401881381662122e-03
1.647482559403405785e-03 9.528295301539368989e-03
-9.941422821811887311e-04 -5.046963270156417866e-03
3.461824586782729892e-04 1.787872531052851462e-03
-8.462716508110941461e-05 -4.728055312156558519e-04
1.584908161956606273e-05 9.943699349516824191e-05
-2.385809698568043922e-06 -1.732924406064889435e-05
2.968129565952935888e-07 2.575628311988555903e-06
-3.094336574401532626e-08 -3.335003849573913134e-07
2.702418367041085446e-09 3.823963734806098906e-08
-1.930494740987490429e-10 -3.933238531981360427e-09
1.030505886795677466e-11 3.667384841972772468e-10
-2.424222342773590314e-13 -3.126752569871615318e-11
-2.963948347226310975e-14 2.455405788210255247e-12
5.554314564660327626e-15 -1.786166399134162420e-13
-4.035715278241382024e-16 1.216634015957626768e-14
1.605880165330266276e-16 -4.789363202998448668e-16
-4.330596425462554588e-17 1.114302072559463106e-16
2.611939116224081146e-16 -9.150702570294636926e-18
1.368065691190787557e-16 -1.831158137441396460e-16
-3.773038797702722945e-16 4.699525116890146185e-16
1.379898519028770693e-15 -3.927713385205622472e-16
-2.325089658477926787e-14 2.899806943873804262e-15
3.300674404556129722e-13 -3.025139876344726959e-14
-4.363554040824161232e-12 3.235236035130548699e-13
5.338646328280850478e-11 -3.063349557046229007e-12
-5.998998525684321154e-10 2.426050339943658521e-11
6.143194978882636586e-09 -1.435143404738294518e-10
-5.679836900230116215e-08 3.571228094004622937e-10
4.687976400823995019e-07 4.944013148888195164e-09
-3.405900545519049128e-06 -9.111978938399612677e-08
2.139379222718888656e-05 8.918761102659024229e-07
-1.134760579254881323e-04 -6.154864544915526848e-06
4.920541946226370325e-04 3.070707384176748784e-05
-1.663949597205610772e-03 -1.037357278328307432e-04
4.071895705763302689e-03 1.867249144997072533e-04
-6.287872442166435316e-03 5.005765647612144106e-05
4.375331610847098263e-03 -7.897734217868462425e-04
1.508457978014541418e-04 5.148764016315552109e-04
5.018835538922265240e-04 -5.105239716564994680e-16
1.508457978014284462e-04 -5.148764016312033873e-04
4.375331610847985574e-03 7.897734217891647004e-04
-6.287872442166781393e-03 -5.005765647965033618e-05
4.071895705763526468e-03 -1.867249144983978623e-04
-1.663949597205912831e-03 1.037357278325727844e-04
4.920541946227089151e-04 -3.070707384188240649e-05
-1.134760579251356310e-04 6.154864544523442920e-06
2.139379222730937192e-05 -8.918761103518373036e-07
-3.405900545447508301e-06 9.111978885447885316e-08
4.687976398710437117e-07 -4.944012808220476502e-09
-5.679836892603738607e-08 -3.571228132851549988e-10
6.143195226062370158e-09 1.435146471375445273e-10
-5.999004086153157152e-10 -2.426070588044805382e-11
5.338645671048767678e-11 3.063328584603048732e-12
-4.363688998095575156e-12 -3.234380542085176140e-13
3.297938437947956357e-13 2.979828921678712595e-14
-2.327585711985975714e-14 -2.611058919662493818e-15
1.493887527101045780e-15 2.814609562894333004e-16
-4.592846844203110710e-16 -2.199042870624537453e-17
-1.577542547420850555e-16 -1.260094113544147836e-17
-1.124144635015715011e-16 -1.211896348908533972e-16
1.432882215010765851e-16 3.512381557101640929e-16
-6.003679371742685919e-16 -2.592335509018108632e-15
6.930775611110350305e-15 4.088910579125119166e-14
-8.467329656406486157e-14 -5.632129838315589846e-13
9.771771901699314896e-13 7.192656177461005284e-12
-1.032910539692061213e-11 -8.469530790779158711e-11
9.881333857767107432e-11 9.130830584518371829e-10
-8.473271114682718070e-10 -8.938122234219765065e-09
6.445279225057843147e-09 7.865882492638519068e-08
-4.304119717051141953e-08 -6.147920747341865270e-07
2.504127092034214311e-07 4.203203592202325841e-06
-1.270572020950483513e-06 -2.464991307523705592e-05
5.727800871724629818e-06 1.208218236099335095e-04
-2.375973371042119244e-05 -4.773693786131858905e-04
9.159421012404566308e-05 1.440825709537055157e-03
-3.023047046372871966e-04 -3.042661750654871919e-03
7.037539807069061962e-04 3.793382958662393917e-03
-7.948185032593488861e-04 -1.725431840569747631e-03
-7.487061893225066402e-06 -3.100747359630163049e-04
-1.803545081388665703e-04 -4.772822031962175093e-16
-7.487061893563711869e-06 3.100747359631516676e-04
-7.948185032600339935e-04 1.725431840569950160e-03
7.037539807089026461e-04 -3.793382958662827598e-03
-3.023047046381930475e-04 3.042661750654861944e-03
9.159421012441856086e-05 -1.440825709537186779e-03
-2.375973371047774714e-05 4.773693786129368493e-04
5.727800872118862669e-06 -1.208218236101166041e-04
-1.270572021053336818e-06 2.464991307551488611e-05
2.504127094432723627e-07 -4.203203592202195398e-06
-4.304119657801544635e-08 6.147920748352285579e-07
6.445279344293724838e-09 -7.865882486735153382e-08
-8.473266138248529645e-10 8.938122702918632115e-09
9.881364075171912267e-11 -9.130830269984005798e-10
-1.032899333623754215e-11 8.469538847202011111e-11
9.771525641415330558e-13 -7.192763998727571677e-12
-8.433402680349479228e-14 5.631849459851398144e-13
6.627987905366770849e-15 -4.101512280384651660e-14
-5.408011450633294800e-16 2.597765459795487450e-15
5.226922483915879650e-18 -2.606710966037253811e-16
-1.535002370930074168e-16 -5.358167273642571864e-17
-1.380622871041543570e-16 1.692887881944558076e-16
4.818494133290931443e-16 -4.852374977466437016e-16
-4.642557511815679240e-15 1.326459017888659188e-15
6.874536471226084424e-14 -1.556215837540063004e-14
-9.126184421048905488e-13 1.913006624152448666e-13
1.122800239196170598e-11 -2.221223737363951647e-12
-1.270831069663602245e-10 2.372123548543206566e-11
1.313127344348090124e-09 -2.311276582927212918e-10
-1.227830114765997392e-08 2.039569969892875448e-09
1.027945298932392831e-07 -1.616938238347313339e-08
-7.605542441586764891e-07 1.141387747381899163e-07
4.891953053595293674e-06 -7.102653220472646414e-07
-2.677859747669650533e-05 3.851394704509836268e-06
1.212385931926302635e-04 -1.792934421548811756e-05
-4.360548828088018193e-04 7.007133902950592630e-05
1.172220419040693497e-03 -2.210492056279516140e-04
-2.125099222829840168e-03 5.217161328094943899e-04
2.103721595051715170e-03 -7.840611467033020265e-04
-5.484406039515480344e-04 4.738292788016746108e-04
-1.293439676131911758e-04 1.089916303790618846e-04
1.711106029081427830e-05 1.593488260989742365e-16
-1.293439676131955668e-04 -1.089916303789183362e-04
-5.484406039511679131e-04 -4.738292788022883777e-04
2.103721595051216437e-03 7.840611467046952263e-04
-2.125099222829529653e-03 -5.217161328101658363e-04
1.172220419040749008e-03 2.210492056283054705e-04
-4.360548828090472285e-04 -7.007133902951163192e-05
1.212385931924082731e-04 1.792934421571562044e-05
-2.677859747679229121e-05 -3.851394704413199973e-06
4.891953053695783969e-06 7.102653222230526712e-07
-7.605542441507784363e-07 -1.141387751801847842e-07
1.027945300396703951e-07 1.616938230526920519e-08
-1.227830139161744030e-08 -2.039570241907302772e-09
1.313127846177495334e-09 2.311276745484043793e-10
-1.270831218034327750e-10 -2.372129801143624651e-11
1.122804854291562212e-11 2.221147905063278029e-12
-9.123368949912371694e-13 -1.908816041886707439e-13
6.870243922747008317e-14 1.530629434291833223e-14
-4.751631782254364035e-15 -1.078823469213692255e-15
5.871928633853576839e-16 1.925386687613586966e-16
1.446785460959941432e-16 4.445719705966749845e-17
1.273624979889933853e-16 9.561720627294101071e-17
-2.582156382541980412e-16 -6.030306850130594287e-16
2.342051031362846036e-15 7.679178932811378457e-15
-3.044189197497453732e-14 -1.082373057458300958e-13
3.757230387354975667e-13 1.393002373430211913e-12
-4.310650035438573053e-12 -1.655007237054750097e-11
4.544736208253140063e-11 1.803535901397612577e-10
-4.371182508385931166e-10 -1.788604636758346178e-09
3.805835961512336750e-09 1.599276135380600246e-08
-2.972636632669928609e-08 -1.274822030273828793e-07
2.060643365791643489e-07 8.933763996091773442e-07
-1.251131431265454789e-06 -5.407681108549604517e-06
6.542075939033566724e-06 2.762989573100420321e-05
-2.879570263770801747e-05 -1.154982436895487895e-04
1.032114639180649454e-04 3.777456503688195319e-04
-2.858060671427113068e-04 -9.021848677485595248e-04
5.570895428000659406e-04 1.395120108116334806e-03
-6.274810515286661453e-04 -1.071698051140086358e-03
2.067928104109832698e-04 1.122145459960707093e-04
6.902676823968147786e-05 2.307811256899229319e-05
1.313936928265019699e-05 -3.520170631068162977e-16
6.902676823917352914e-05 -2.307811256925059080e-05
2.067928104112692824e-04 -1.122145459956412297e-04
-6.274810515298992085e-04 1.071698051139987912e-03
5.570895428004875869e-04 -1.395120108116511531e-03
-2.858060671431886810e-04 9.021848677487711611e-04
1.032114639181768079e-04 -3.777456503685014812e-04
-2.879570263820900697e-05 1.154982436894334846e-04
6.542075939277953517e-06 -2.762989573088334177e-05
-1.251131431904853279e-06 5.407681108512590025e-06
2.060643359864240332e-07 -8.933763997083974073e-07
-2.972636629490824368e-08 1.274822029436948330e-07
3.805835684826878823e-09 -1.599276161096179395e-08
-4.371185818892212912e-10 1.788604678792535684e-09
4.544724015817218923e-11 -1.803537018285186420e-10
-4.310644245685247733e-12 1.655034810301311299e-11
3.754383963122962491e-13 -1.392957278450045729e-12
-3.006812567117890819e-14 1.083748591311691650e-13
2.194245626001637702e-15 -7.751918057668689133e-15
-1.139061065353492782e-16 6.116627445897693165e-16
2.105101233027715508e-16 2.132660597999133699e-17
1.341592885659262100e-16 -1.633487284297840420e-16
-8.831901236977997302e-16 6.512070896639945744e-16
1.215980522760512789e-14 -4.463444321972449486e-15
-1.647267138034085108e-13 5.593878399897510308e-14
2.046078040836040191e-12 -6.770530354683864205e-13
-2.342884838000314231e-11 7.594958075755241629e-12
2.454753409243388045e-10 -7.817445198037056252e-11
-2.333896363266172169e-09 7.328133948694293358e-10
1.993853345836222862e-08 -6.203767146005684505e-09
-1.512293203576361633e-07 4.695598801304284812e-08
1.003329529943919180e-06 -3.138889152531514616e-07
-5.713239299223892126e-06 1.824831267384463920e-06
2.723531488006435049e-05 -9.043121460545790123e-06
-1.050445852529380102e-04 3.716785632698785355e-05
3.119747802369680976e-04 -1.217633470678633467e-04
-6.599207016705345387e-04 2.986913074433092180e-04
8.633012263012488112e-04 -4.910090086114707363e-04
-4.973301794475195985e-04 4.227277882423799166e-04
-1.027406315497392651e-05 -6.018743621075808495e-05
-9.187990296884919364e-06 -2.464208126314795658e-05
-7.830463498802242028e-06 1.933364341437456998e-16
-9.187990297133945356e-06 2.464208126257642618e-05
-1.027406315494996903e-05 6.018743621075008896e-05
-4.973301794477437031e-04 -4.227277882425922576e-04
8.633012263003695232e-04 4.910090086119083203e-04
-6.599207016705000610e-04 -2.986913074433947073e-04
3.119747802372560075e-04 1.217633470678680088e-04
-1.050445852529119080e-04 -3.716785632748986626e-05
2.723531487986991916e-05 9.043121460710826023e-06
-5.713239299344295318e-06 -1.824831267365379420e-06
1.003329529870949833e-06 3.138889154945141352e-07
-1.512293204771374773e-07 -4.695598803661452434e-08
1.993853377366272582e-08 6.203767147535378031e-09
-2.333896770964951948e-09 -7.328135148503240662e-10
2.454754828397476877e-10 7.817446575195830585e-11
-2.342895118311116801e-11 -7.594836294646695348e-12
2.045984884857982828e-12 6.767652089578613740e-13
-1.646576941276410022e-13 -5.576231051235320620e-14
1.221178090621550335e-14 4.228247050328128040e-15
-1.065591072161590140e-15 -4.842717325592630393e-16
-4.303402641990863568e-17 -2.243146794544117477e-17
-1.755613979044818539e-16 -1.579748196053872723e-16
6.725175388456826941e-16 1.348664172326706731e-15
-7.470109827843900602e-15 -1.810759087002204186e-14
9.493315097440123625e-14 2.376255462019346591e-13
-1.126237973557344806e-12 -2.859484842110885897e-12
1.232428713466648408e-11 3.162772445419730325e-11
-1.234562049921998478e-10 -3.191923913122839479e-10
1.123375342577993191e-09 2.913861907981358913e-09
-9.201552572082751867e-09 -2.381246311939094209e-08
6.710760915039548309e-08 1.720068064540804637e-07
-4.299251933997363598e-07 -1.080973830036655821e-06
2.378382524070336441e-06 5.791686547265112389e-06
-1.110850676014186996e-05 -2.575444082404000550e-05
4.246847395489274839e-05 9.158293098964678922e-05
-1.270253558379989974e-04 -2.465666162228636812e-04
2.766725479108479279e-04 4.601066147405195048e-04
-3.851998394803656705e-04 -5.035857326969394405e-04
2.512832613667646429e-04 2.058538319169231085e-04
-5.615886647927523355e-07 2.519197577665352209e-05
-1.984164670208982034e-06 9.479576513487104590e-06
3.389081507681547086e-06 2.942554931407654305e-16
-1.984164670421918917e-06 -9.479576513899453782e-06
-5.615886646761738145e-07 -2.519197577679835117e-05
2.512832613674717596e-04 -2.058538319164216108e-04
-3.851998394806179643e-04 5.035857326971228875e-04
2.766725479111711286e-04 -4.601066147404130361e-04
-1.270253558381642298e-04 2.465666162226469492e-04
4.246847395527831779e-05 -9.158293098943737557e-05
-1.110850676022278871e-05 2.575444082392949142e-05
2.378382524486896657e-06 -5.791686547206424864e-06
-4.299251931175873028e-07 1.080973830020097386e-06
6.710760904857500246e-08 -1.720068062675470269e-07
-9.201552450635907389e-09 2.381246315762877211e-08
1.123375458244711514e-09 -2.913862029730503576e-09
-1.234559554008880470e-10 3.191926231789625745e-10
1.232419098440662601e-11 -3.162785665868197803e-11
-1.126097945274265710e-12 2.859532544094703376e-12
9.469337393800743197e-14 -2.378138860223625462e-13
-7.258984143641907631e-15 1.819863833255382490e-14
4.565028556167966366e-16 -1.356557524107941248e-15
-2.028374627966542711e-16 1.387122489082825196e-17
-1.895254959375130829e-16 2.486086450776428045e-16
1.938113178313552322e-15 -1.256214490033482743e-15
-2.648359462082594451e-14 1.252470428144610213e-14
3.342970242533006163e-13 -1.544153989124395334e-13
-3.885095274243318535e-12 1.781740711884661278e-12
4.141948315613193323e-11 -1.893419967273525507e-11
-4.019280039122918552e-10 1.838078883971095391e-10
3.517796920015045921e-09 -1.616721089586370684e-09
-2.746732680837503363e-08 1.276006170879639208e-08
1.887776494551241387e-07 -8.931062084522689710e-08
-1.122941451934645156e-06 5.462954687046194312e-07
5.657277896983517374e-06 -2.866158311482449901e-06
-2.344859256444629570e-05 1.258256279503852249e-05
7.678544930363997902e-05 -4.466340508813571313e-05
-1.869693455840932617e-04 1.218828222929199765e-04
3.061809621252943917e-04 -2.357508581606897918e-04
-2.760753846443399001e-04 2.775651719501817031e-04
7.222703749763567768e-05 -1.336290903429330763e-04
1.490505877044571633e-05 -1.449542552729898920e-05
3.909850919100987483e-06 -3.536645633145175507e-06
-1.873970304196067516e-07 1.116776459744491376e-16
3.909850919069475316e-06 3.536645633334973144e-06
1.490505877104325403e-05 1.449542552686386668e-05
7.222703749835280966e-05 1.336290903428242766e-04
-2.760753846437845175e-04 -2.775651719502533147e-04
3.061809621251923141e-04 2.357508581606075550e-04
-1.869693455844440553e-04 -1.218828222930007767e-04
7.678544930404179790e-05 4.466340508846735024e-05
-2.344859256432560706e-05 -1.258256279514980398e-05
5.657277896838977978e-06 2.866158311535500845e-06
-1.122941451816446367e-06 -5.462954688597391159e-07
1.887776494138404675e-07 8.931062090016710842e-08
-2.746732701939946529e-08 -1.276006173748148875e-08
3.517797389806937438e-09 1.616721124337425975e-09
-4.019281025507573551e-10 -1.838078755517635680e-10
4.141967958602616653e-11 1.893421891215970873e-11
-3.885040787483526892e-12 -1.781543608533754756e-12
3.343513696727906215e-13 1.542185994880948278e-13
-2.644009221349872716e-14 -1.234149959882203261e-14
2.078385962634686731e-15 1.052777398390783899e-15
-2.887396492575489755e-17 -8.881602993461060183e-18
2.201998020311635406e-16 2.236664721258845773e-16
-1.548693131612477794e-15 -2.743179578579379260e-15
1.943637430285050149e-14 3.652462532585724065e-14
-2.360317831807546838e-13 -4.481136176007351436e-13
2.655946640375431154e-12 5.045883139419309535e-12
-2.743496016854781407e-11 -5.198723083726039963e-11
2.582181730883730943e-10 4.861456452797836666e-10
-2.195499224129452664e-09 -4.086923991082787256e-09
1.669087580757938695e-08 3.053382747698652866e-08
-1.120395444969879820e-07 -1.998741450813250132e-07
6.537274991964554201e-07 1.126049751877200924e-06
-3.249390811154697848e-06 -5.334771035896897996e-06
1.339475912861064556e-05 2.060058248766142967e-05
-4.411078970142043602e-05 -6.203866472009086485e-05
1.097621017574081472e-04 1.362227959594197648e-04
-1.883614417291834314e-04 -1.944049294211419815e-04
1.866250472010213808e-04 1.411688167432863933e-04
-6.315623414569088991e-05 -1.832045648901517820e-05
-1.276067691473744845e-05 -5.215650517690578190e-06
-3.159959307975263685e-06 -7.210285733494937914e-07
-8.718061581385395000e-07 1.413321354722949004e-16
-3.159959307894148846e-06 7.210285731292775071e-07
-1.276067691496938979e-05 5.215650517379313063e-06
-6.315623414577014509e-05 1.832045648851956567e-05
1.866250472010566445e-04 -1.411688167431239527e-04
-1.883614417295101557e-04 1.944049294215473376e-04
1.097621017574708819e-04 -1.362227959594919998e-04
-4.411078970133292735e-05 6.203866472001613622e-05
1.339475912863687140e-05 -2.060058248772942270e-05
-3.249390811460272607e-06 5.334771035877930387e-06
6.537274989338330666e-07 -1.126049752036941385e-06
-1.120395445018594406e-07 1.998741449054058521e-07
1.669087579533725616e-08 -3.053382755467179146e-08
-2.195499423495827829e-09 4.086924206214557775e-09
2.582179759869331660e-10 -4.861457606850648355e-10
-2.743489783505482152e-11 5.198735652541657383e-11
2.655801423855386472e-12 -5.045786566098760008e-12
-2.358922276874448228e-13 4.482406336156765504e-13
1.926915526579758194e-14 -3.662692962650586035e-14
-1.407383818258084194e-15 2.819555887968243337e-15
2.729012177340242993e-16 -1.572236120265589492e-16
2.948904854617343955e-16 -3.115379013119333346e-16
-3.828959859898665123e-15 2.566542651318609013e-15
4.987546964949314536e-14 -2.979725678815255080e-14
-5.914823538230942567e-13 3.514693213272097147e-13
6.431183706832023732e-12 -3.837283003794946422e-12
-6.385188890605650601e-11 3.839431296867247737e-11
5.739832922712275390e-10 -3.492572152159184310e-10
-4.625097560085271951e-09 2.862425431109230714e-09
3.300461695616538695e-08 -2.090833302320365161e-08
-2.054705166330239506e-07 1.343125302515020108e-07
1.094955178154590432e-06 -7.462152476231320544e-07
-4.872402748846959623e-06 3.509007047421415019e-06
1.750471542424401360e-05 -1.356805163299310594e-05
-4.837683512061246688e-05 4.141997602145293985e-05
9.540256951730613695e-05 -9.390519743580574450e-05
-1.175006561702083478e-04 1.427188549955818323e-04
6.628945070776035388e-05 -1.180628276713452878e-04
-4.717258554527872870e-07 2.562947442372274449e-05
-4.114951293606351940e-07 7.539674414177549686e-06
4.527339205559566762e-07 1.655204117556352049e-06
3.982582750860794157e-07 1.757448569933190632e-16
4.527339206657127173e-07 -1.655204117567830828e-06
-4.114951297361424754e-07 -7.539674414186096248e-06
-4.717258555442740980e-07 -2.562947442403086119e-05
6.628945070758380511e-05 1.180628276708919964e-04
-1.175006561694866080e-04 -1.427188549954995684e-04
9.540256951710030116e-05 9.390519743563177071e-05
-4.837683512077694712e-05 -4.141997602165935162e-05
1.750471542424877731e-05 1.356805163310388599e-05
-4.872402748660736888e-06 -3.509007047488294623e-06
1.094955178047767931e-06 7.462152475981074189e-07
-2.054705167364852929e-07 -1.343125302364685789e-07
3.300461709868946676e-08 2.090833306161782662e-08
-4.625097822951953963e-09 -2.862425699800787905e-09
5.739832719044584615e-10 3.492572273527929186e-10
-6.385196252603149980e-11 -3.839450172905838983e-11
6.431060327399410688e-12 3.837218602553481591e-12
-5.914196977770010225e-13 -3.513299761476711089e-13
4.995705509495127696e-14 2.966681061918276974e-14
-4.062698742006683622e-15 -2.431852836198583571e-15
1.258550407578626590e-16 1.626411016536855068e-16
-3.896391365139614521e-16 -3.920123266838135534e-16
3.488144997462379425e-15 5.170222648479014785e-15
-4.291701066929213802e-14 -6.458644100491597545e-14
4.952202265577266102e-13 7.433976175885168284e-13
-5.264155343880494604e-12 -7.836487806871209015e-12
5.114898657760361538e-11 7.523564154006414194e-11
-4.506455885757917925e-10 -6.520751998523861108e-10
3.566234295127494798e-09 5.048814139394444129e-09
-2.506105412539691071e-08 -3.447950634536727805e-08
1.542043815587566670e-07 2.044256998936703169e-07
-8.162212020496746229e-07 -1.031227763640949608e-06
3.632043994078100507e-06 4.310226804316400764e-06
-1.317282994893583007e-05 -1.439342120986089917e-05
3.726754562651668620e-05 3.641824407470420301e-05
-7.692008897210561829e-05 -6.415950022859669740e-05
1.032782945689624801e-04 6.724587848336296904e-05
-7.054084195694943068e-05 -2.764668203431908640e-05
7.963190227892169283e-06 -3.243047068055455006e-06
3.424338775567633333e-06 -1.009767540504546655e-06
5.976324610939285611e-07 -5.058929091459227101e-07
6.348252839258240374e-09 -1.120569422249843118e-17
5.976324609169699318e-07 5.058929092431292699e-07
3.424338775607221111e-06 1.009767540218901099e-06
7.963190228001219693e-06 3.243047067521966128e-06
-7.054084195721379983e-05 2.764668203391858889e-05
1.032782945688252878e-04 -6.724587848338171219e-05
-7.692008897237204742e-05 6.415950022891045196e-05
3.726754562663842855e-05 -3.641824407439148522e-05
-1.317282994879555633e-05 1.439342120985309292e-05
3.632043994251580478e-06 -4.310226804511838370e-06
-8.162212020329195701e-07 1.031227763733479487e-06
1.542043816258082451e-07 -2.044256998124868147e-07
-2.506105429484107071e-08 3.447950644429370518e-08
3.566234473303090443e-09 -5.048814181245753100e-09
-4.506455591067597729e-10 6.520752206353681741e-10
5.114898595169674476e-11 -7.523575306233967937e-11
-5.264106827911050986e-12 7.836454221406919483e-12
4.951406230564912950e-13 -7.434338934560142546e-13
-4.283789265779734368e-14 6.466313771471958817e-14
3.339438145025256984e-15 -5.189983785650819798e-15
-4.596407393449772115e-16 3.649858555869761128e-16
-5.535512943219804175e-16 4.708714509682481045e-16
6.873254705441128803e-15 -5.178630974361098517e-15
-8.369645664354476840e-14 6.167594666013115570e-14
9.310016099161501914e-13 -6.898674587214394840e-13
-9.471099793082222892e-12 7.105307125125080876e-12
8.756728884081197978e-11 -6.677475719319079027e-11
-7.290778680582729755e-10 5.677729732344334529e-10
5.406707210211448888e-09 -4.324891892740701128e-09
-3.523712987915862184e-08 2.916171359526092811e-08
1.984781112988271535e-07 -1.714992626493491060e-07
-9.457032979302540402e-07 8.633594972515522664e-07
3.704833014989937772e-06 -3.630765301343667790e-06
-1.147052270374805587e-05 1.233970143571421819e-05
2.646813838402724080e-05 -3.232589075720701505e-05
-4.133349441340270050e-05 6.066646058218028300e-05
3.607179195502542422e-05 -7.172060512176108721e-05
-9.392652138204929141e-06 3.982002011486670341e-05
-2.591186770078621956e-06 -8.785754398482400701e-07
-9.624048153832664059e-07 -1.130413426212116117e-06
-3.069073203920784282e-07 -1.244406141090989273e-07
-6.464777593232469364e-08 -1.169763790636449486e-16
-3.069073206600989227e-07 1.244406141059918516e-07
-9.624048151790158456e-07 1.130413426226245686e-06
-2.591186770014817505e-06 8.785754397979787232e-07
-9.392652138292510654e-06 -3.982002011448345827e-05
3.607179195482965119e-05 7.172060512192176597e-05
-4.133349441322741889e-05 -6.066646058217937498e-05
2.646813838396507536e-05 3.232589075717562062e-05
-1.147052270364470261e-05 -1.233970143559925380e-05
3.704833014828196831e-06 3.630765301372910332e-06
-9.457032978946210582e-07 -8.633594970648358176e-07
1.984781112105342655e-07 1.714992625693810430e-07
-3.523712997239261037e-08 -2.916171361071020027e-08
5.406707393101320551e-09 4.324892048188211596e-09
-7.290777961361495588e-10 -5.677730628246567468e-10
8.756731102576673401e-11 6.677499372658580755e-11
-9.471039373120710720e-12 -7.105417379294885247e-12
9.308914497989837149e-13 6.897966489717434470e-13
-8.374980576106243152e-14 -6.152044422851253952e-14
7.105363152100284748e-15 5.192181313108805823e-15
-4.225920128300045891e-16 -4.008151687777971461e-16
6.813454155302225579e-16 6.608729843101050316e-16
-7.046691038953812605e-15 -8.660399700819192733e-15
8.298644676423895742e-14 1.020054916486733140e-13
-9.073762783031855174e-13 -1.102505928228287400e-12
9.100650113264910700e-12 1.088417788395601632e-11
-8.307655266497098456e-11 -9.738645292873499125e-11
6.843014812355617292e-10 7.822709820295164297e-10
-5.033741223803463814e-09 -5.576601746936495754e-09
3.265576213784708313e-08 3.478596222841693874e-08
-1.839522599747899654e-07 -1.865383234610106050e-07
8.821827482786057508e-07 8.404942304292093515e-07
-3.509932442834159530e-06 -3.086100394239630206e-06
1.118451773325093952e-05 8.844326023414943890e-06
-2.712807521694069978e-05 -1.852988666186375765e-05
4.624016940937178242e-05 2.536953043059822168e-05
-4.793627086377984069e-05 -1.776857418370996063e-05
2.116364046235439577e-05 1.765761010949092915e-06
1.249011553377225389e-06 1.283591954025125660e-06
-1.427299775501620647e-07 5.581732756711486168e-07
3.639625931983754677e-08 1.322415985560534111e-07
3.446283978730291740e-08 -1.194294925265194504e-16
3.639625906405294610e-08 -1.322415982176612870e-07
-1.427299775709752789e-07 -5.581732752210925892e-07
1.249011553229155772e-06 -1.283591953799336534e-06
2.116364046243757440e-05 -1.765761011005088357e-06
-4.793627086387969571e-05 1.776857418361601452e-05
4.624016940964106436e-05 -2.536953043081588543e-05
-2.712807521701498796e-05 1.852988666168370216e-05
1.118451773318401375e-05 -8.844326023290030247e-06
-3.509932442973914461e-06 3.086100394280708340e-06
8.821827483597748006e-07 -8.404942305147072690e-07
-1.839522600147813290e-07 1.865383233960947411e-07
3.265576225877991592e-08 -3.478596234369597220e-08
-5.033741314179296828e-09 5.576601774026900698e-09
6.843016022347841394e-10 -7.822710410147686412e-10
-8.307656280564858899e-11 9.738660961385303297e-11
9.100676497694840646e-12 -1.088411963719343999e-11
-9.073365241581567856e-13 1.102641899216853145e-12
8.294678209815532574e-14 -1.019795110855047134e-13
-6.929963491896295856e-15 8.664466702014400459e-15
7.235926716699982255e-16 -6.910713417253508785e-16
9.389194594414825140e-16 -8.254185617794448570e-16
-1.113299354438351037e-14 9.904022869370947159e-15
1.267650940997816263e-13 -1.135823140915243557e-13
-1.323800559064229590e-12 1.201988322356607283e-12
1.259498265137043070e-11 -1.166532979983423977e-11
-1.083849690395561103e-10 1.028579891294020831e-10
8.351760532450738871e-10 -8.166011743830812700e-10
-5.693701863606846933e-09 5.774960095984253309e-09
3.383533349048291349e-08 -3.590662952914608396e-08
-1.720123524449591111e-07 1.931185711582430948e-07
7.300534588259745961e-07 -8.800157795650941157e-07
-2.502485412598573399e-06 3.306077095419540096e-06
6.606445671373523895e-06 -9.862653945338984007e-06
-1.246963623282761910e-05 2.211917521237615568e-05
1.470214810080901198e-05 -3.417570933320182624e-05
-7.683916904739248579e-06 3.090146106389818906e-05
-8.014023335440268772e-07 -1.050303163707751405e-05
3.722072483118693176e-07 -1.412238379635201860e-06
2.244385563147593950e-07 -1.554545038665181280e-07
3.342124497767816123e-08 -5.481812191157989237e-08
-6.476445821532442140e-09 -7.766543360781706298e-17
3.342124555019657118e-08 5.481812207686920687e-08
2.244385562451099404e-07 1.554545039876708386e-07
3.722072481767013880e-07 1.412238380114468772e-06
-8.014023333881699562e-07 1.050303163705595707e-05
-7.683916904759653603e-06 -3.090146106410586121e-05
1.470214810050653482e-05 3.417570933303469647e-05
-1.246963623273634961e-05 -2.211917521227046968e-05
6.606445671294803194e-06 9.862653945337872700e-06
-2.502485412492819218e-06 -3.306077095428622830e-06
7.300534588896019112e-07 8.800157796122957679e-07
-1.720123523135329496e-07 -1.931185710724134051e-07
3.383533357886440247e-08 3.590662956273481814e-08
-5.693701846039492795e-09 -5.774960175422184439e-09
8.351759468546725587e-10 8.166012263439576992e-10
-1.083849362047791695e-10 -1.028582397620735032e-10
1.259498802747042004e-11 1.166534126586156222e-11
-1.323646510156090561e-12 -1.202028544220472752e-12
1.267803092336147373e-13 1.133796020412105238e-13
-1.126518098794127221e-14 -9.921943276534118174e-15
7.919805031963463661e-16 7.985110681622649386e-16
-1.066230421972045269e-15 -1.071091809020925291e-15
1.271209934376706892e-14 1.311091990858505695e-14
-1.434119485623434161e-13 -1.453126324626746651e-13
1.484563221879844771e-12 1.477519563169762749e-12
-1.404556323025954677e-11 -1.365879651111639737e-11
1.204404217989698799e-10 1.138796927407117931e-10
-9.273445822842937518e-10 -8.473893922302853945e-10
6.339863986196838460e-09 5.556593147669173686e-09
-3.796210554586801690e-08 -3.160765699887911143e-08
1.957273999495157095e-07 1.528794455260501311e-07
-8.501930638110224651e-07 -6.124397895445180674e-07
3.022932314127724529e-06 1.959915586424006131e-06
-8.454187237477857512e-06 -4.751431422954793114e-06
1.753668526680604405e-05 8.003183472089962585e-06
-2.452614400188758503e-05 -7.889447927601582399e-06
1.921957337638326521e-05 2.545361506274789062e-06
-4.778621553730212724e-06 1.248391699290558816e-06
-1.008530018482738904e-06 6.297452563805765429e-08
-1.726430271488072096e-07 -4.239988030328476305e-08
-3.751999797613142598e-08 3.107208327135799728e-09
-7.414080548745119316e-09 -8.527245197857063833e-17
-3.751999792696189131e-08 -3.107207886620172251e-09
-1.726430271237888739e-07 4.239988046127873497e-08
-1.008530018224684811e-06 -6.297452568856977588e-08
-4.778621553751268269e-06 -1.248391699473287964e-06
1.921957337642695856e-05 -2.545361506022157251e-06
-2.452614400190175080e-05 7.889447927720217834e-06
1.753668526675314514e-05 -8.003183472081556630e-06
-8.454187237297293805e-06 4.751431422746978663e-06
3.022932314156051428e-06 -1.959915586484867142e-06
-8.501930638198352076e-07 6.124397896296162912e-07
1.957273998560187040e-07 -1.528794456009290877e-07
-3.796210572131069548e-08 3.160765714997965791e-08
6.339864029779771461e-09 -5.556592992162715019e-09
-9.273447082299452795e-10 8.473894402434896030e-10
1.204403809137992563e-10 -1.138798562470032584e-10
-1.404556875342583190e-11 1.365876978759072718e-11
1.484551056083648015e-12 -1.477614081965908598e-12
-1.433526169631806856e-13 1.453162110805087586e-13
1.258125725539169799e-14 -1.312980581817879649e-14
-1.170413571018403424e-15 1.093152664794092451e-15
-1.413856644081273929e-15 1.518196813087542301e-15
1.641606611038751140e-14 -1.747262933026373376e-14
-1.756683707247343652e-13 1.897222008077269302e-13
1.720958239529317554e-12 -1.899825924419171449e-12
-1.529993616165984273e-11 1.736096688055540184e-11
1.223924251925120196e-10 -1.435326562533260297e-10
-8.714162540033702407e-10 1.063298910484943881e-09
5.449071085357830327e-09 -6.976775010664849183e-09
-2.943277952093569689e-08 3.997487392430862479e-08
1.344283954310185067e-07 -1.964913879603048203e-07
-5.046166839589394062e-07 8.098705987935699587e-07
1.495976087896829511e-06 -2.715305861844516042e-06
-3.296838073556926993e-06 7.098562223861211401e-06
4.863156633881396228e-06 -1.358525827606269656e-05
-3.774059777457451677e-06 1.714340233838993147e-05
2.130037154887958648e-07 -1.154301518769073800e-05
9.822099572779747279e-07 1.919362439606830930e-06
1.926002274917748292e-07 5.808559015633297783e-07
2.766387208890988631e-08 1.143095504255015397e-07
1.248627726343632645e-08 1.866765750807669124e-08
5.474293753350583662e-09 1.429257171328574237e-16
1.248627717731672812e-08 -1.866765713419799937e-08
2.766387202396674859e-08 -1.143095504734278021e-07
1.926002271200176273e-07 -5.808559018772032367e-07
9.822099571671476665e-07 -1.919362439545729361e-06
2.130037156372945576e-07 1.154301518785059175e-05
-3.774059777301963532e-06 -1.714340233829867553e-05
4.863156633881694383e-06 1.358525827592933122e-05
-3.296838073642607763e-06 -7.098562223895639055e-06
1.495976088056330050e-06 2.715305861881561875e-06
-5.046166838594947736e-07 -8.098705990211049253e-07
1.344283953546130115e-07 1.964913878970701315e-07
-2.943277952498703563e-08 -3.997487394723580158e-08
5.449070982093278462e-09 6.976775081634989458e-09
-8.714161471224724192e-10 -1.063298969048602710e-09
1.223923257961068698e-10 1.435329006199231055e-10
-1.529989172797766233e-11 -1.736099683722140758e-11
1.720878375537070545e-12 1.899934732445053507e-12
-1.756751752418125562e-13 -1.896098245548890706e-13
1.645106695826285479e-14 1.742899809043811457e-14
-1.337555888565122101e-15 -1.455411486328697598e-15
1.806291981100103264e-15 1.594748490363487192e-15
-2.095764685920746048e-14 -1.797985190963628082e-14
2.241777788277196822e-13 1.880130411985905707e-13
-2.198958867449954508e-12 -1.797787809422011772e-12
1.963438550435762880e-11 1.555994812256628992e-11
-1.582306956738588860e-10 -1.208124849513188448e-10
1.139404991207192052e-09 8.318490237630166132e-10
-7.243192107809537826e-09 -5.007990287276287432e-09
4.005040581121749384e-08 2.589683297382521609e-08
-1.890747597108978020e-07 -1.124021762833882855e-07
7.440444132531304539e-07 3.969026937515618937e-07
-2.363681596933432074e-06 -1.090044445764131625e-06
5.795290913213661293e-06 2.167798519233742603e-06
-1.024751956463383641e-05 -2.723766421522064235e-06
1.165152493746759638e-05 1.430866610537897829e-06
-6.672504010888667159e-06 6.505840784541890347e-07
6.066563707417126274e-07 -5.996763326020504411e-07
2.833241419199379317e-07 -1.796431392267332141e-07
5.810254691719618203e-08 -3.976050661453885007e-08
6.862362915266288597e-09 -1.013099770209482245e-08
-5.798488445826583830e-11 2.503766048178952148e-16
6.862363138857388741e-09 1.013099802675735147e-08
5.810254672478589826e-08 3.976050662963997183e-08
2.833241417560633144e-07 1.796431394930733541e-07
6.066563706819023604e-07 5.996763323425369102e-07
-6.672504011068616767e-06 -6.505840788143921249e-07
1.165152493767859906e-05 -1.430866610517330599e-06
-1.024751956470352181e-05 2.723766421432183452e-06
5.795290913258550651e-06 -2.167798519130003937e-06
-2.363681596829919142e-06 1.090044445926642096e-06
7.440444133155469354e-07 -3.969026937314191855e-07
-1.890747595810071789e-07 1.124021764643611628e-07
4.005040591723513522e-08 -2.589683323138187254e-08
-7.243192034898411626e-09 5.007990125117119500e-09
1.139405093814937075e-09 -8.318491222164561824e-10
-1.582306609122453066e-10 1.208126412541015738e-10
1.963443853750079291e-11 -1.555990559425725939e-11
-2.198963116222268663e-12 1.797868590535553005e-12
2.241524224442614099e-13 -1.880448077514840431e-13
-2.079697603111906594e-14 1.803235161660601997e-14
1.912345778855681106e-15 -1.579094277532497526e-15
2.020169215661892945e-15 -2.527426459234440051e-15
-2.238767528246047473e-14 2.843849939908149635e-14
2.252811234272360412e-13 -2.932669256144133542e-13
-2.067964112122274876e-12 2.774462451803838249e-12
1.714797954365876753e-11 -2.385923411637341605e-11
-1.272269750526398887e-10 1.848490722289022732e-10
8.344358184190515263e-10 -1.276975761847342464e-09
-4.766177991971389896e-09 7.768682471739061356e-09
2.326316574469159190e-08 -4.098831512364565497e-08
-9.462919776682220257e-08 1.839700821617544990e-07
3.098666116340931488e-07 -6.851070255566894087e-07
-7.754358380179072334e-07 2.046888504221956997e-06
1.356813709324719125e-06 -4.678089184249683172e-06
-1.358168759426960552e-06 7.604117925366806219e-06
2.180170362374815265e-07 -7.747007347590886137e-06
8.135213450311782803e-07 3.718992668296145557e-06
-2.998498221104692076e-07 -8.188705134373220067e-08
-1.236650136915739300e-07 -1.129695042722962101e-07
-3.062208320260595764e-08 -2.313706221135811026e-08
-6.160864463542085173e-09 -1.521516709343386677e-09
-1.256011062366244704e-09 6.405639472076304277e-17
-6.160864741863504520e-09 1.521516804770599107e-09
-3.062208302280742536e-08 2.313706263331825349e-08
-1.236650138069432055e-07 1.129695042066540022e-07
-2.998498219994497639e-07 8.188705148595476322e-08
8.135213450550238460e-07 -3.718992668370395618e-06
2.180170361894161655e-07 7.747007347608074129e-06
-1.358168759481451876e-06 -7.604117925271875848e-06
1.356813709362037703e-06 4.678089184411180168e-06
-7.754358380805171560e-07 -2.046888504419619758e-06
3.098666116084079335e-07 6.851070256192659793e-07
-9.462919772889583914e-08 -1.839700821914640473e-07
2.326316570986702341e-08 4.098831504761286743e-08
-4.766177963205585215e-09 -7.768682427046992477e-09
8.344356789179600294e-10 1.276975823627369028e-09
-1.272268961857217718e-10 -1.848492148452631802e-10
1.714796232645236366e-11 2.385935494300350255e-11
-2.067911996727256841e-12 -2.774585139640547752e-12
2.253113128889489185e-13 2.932389000442552651e-13
-2.238325239515267354e-14 -2.844925963998837101e-14
2.031141838815012365e-15 2.509339993876540850e-15
-2.852130930420763312e-15 -2.117976419746368999e-15
3.134001544509487317e-14 2.234139144986532851e-14
-3.188868233716350382e-13 -2.204896206719269504e-13
2.966238192753011949e-12 1.981417776988356178e-12
-2.502153603051806225e-11 -1.604479093014049702e-11
1.897139485071761648e-10 1.158634935372651247e-10
-1.279066496051904708e-09 -7.365946021742590829e-10
7.569262603224536123e-09 4.056839716206456464e-09
-3.869205747054527309e-08 -1.895908971575893718e-08
1.674223181950786666e-07 7.311449401990146997e-08
-5.973183678087855021e-07 -2.235583243323430977e-07
1.695731222832278788e-06 5.086518255992437764e-07
-3.641047578279528878e-06 -7.620038544505030212e-07
5.466125592440039270e-06 5.123769511709033930e-07
-4.987872518155982570e-06 3.338176690668065693e-07
1.970504770811507288e-06 -6.968253347532229251e-07
8.870066080394244112e-08 1.144023565593539185e-07
-3.208091143469397594e-08 7.049926680257597330e-08
-5.832129672940006050e-09 1.817255667454190462e-08
4.332440267988010593e-10 3.002336666158712665e-09
4.471984677191320495e-10 3.251812534651458392e-16
4.332437444235875960e-10 -3.002336622461444691e-09
-5.832129454621322871e-09 -1.817255669579381899e-08
-3.208091131254002604e-08 -7.049926662633654111e-08
8.870066077066763852e-08 -1.144023563458359045e-07
1.970504770906208960e-06 6.968253348147990440e-07
-4.987872518407420066e-06 -3.338176690930841783e-07
5.466125592471507391e-06 -5.123769510015784364e-07
-3.641047578272785649e-06 7.620038544004362801e-07
1.695731222816950457e-06 -5.086518256660736172e-07
-5.973183679019187864e-07 2.235583241218390785e-07
1.674223180950123647e-07 -7.311449414733375200e-08
-3.869205755792028840e-08 1.895908991791145310e-08
7.569262389331561215e-09 -4.056839714203382362e-09
-1.279066511669935768e-09 7.365947390922925879e-10
1.897139120496513803e-10 -1.158636310770490663e-10
-2.502161555961643508e-11 1.604475921794706101e-11
2.966201197138826598e-12 -1.981505616531208974e-12
-3.189203422770339344e-13 2.204938288701243019e-13
3.120036830862651792e-14 -2.242082443601248219e-14
-2.928844249944921045e-15 2.083639204261071443e-15
-2.790156016738478933e-15 4.101390701564099015e-15
2.868228259587484107e-14 -4.369346367477360949e-14
-2.707792288925479708e-13 4.272829137389492312e-13
2.324416250694256728e-12 -3.816754301668792383e-12
-1.792604722344876004e-11 3.086982897594861597e-11
1.228789281269923557e-10 -2.239644909125041266e-10
-7.384976902944150158e-10 1.441614935059925833e-09
3.824599681743816288e-09 -8.123699273310018884e-09
-1.668476446466603671e-08 3.942149353752305290e-08
5.941197789677075385e-08 -1.613309450122407804e-07
-1.646745405987136809e-07 5.418235381550918253e-07
3.269914882933111410e-07 -1.438868058095340403e-06
-3.814231296596998104e-07 2.863776016327835459e-06
4.624245324501385566e-08 -3.926143182426444381e-06
5.148694636682348948e-07 3.175084285514689783e-06
-5.089280986857649425e-07 -1.006339219430109218e-06
2.063606961171591089e-08 -1.066003588476841336e-07
3.315523488080498788e-08 -5.581283205721275119e-10
8.881431633017654167e-09 -6.515059720031559870e-10
1.156257449631663618e-09 -7.247503620817573366e-10
6.422221115864625146e-11 1.979406924496871579e-16
1.156257160096309322e-09 7.247501106527049346e-10
8.881431644482069746e-09 6.515058662266900738e-10
3.315523505364417173e-08 5.581283209337278624e-10
2.063606971680763276e-08 1.066003586947996100e-07
-5.089280987034752367e-07 1.006339219528748111e-06
5.148694636977509225e-07 -3.175084285448319245e-06
4.624245336877682406e-08 3.926143182496354245e-06
-3.814231296373806511e-07 -2.863776016365186647e-06
3.269914881992969425e-07 1.438868058176824549e-06
-1.646745405612297201e-07 -5.418235381651182602e-07
5.941197786338593624e-08 1.613309450383022107e-07
-1.668476438814702909e-08 -3.942149353954478820e-08
3.824599793877114130e-09 8.123699179474913239e-09
-7.384976475757178368e-10 -1.441614912256234695e-09
1.228789183382270460e-10 2.239644607506095734e-10
-1.792601947312379290e-11 -3.086993615735035543e-11
2.324340215564615606e-12 3.816716595723550524e-12
-2.709114951259895113e-13 -4.272492203937660284e-13
2.860552952113573970e-14 4.370219951002638831e-14
-2.789591311263631907e-15 -4.093203216406802221e-15
4.023498116369651411e-15 2.435175739039887488e-15
-4.229316974652410939e-14 -2.473289955276187077e-14
4.099285679923720624e-13 2.306145540590479824e-13
-3.620568153436029033e-12 -1.946633223677200472e-12
2.890272741698332265e-11 1.472314106846606805e-11
-2.065492325573094185e-10 -9.861833881071864690e-11
1.306345989658785997e-09 5.763487388654430544e-10
-7.211063507520698412e-09 -2.883023768089326812e-09
3.414679506243834431e-08 1.202776179580971684e-08
-1.356989650911342949e-07 -4.030440124540581354e-08
4.397070265812642596e-07 1.020043670576789593e-07
-1.116772610650366937e-06 -1.717167653158129219e-07
2.099052649756319550e-06 1.185126802179229437e-07
-2.663197929445000806e-06 1.915715261438589550e-07
1.914889050461604962e-06 -5.055733706447272167e-07
-4.648447612726512081e-07 3.294125927340263265e-07
-8.476172932219934022e-08 1.951002937719356852e-08
-8.773787068778912807e-09 -1.224499390196843790e-08
-2.126897509539574768e-09 -3.392004773715689337e-09
-5.673509518091531907e-10 -2.956777944615769793e-10
-1.288961528425419419e-10 1.308817283944344593e-16
-5.673515341880973342e-10 2.956776985541103103e-10
-2.126897449239913434e-09 3.392005156830703084e-09
-8.773787209379220321e-09 1.224499388046406635e-08
-8.476172938845351620e-08 -1.951002958169819568e-08
-4.648447613031767932e-07 -3.294125925533213764e-07
1.914889050591851525e-06 5.055733704810649929e-07
-2.663197929346432005e-06 -1.915715261510555057e-07
2.099052649767147172e-06 -1.185126802616547518e-07
-1.116772610708373447e-06 1.717167652831125003e-07
4.397070265594924953e-07 -1.020043669951298510e-07
-1.356989651459740137e-07 4.030440138489331994e-08
3.414679513158071735e-08 -1.202776204233852213e-08
-7.211063403964633211e-09 2.883023874391053861e-09
1.306345980540115463e-09 -5.763488599660677781e-10
-2.065491661553854873e-10 9.861848235871674104e-11
2.890276093574704238e-11 -1.472313618289911645e-11
-3.620539017474331065e-12 1.946583998139759517e-12
4.099691005363439339e-13 -2.306166703545819324e-13
-4.217774908589296575e-14 2.480610566479128661e-14
4.108576177424515176e-15 -2.471106638609222297e-15
3.611066906170050613e-15 -6.450328390792450547e-15
-3.508246787742506125e-14 6.494292766932235940e-14
3.105308448396020190e-13 -6.018362525331491882e-13
-2.484973776217536575e-12 5.074708586891375495e-12
1.774773054293158360e-11 -3.859217928668966920e-11
-1.117191686972102733e-10 2.620735065086158851e-10
6.098409882809535617e-10 -1.570657631254098475e-09
-2.825336583278521829e-09 8.189684612028161925e-09
1.077850640568984945e-08 -3.649799638409204544e-08
-3.230515062949870535e-08 1.359127419845521287e-07
6.968674430631344293e-08 -4.104823024541505778e-07
-8.472762146384650913e-08 9.650133271717143657e-07
-2.481585739362927284e-08 -1.662479714708679290e-06
2.903497656285452955e-07 1.902242230533913515e-06
-4.365691685516915081e-07 -1.190821585584488465e-06
2.037829314066922356e-07 2.129382456830548722e-07
2.675205929536883840e-08 5.110258461838616799e-08
-1.874447992415198039e-09 8.383518099694147726e-09
-7.398851608466485810e-10 1.828944692382202512e-09
2.910199803892877868e-11 3.141288316264306850e-10
5.729802450635388328e-11 4.196026726210312719e-17
2.910217180211967133e-11 -3.141288453974708865e-10
-7.398852493779202178e-10 -1.828944782924012211e-09
-1.874448491415662098e-09 -8.383518139898981812e-09
2.675205919074297803e-08 -5.110258447454787685e-08
2.037829312769928037e-07 -2.129382457666199399e-07
-4.365691684910075266e-07 1.190821585590356710e-06
2.903497655348609634e-07 -1.902242230600744415e-06
-2.481585736041535074e-08 1.662479714596372250e-06
-8.472762153215556057e-08 -9.650133271883543279e-07
6.968674434014074923e-08 4.104823024633839781e-07
-3.230515056737423851e-08 -1.359127420549639130e-07
1.077850638976252315e-08 3.649799639243189213e-08
-2.825336678490848866e-09 -8.189684583740750534e-09
6.098410740027262037e-10 1.570657653352544936e-09
-1.117192087742184721e-10 -2.620733424663164881e-10
1.774768350051452630e-11 3.859222307368996954e-11
-2.484942306878751000e-12 -5.074656809763522839e-12
3.106610001834552028e-13 6.017746407904812808e-13
-3.502742559054333712e-14 -6.493638214947597103e-14
3.633493223516551813e-15 6.432072151086858652e-15
-4.911128065492654033e-15 -2.443780876994246169e-15
4.954498324439133790e-14 2.332909288312289135e-14
-4.586351589327159425e-13 -2.049105812312498386e-13
3.856046942176884598e-12 1.620838653504430047e-12
-2.920600431712623721e-11 -1.140733037177661149e-11
1.972739615016413946e-10 7.044201033136406999e-11
-1.173988225945826074e-09 -3.746665615938267925e-10
6.064732527448189484e-09 1.673110008350950379e-09
-2.669749469000907894e-08 -6.035344829247548719e-09
9.779737299522763303e-08 1.642626543827405016e-08
-2.888621355951981103e-07 -2.857491012709260250e-08
6.584228643865776336e-07 9.605042307532367107e-09
-1.084797462164712205e-06 1.009902577436109777e-07
1.158185857581869101e-06 -2.803963262911290981e-07
-6.380599678702737546e-07 3.129341117024762602e-07
6.714984702415934169e-08 -1.042622867133741684e-07
2.913816824737550890e-08 -2.536032217095148508e-08
5.689400054776301158e-09 -1.877678781846575683e-09
1.075348568987916865e-09 -1.953668331424371350e-10
1.402023893946302092e-10 -1.082638715766819031e-10
1.310735892297804119e-11 -2.743674724616817430e-16
1.402023721663676996e-10 1.082633903026482496e-10
1.075348802352200200e-09 1.953668280676859640e-10
5.689400001403112371e-09 1.877678806133627067e-09
2.913816808632641487e-08 2.536032217749474512e-08
6.714984679977208186e-08 1.042622866351998301e-07
-6.380599677582240012e-07 -3.129341116902145054e-07
1.158185857463631348e-06 2.803963262996012805e-07
-1.084797462130308903e-06 -1.009902574955845768e-07
6.584228643236255096e-07 -9.605042296908941094e-09
-2.888621355533787702e-07 2.857491001626715248e-08
9.779737308680522216e-08 -1.642626544362781785e-08
-2.669749476679148071e-08 6.035344915718350569e-09
6.064732517636701626e-09 -1.673110120856738818e-09
-1.173988180152987421e-09 3.746666685661956937e-10
1.972738925449721578e-10 -7.044214379900935544e-11
-2.920600206222611005e-11 1.140730780257196719e-11
3.856042265923840596e-12 -1.620793927558339022e-12
-4.587139152462906338e-13 2.048872170609864083e-13
4.946676155931837891e-14 -2.335989358479558442e-14
-5.025479486662204731e-15 2.424365299713301566e-15
-4.619916502403141072e-15 1.011630331566116574e-14
4.206443457391022674e-14 -9.675783981172189255e-14
-3.484081250851222112e-13 8.506975084303447723e-13
2.589118242372172134e-12 -6.782147918280525671e-12
-1.702325425643947447e-11 4.856768811973497839e-11
9.747773324976607343e-11 -3.091256485842986370e-10
-4.758113399352021936e-10 1.726906349426110425e-09
1.918848742782315480e-09 -8.338181285526519570e-09
-6.069667526259228034e-09 3.413520337567781578e-08
1.348747756200019482e-08 -1.156008371770897953e-07
-1.371948429174327916e-08 3.134165071469637550e-07
-2.975846741360483569e-08 -6.498824915222612750e-07
1.552136765498247482e-07 9.623571789640153738e-07
-2.937271043203870893e-07 -9.065023328389347960e-07
2.571512502037049962e-07 4.236839854452064421e-07
-6.261571043962317887e-08 -2.691972037544986082e-08
-1.701200227639256589e-08 -1.366300515887061257e-08
-2.333296568836250784e-09 -2.864896785865389275e-09
-4.700778115500921712e-10 -5.260438165853584505e-10
-1.054579768804587454e-10 -5.302112177918095893e-11
-2.222947070203387092e-11 -1.865539196933465474e-16
-1.054575618786020475e-10 5.302125687843276482e-11
-4.700781206406620286e-10 5.260436575950402428e-10
-2.333296432154279219e-09 2.864896779993606338e-09
-1.701200225444815907e-08 1.366300516616693287e-08
-6.261571027937935509e-08 2.691972033148737847e-08
2.571512499096422619e-07 -4.236839853680673634e-07
-2.937271043568900800e-07 9.065023329070789142e-07
1.552136764783022126e-07 -9.623571788338359389e-07
-2.975846731759587458e-08 6.498824916539892978e-07
-1.371948427322960393e-08 -3.134165070275463502e-07
1.348747758217298756e-08 1.156008371046410027e-07
-6.069667530793493835e-09 -3.413520339932651245e-08
1.918848846672928918e-09 8.338181382603855579e-09
-4.758114552112232603e-10 -1.726906405225200539e-09
9.747783273676373375e-11 3.091254947930093610e-10
-1.702321147389762650e-11 -4.856771956120580638e-11
2.589118694021050316e-12 6.782148049761312975e-12
-3.484779534965889538e-13 -8.505907890875916986e-13
4.204510256589517601e-14 9.669115794704847132e-14
-4.684492197334732575e-15 -1.007902914692114626e-14
4.481102610030874149e-15 1.759238291073518876e-15
-4.320406511442402353e-14 -1.578546400459352206e-14
3.828105547173350766e-13 1.299918953662964696e-13
-3.073607650891514224e-12 -9.572930774840130915e-13
2.216721128624605634e-11 6.206591086690305628e-12
-1.420893020086915695e-10 -3.475542464699154897e-11
7.991936121476586147e-10 1.634607887713585481e-10
-3.882993910992083508e-09 -6.164151392376582386e-10
1.597852417985165463e-08 1.690592245707630704e-09
-5.428394972212401461e-08 -2.365168664574617573e-09
1.471134499286039830e-07 -4.607015716085766494e-09
-3.029008959491634253e-07 3.776195712311466437e-08
4.395380229211057157e-07 -1.090087182151058199e-07
-3.934890114569111950e-07 1.692653279776878809e-07
1.576033786027146381e-07 -1.248138421940487410e-07
6.285767144083537956e-09 1.632556553662269259e-08
-4.551508306863677965e-09 1.048217035072754310e-08
-1.379865166793339543e-09 2.320513551162634381e-09
-2.228322912256995183e-10 4.238418620042385340e-10
-7.796253802229898589e-12 5.535193024121451728e-11
3.411098023618845814e-12 7.471625745101562550e-17
-7.796565008207348349e-12 -5.535195744603605891e-11
-2.228322811430158697e-10 -4.238421521680378722e-10
-1.379865054739202472e-09 -2.320513503956044800e-09
-4.551508123729046040e-09 -1.048217038778599059e-08
6.285767287294985831e-09 -1.632556555636189214e-08
1.576033784819321073e-07 1.248138422371041934e-07
-3.934890112817934859e-07 -1.692653280427406730e-07
4.395380228939333223e-07 1.090087180762349005e-07
-3.029008960213778016e-07 -3.776195714972090231e-08
1.471134499630438132e-07 4.607015652403259469e-09
-5.428394977822673895e-08 2.365168711143946796e-09
1.597852419562878147e-08 -1.690592263467853582e-09
-3.882993930011625176e-09 6.164152001690013200e-10
7.991936121568958440e-10 -1.634608777830459572e-10
-1.420892414108626187e-10 3.475547517047437299e-11
2.216720449995310725e-11 -6.206586194922025400e-12
-3.073629358300483735e-12 9.572850511559966427e-13
3.828651082441256270e-13 -1.299633593464275631e-13
-4.316975206154661334e-14 1.577171900600449841e-14
4.541546513553055990e-15 -1.727327964480850616e-15
5.944482969049350199e-15 -1.657512918034758173e-14
-5.083667679982239876e-14 1.515079622192073845e-13
3.926717173343882873e-13 -1.271342336434443191e-12
-2.693649312383675651e-12 9.638234522750480310e-12
1.612554065455068844e-11 -6.539604684627333083e-11
-8.230509072513651736e-11 3.927503836724279758e-10
3.452518228290408918e-10 -2.060052457921587046e-09
-1.109844136033989497e-09 9.283057557826973662e-09
2.247845263643125336e-09 -3.520186551943417998e-08
2.056536353479107892e-10 1.093605711858931870e-07
-2.186584027506355759e-08 -2.684783164341223437e-07
8.980308997666153817e-08 4.948368968726431133e-07
-1.995702930406067434e-07 -6.327604699569093896e-07
2.525342452483978566e-07 4.879940851425553930e-07
-1.512872534556232455e-07 -1.614369759015114398e-07
1.434576602968624634e-08 -7.236701312582406055e-09
8.079849115628064030e-09 2.369780529552433398e-09
1.398564292442510555e-09 5.445745267898969474e-10
1.753080461192033273e-10 4.272471071016744318e-11
1.082986079423217634e-11 -3.633464755843720092e-12
-3.116045437550283662e-13 1.291020011086490207e-16
1.083004504071161460e-11 3.633433440978157316e-12
1.753077073128584625e-10 -4.272422213706735900e-11
1.398564357417084243e-09 -5.445744019170594865e-10
8.079848937736355117e-09 -2.369780440080573549e-09
1.434576589219737539e-08 7.236701405266085386e-09
-1.512872531438509847e-07 1.614369758244832165e-07
2.525342454180200160e-07 -4.879940852259660095e-07
-1.995702929306995333e-07 6.327604698461262681e-07
8.980308991516615211e-08 -4.948368969179585290e-07
-2.186584023116647215e-08 2.684783163207904471e-07
2.056534640029653568e-10 -1.093605710208689608e-07
2.247845207053247454e-09 3.520186546623796979e-08
-1.109844108362452330e-09 -9.283057712736405623e-09
3.452518926403646146e-10 2.060052519381436604e-09
-8.230522475276159667e-11 -3.927502997142255963e-10
1.612555936182434393e-11 6.539608006233547851e-11
-2.693662015875606955e-12 -9.638214454184504900e-12
3.927066164323260715e-13 1.271291668485128611e-12
-5.085857322669180472e-14 -1.514747625913262200e-13
6.044305469395728429e-15 1.648967598667297686e-14
