4.676705230030741211e-16 -1.611473178978589830e-18
1.492995777087253552e-16 4.033990847128753716e-18
-1.365200073497259382e-16 -2.339247088622980506e-16
2.458761166975734706e-16 1.569152366312228637e-16
-2.718812266415152845e-16 2.757180534448644376e-16
3.534116107469404263e-15 -3.449050799227325495e-15
-5.747460197341801123e-14 4.995630066295960054e-14
8.801066427299878087e-13 -6.639086062175698636e-13
-1.271143994906519844e-11 8.221847493447914000e-12
1.698659087616913215e-10 -9.209310443050167516e-11
-2.089104936104996991e-09 9.142808193731255189e-10
2.347045371903311662e-08 -7.777328219362605221e-09
-2.387386955645202053e-07 5.272473633479183624e-08
2.173952147894213544e-06 -2.228015760464768130e-07
-1.746474855714483894e-05 -5.081517527769352104e-07
1.214626043182295693e-04 2.225948448609844463e-05
-7.130893266368794120e-04 -2.699671895714846753e-04
3.388823766024331215e-03 2.230376014718659511e-03
-1.187020568154664550e-02 -1.460009754603514530e-02
3.113372266180381917e-02 8.330317895808578288e-02
9.865718090177483246e-01 0.000000000000000000e+00
3.113372266178868544e-02 -8.330317895808019013e-02
-1.187020568154514844e-02 1.460009754603623991e-02
3.388823766024043685e-03 -2.230376014715845356e-03
-7.130893266368916635e-04 2.699671895714496014e-04
1.214626043175885483e-04 -2.225948448705977281e-05
-1.746474855655811954e-05 5.081517527630133769e-07
2.173952148080801773e-06 2.228015754053153824e-07
-2.387386955158436571e-07 -5.272473612341950896e-08
2.347045347811966166e-08 7.777327882130704483e-09
-2.089105205099059094e-09 -9.142814777656532786e-10
1.698660514092098733e-10 9.209377550972004471e-11
-1.271080986083853742e-11 -8.221344347641889697e-12
8.806572600114256536e-13 6.634370588009777183e-13
-5.667749625110943422e-14 -4.881830647287859536e-14
3.515677082674981279e-15 3.867542162726514835e-15
-1.423469041849238179e-16 -2.435034953618821744e-16
-8.038858568783698063e-17 2.220921365420912668e-16
-3.568903008294814855e-16 2.147371281583118842e-16
3.127185671639322804e-16 -1.444919709444380782e-16
-2.759880164148634846e-16 -3.245637718891582819e-16
9.441819735657609494e-17 -3.161566319251181417e-17
-2.569920799789803388e-16 -1.222937697092672834e-16
-1.154748753111663228e-16 1.426119481747516413e-16
-2.053032010709121254e-16 1.878738923877002249e-16
9.459515841834723907e-16 8.353579927929126293e-16
-1.420232232579168461e-14 -1.317023117892495142e-14
1.992090367629244847e-13 2.080696991431745696e-13
-2.613930788688916631e-12 -3.099348466596618483e-12
3.137705037370469341e-11 4.283425942942071306e-11
-3.404380291280182284e-10 -5.451198659307349334e-10
3.283911125590851423e-09 6.342456497263654022e-09
-2.745470124996378097e-08 -6.688718835534751585e-08
1.900362257491879801e-07 6.326092808714255707e-07
-9.774367000369599549e-07 -5.294449608621252966e-06
2.263034063149345227e-06 3.853388924796535511e-05
2.011561219372729788e-05 -2.382167023679993164e-04
-3.123049938226283152e-04 1.209303043944251563e-03
2.352795620381337854e-03 -4.781377996890967194e-03
-1.163334496044397641e-02 1.337425312290537079e-02
3.739062922760530427e-02 -2.084386664605259593e-02
-6.626755113655574680e-02 2.460457833157203812e-16
3.739062922760250096e-02 2.084386664604837708e-02
-1.163334496044505541e-02 -1.337425312290402291e-02
2.352795620381686967e-03 4.781377996890787650e-03
-3.123049938227235624e-04 -1.209303043944182825e-03
2.011561219396788234e-05 2.382167023676054528e-04
2.263034063045399461e-06 -3.853388924791483128e-05
-9.774366999241610008e-07 5.294449608519274434e-06
1.900362256789224943e-07 -6.326092809461385354e-07
-2.745470116832013799e-08 6.688718828732992315e-08
3.283911293742315890e-09 -6.342456328222022448e-09
-3.404380271509207000e-10 5.451200057331468208e-10
3.137708665664769761e-11 -4.283436713329425201e-11
-2.613693015905864944e-12 3.099080402255515126e-12
1.990957441038130487e-13 -2.078636356806954462e-13
-1.384986957121873058e-14 1.313533749384272116e-14
7.880600596075313649e-16 -6.732981339793219203e-16
-3.305255091740911062e-17 -2.101765951687850722e-17
-1.469271870972923916e-16 1.238039832800186112e-17
-1.407713044683150019e-16 1.382478171250709548e-16
8.919585037902748257e-17 -1.394559388470481521e-16
-2.549654462941543307e-16 -6.428168802932336062e-17
-5.414403167174902463e-17 9.673780091321344696e-17
1.137523231607164666e-16 1.613044327566793333e-16
-1.927201627999666510e-16 1.380256323675464024e-16
2.294599076221884426e-15 -2.993389156620456839e-15
-3.634956722526236175e-14 4.318835024900960302e-14
5.565029422856984492e-13 -5.912641465274665256e-13
-7.940332528104369456e-12 7.464199623386094114e-12
1.046043481712138970e-10 -8.612997126806206251e-11
-1.263168114068615177e-09 8.980004045883043982e-10
1.387136204294665676e-08 -8.335299547424093619e-09
-1.371741892465484793e-07 6.743392630764513561e-08
1.206750198756509907e-06 -4.596897709438610637e-07
-9.297296970397199721e-06 2.475670002329581466e-06
6.144678708887609789e-05 -8.843854280030314779e-06
-3.385566425877410495e-04 2.728735486454178641e-06
1.491056110327510734e-03 2.260680353524692477e-04
-4.902854747089980918e-03 -1.747148801490325080e-03
1.060011456261096725e-02 7.021770818333728133e-03
-1.124903308283664929e-02 -1.359881268754117682e-02
-3.824443882245247631e-03 3.460891069275262365e-16
-1.124903308283391364e-02 1.359881268754262879e-02
1.060011456260903477e-02 -7.021770818335017900e-03
-4.902854747089293100e-03 1.747148801490612828e-03
1.491056110327275679e-03 -2.260680353522382042e-04
-3.385566425872426960e-04 -2.728735486261767908e-06
6.144678708823530730e-05 8.843854279901867314e-06
-9.297296970484784622e-06 -2.475670002174320327e-06
1.206750198759449747e-06 4.596897711075711448e-07
-1.371741891636163305e-07 -6.743392588937636196e-08
1.387136252742374584e-08 8.335299892070407925e-09
-1.263168114235565040e-09 -8.980006384403554613e-10
1.046040357631519110e-10 8.612960553479334834e-11
-7.940608433250382156e-12 -7.463963100373584539e-12
5.560081342007067281e-13 5.908743438445821949e-13
-3.600676464884865724e-14 -4.330297391687613936e-14
2.255281399933214622e-15 2.979866810335490143e-15
-1.169010209936141413e-16 -2.951184445674148946e-16
7.725316563071318459e-17 -1.265010532622293572e-17
-1.865917724374287285e-16 5.343904575048437993e-17
2.008784394311853185e-16 2.309694432724226078e-16
-1.121749294129810705e-16 2.586552874376593677e-17
2.673107686915893944e-16 1.403645226311724828e-16
5.593840820573862532e-17 -1.044101509872269338e-16
6.296051599155698669e-16 1.049991463800471825e-16
-7.632570053171595631e-15 -5.225740468942369751e-15
1.081604935119426152e-13 8.216862293059280559e-14
-1.430406958184590287e-12 -1.215393121136385691e-12
1.742230116647558477e-11 1.666093702862238000e-11
-1.934669353745607971e-10 -2.098900465053366295e-10
1.937742713770962398e-09 2.412019907559581780e-09
-1.726316471654345511e-08 -2.506320942724092509e-08
1.342188219765051674e-07 2.329346848482400018e-07
-8.855375127628394091e-07 -1.909949454164787459e-06
4.732575049261007939e-06 1.357360059456252070e-05
-1.861116364304853937e-05 -8.164189226556945378e-05
3.880810477291915300e-05 4.018901051127076710e-04
8.325587303718815792e-05 -1.539236228798052802e-03
-1.016949081404537906e-03 4.214895767249534492e-03
3.553836064133740740e-03 -6.974446261356846352e-03
-4.530723081467197093e-03 4.304003456056272429e-03
-1.309580765986008855e-03 -5.013050081418221299e-16
-4.530723081467023620e-03 -4.304003456054130913e-03
3.553836064134019597e-03 6.974446261356430886e-03
-1.016949081404789441e-03 -4.214895767249267344e-03
8.325587303707826048e-05 1.539236228798050851e-03
3.880810477264969488e-05 -4.018901051124692007e-04
-1.861116364319134235e-05 8.164189226570358314e-05
4.732575049133238101e-06 -1.357360059454564103e-05
-8.855375127608880569e-07 1.909949454150221456e-06
1.342188219647763551e-07 -2.329346849409446080e-07
-1.726316468077722752e-08 2.506320929142465139e-08
1.937742681672763012e-09 -2.412019846977668224e-09
-1.934667516183386756e-10 2.098900632467839616e-10
1.742215027104390632e-11 -1.666090832271703703e-11
-1.430297174567472043e-12 1.215270376682845384e-12
1.080599850298248289e-13 -8.197835036796182336e-14
-7.588377676228781894e-15 5.074627361005536411e-15
5.487720950642791067e-16 -2.592368966564733656e-16
-1.715193846977976840e-19 -3.974646903348898820e-18
9.506561217767142005e-17 -9.833902944434830735e-17
-5.932668993274959456e-17 1.515870710631603148e-16
1.959944705057100705e-16 8.845812207660349152e-17
5.844993402013374953e-17 -1.069793930193673840e-16
-1.609517959217073788e-16 -9.285913068530875192e-17
6.744064605358759678e-16 -1.163347764092043846e-15
-1.068556776108674998e-14 1.731931852035197262e-14
1.636992102666441520e-13 -2.383122862604482225e-13
-2.334178986223689675e-12 3.041643400009141695e-12
3.069811780926978702e-11 -3.563775678794511240e-11
-3.695739280717819474e-10 3.799572615209009006e-10
4.040851349124124274e-09 -3.646801358597506710e-09
-3.974162096693405164e-08 3.108299340321349313e-08
3.473908644766343332e-07 -2.310598438258143934e-07
-2.658168837451074004e-06 1.460601752670964277e-06
1.745402892147934640e-05 -7.554439140332197996e-06
-9.572479691410093244e-05 2.987573061773301860e-05
4.218899990593576481e-04 -7.712845079312568523e-05
-1.408011923759594454e-03 5.254040230773689678e-05
3.211325388191170731e-03 4.500535604274198123e-04
-4.031635607311118488e-03 -1.589357762436568533e-03
1.274345361290912413e-03 1.311592935219308342e-03
3.772485134510302320e-04 -3.359115856204364691e-16
1.274345361290994813e-03 -1.311592935219503282e-03
-4.031635607311063844e-03 1.589357762437236402e-03
3.211325388190913559e-03 -4.500535604279355673e-04
-1.408011923759416211e-03 -5.254040230779986859e-05
4.218899990591022100e-04 7.712845079302072090e-05
-9.572479691374994909e-05 -2.987573061740135099e-05
1.745402892145291897e-05 7.554439140014619933e-06
-2.658168837543222719e-06 -1.460601752419196015e-06
3.473908643861792083e-07 2.310598434437608443e-07
-3.974162127689337084e-08 -3.108299352988510649e-08
4.040851421893623090e-09 3.646801639197156412e-09
-3.695735952597427102e-10 -3.799570561224595975e-10
3.069814839389778391e-11 3.563760258156050091e-11
-2.334032087286692713e-12 -3.041431153446604486e-12
1.633643260612518699e-13 2.383845699021225946e-13
-1.074847370467274522e-14 -1.733006381835311552e-14
6.089960096769140923e-16 1.249144781506293362e-15
-1.383263976978110424e-16 -1.166351642592384004e-16
1.633073970867385356e-16 -2.416697159326093445e-17
-9.887485981890666722e-17 -1.747047018642606452e-16
1.163984336483032954e-16 -4.449222262857787206e-17
-2.563716156012660524e-16 -8.706547377665990359e-17
9.429275786274999224e-17 1.877739495317425658e-16
-2.557932911749344419e-15 -1.064854869933230072e-15
3.532553881585235034e-14 1.958566417082930863e-14
-4.710202791466361185e-13 -2.915506542196155444e-13
5.803835597014611789e-12 4.015528522418279555e-12
-6.550731071938635120e-11 -5.079852669818272393e-11
6.710718179888710006e-10 5.858500719545885998e-10
-6.172421172284641949e-09 -6.107597487357392933e-09
5.028418031676690971e-08 5.696239027102135626e-08
-3.564499037763130658e-07 -4.691277179391099777e-07
2.146295399449023211e-06 3.355438175468338683e-06
-1.060061430175828749e-05 -2.039046250092299632e-05
4.060682538418383528e-05 1.021490136634252909e-04
-1.083273954884820324e-04 -4.038176513934626068e-04
1.466505375903850094e-04 1.176162216080305686e-03
1.098651075861774811e-04 -2.233336132043533921e-03
-6.425959987956586300e-04 2.095040475853851385e-03
3.773069462551543064e-04 -2.301461987072120363e-04
1.048307726372830215e-04 -2.792066075016678733e-16
3.773069462556847523e-04 2.301461987066368399e-04
-6.425959987958739525e-04 -2.095040475853559951e-03
1.098651075862755471e-04 2.233336132043301902e-03
1.466505375903355427e-04 -1.176162216080168643e-03
-1.083273954883536629e-04 4.038176513935016381e-04
4.060682538420895489e-05 -1.021490136633275094e-04
-1.060061430172779600e-05 2.039046250095620340e-05
2.146295399365103845e-06 -3.355438175481670135e-06
-3.564499037862345215e-07 4.691277179804326388e-07
5.028418028822722643e-08 -5.696239027138988176e-08
-6.172421109431211434e-09 6.107597429735843397e-09
6.710716028072450652e-10 -5.858500762336750756e-10
-6.550722398159381160e-11 5.079853208109821622e-11
5.803715592079174239e-12 -4.015516852261339369e-12
-4.709659806992304568e-13 2.914128141968938033e-13
3.529614250595258861e-14 -1.952284356658765522e-14
-2.501744428545540756e-15 1.141141284891928034e-15
1.607156363596670715e-16 -1.281075901487901764e-16
-5.673313712356812531e-17 1.003244504996335924e-16
7.547531207759588807e-17 -1.361541675465659836e-16
-1.472968196471773038e-16 -8.444105016415721456e-17
-7.610194410687664455e-17 1.068355174780812483e-16
2.512537197625774318e-16 -2.099366605155448101e-16
-2.164748581978071266e-15 4.812884322914879929e-15
3.323993419752831396e-14 -6.676712196427144492e-14
-4.794454064955263460e-13 8.611014024608163151e-13
6.373097269767150450e-12 -1.023164797565048745e-11
-7.752415021005843135e-11 1.110879245124356153e-10
8.564293455427945601e-10 -1.092104771742076422e-09
-8.515286613209856854e-09 9.614433004424165563e-09
7.535565209244974008e-08 -7.475212991620282045e-08
-5.852473102914028513e-07 5.042087254931882890e-07
3.917472651400038600e-06 -2.880797678886293198e-06
-2.206289179090081297e-05 1.348064339990857808e-05
1.011173630351332197e-04 -4.908143683390321069e-05
-3.591132551546537960e-04 1.271757478616383004e-04
9.138164078660905316e-04 -1.915211309638352336e-04
-1.442304835827699526e-03 4.870144562762255115e-05
9.910880501898119369e-04 2.445240244636355227e-04
4.048515198320291512e-05 -1.055248496840889452e-04
4.066038286653255232e-05 2.782145537028340628e-17
4.048515198355589069e-05 1.055248496837520294e-04
9.910880501898785069e-04 -2.445240244637889374e-04
-1.442304835827855000e-03 -4.870144562740791978e-05
9.138164078660804485e-04 1.915211309638398956e-04
-3.591132551544029658e-04 -1.271757478615893216e-04
1.011173630349283191e-04 4.908143683389910427e-05
-2.206289179079125095e-05 -1.348064339991371279e-05
3.917472651536307567e-06 2.880797678874489794e-06
-5.852473101683711040e-07 -5.042087252809831364e-07
7.535565210354026010e-08 7.475212997679201361e-08
-8.515286705861146274e-09 -9.614433255319839292e-09
8.564290714933173303e-10 1.092104783670986795e-09
-7.752410025406787490e-11 -1.110877452819818495e-10
6.372971973450947172e-12 1.023150148689758898e-11
-4.791512054523377019e-13 -8.611505341882374473e-13
3.324658354694320985e-14 6.678760448886920812e-14
-2.095441001209923108e-15 -4.834024802839276385e-15
2.169566236069308261e-16 4.054962177371668135e-16
-1.314309934033026001e-16 5.196173021303369382e-17
1.268229020109559892e-16 1.917031263127377559e-16
-1.151100350095175619e-16 2.467744912334405099e-17
2.018524658286582636e-16 3.746242577988240819e-17
-5.430540878752898989e-16 -3.000482125478862145e-16
8.763533415238097954e-15 3.297640306669831992e-15
-1.171575678644473031e-13 -5.190630028307677222e-14
1.462202374681439061e-12 7.278112054498929880e-13
-1.677356010023728848e-11 -9.364198628709654669e-12
1.753981338514601840e-10 1.098217062072396507e-10
-1.656142599650830347e-09 -1.164851010185738563e-09
1.396015360072595183e-08 1.106829910303773110e-08
-1.035681994773227844e-07 -9.310411990428037638e-08
6.640414529155586889e-07 6.829792920408239353e-07
-3.591720730781243347e-06 -4.284795897231233939e-06
1.584739140821912176e-05 2.239739524290415638e-05
-5.425668842568969483e-05 -9.404752836777981542e-05
1.326885500245598070e-04 3.004605283367408459e-04
-1.959730877538565111e-04 -6.684088816580113562e-04
9.604520589840274459e-05 8.744461668844778855e-04
9.440408832279027014e-05 -4.259338745569484831e-04
-3.305646588344032268e-05 -5.664400435870838301e-05
-1.294793914665033630e-05 6.002604214580740334e-17
-3.305646588356867866e-05 5.664400435870721749e-05
9.440408832274753902e-05 4.259338745569764013e-04
9.604520589816484353e-05 -8.744461668843185077e-04
-1.959730877538639921e-04 6.684088816580137414e-04
1.326885500245293139e-04 -3.004605283367669209e-04
-5.425668842545520901e-05 9.404752836787434430e-05
1.584739140799653505e-05 -2.239739524303108596e-05
-3.591720730737981563e-06 4.284795897241516072e-06
6.640414528906004396e-07 -6.829792919651964927e-07
-1.035681995672033298e-07 9.310411994865426197e-08
1.396015358261955883e-08 -1.106829904979757777e-08
-1.656142494442140379e-09 1.164851075967580766e-09
1.753980518722645950e-10 -1.098216828915832053e-10
-1.677339739231544093e-11 9.364181585798167471e-12
1.462199832445351992e-12 -7.277475521399862231e-13
-1.170797344199320935e-13 5.186226401184341058e-14
8.699702944010911212e-15 -3.343127320727276548e-15
-5.840574627680240043e-16 2.436183544651329820e-16
7.500537051062076997e-17 -8.355496220574108047e-17
-1.432039243402824270e-16 1.217992706885657070e-16
1.285581667555885443e-16 8.739920139969146818e-17
7.158051913302819727e-17 -1.787253247338741506e-16
-4.030855970308188257e-16 9.831328594021409968e-16
5.206444992403216766e-15 -1.492279379023577609e-14
-7.649798348389050344e-14 1.949530534971740109e-13
1.041725547756556630e-12 -2.351954871800339655e-12
-1.296926825413750000e-11 2.601848919697028428e-11
1.466386132247516588e-10 -2.617550194674464169e-10
-1.493605858274700529e-09 2.371695667299154729e-09
1.356856249654395017e-08 -1.912698838833708697e-08
-1.085643286958337319e-07 1.352918660823102497e-07
7.529012999592863848e-07 -8.236986131423349882e-07
-4.432024000809976853e-06 4.210573128941458388e-06
2.152916357695055187e-05 -1.746104723077706358e-05
-8.293311743151816386e-05 5.584628574019062354e-05
2.386115593494277608e-04 -1.269007903281247978e-04
-4.641681514010032169e-04 1.747314903629356862e-04
5.011969575845561138e-04 -8.973706698666294600e-05
-1.641379539405074149e-04 -4.163610134201983770e-05
-3.363651344955656812e-05 9.535356496766832435e-06
-1.009674114699408062e-05 2.026798211305721827e-16
-3.363651344961392242e-05 -9.535356496468033093e-06
-1.641379539403961215e-04 4.163610134205189621e-05
5.011969575845918925e-04 8.973706698683630992e-05
-4.641681514009500910e-04 -1.747314903628847558e-04
2.386115593493743909e-04 1.269007903281328209e-04
-8.293311743138885919e-05 -5.584628574027195226e-05
2.152916357683850297e-05 1.746104723091255158e-05
-4.432024000865717550e-06 -4.210573129156316765e-06
7.529012999337802110e-07 8.236986129801210849e-07
-1.085643285427531467e-07 -1.352918661168142427e-07
1.356856256697830488e-08 1.912698855751911343e-08
-1.493605689806145060e-09 -2.371695686673988255e-09
1.466384468916409543e-10 2.617549363652634232e-10
-1.296920178971042363e-11 -2.601831336762237689e-11
1.041601706489222107e-12 2.351881107734004735e-12
-7.650804198707335236e-14 -1.949297762492770656e-13
5.146381670842705704e-15 1.495239616560673073e-14
-3.567837659610200000e-16 -1.110824919267724753e-15
1.970076715347504328e-16 -2.117017798066576183e-17
-8.080928562200306179e-17 -1.085495817165491744e-16
1.106389085567764798e-16 -1.793504551362873755e-17
-2.762930293072944803e-16 -6.133037183559135376e-17
1.700112176588325021e-15 5.280584888170383086e-16
-2.424598406807802526e-14 -7.148005764384159896e-15
3.062979270900200287e-13 1.050494027914737497e-13
-3.577235369315680230e-12 -1.395558809052291501e-12
3.821872932451087845e-11 1.687462415576297805e-11
-3.703933446767410336e-10 -1.845229420253036150e-10
3.223563249275325040e-09 1.809679319030952298e-09
-2.488764032800994067e-08 -1.575312793173529201e-08
1.678761956114853201e-07 1.201214507504485715e-07
-9.702696567590765051e-07 -7.888730010278214088e-07
4.682880165579553103e-06 4.363725959532753309e-06
-1.821418343390420044e-05 -1.972579586417001256e-05
5.418673118673394154e-05 6.979641240949952940e-05
-1.133134107395449464e-04 -1.810264610573045425e-04
1.416348081012539016e-04 3.078863899744559390e-04
-6.556665575313916936e-05 -2.727583023667796243e-04
-2.249362002252428214e-05 5.440431474044665983e-05
1.308889318660439296e-06 1.402086372467679711e-05
-4.712681701205900323e-08 -2.291557789044831300e-17
1.308889318578108117e-06 -1.402086372456996085e-05
-2.249362002257452813e-05 -5.440431474051841368e-05
-6.556665575300909220e-05 2.727583023666879550e-04
1.416348081010480116e-04 -3.078863899744885735e-04
-1.133134107395069857e-04 1.810264610573414867e-04
5.418673118667559791e-05 -6.979641240944262233e-05
-1.821418343369878817e-05 1.972579586444595217e-05
4.682880165459863112e-06 -4.363725959433355686e-06
-9.702696566560631109e-07 7.888730009029126365e-07
1.678761956942120370e-07 -1.201214509043447700e-07
-2.488764042609780849e-08 1.575312786633712223e-08
3.223563218132996545e-09 -1.809679353604153418e-09
-3.703932807986699004e-10 1.845230686497239403e-10
3.821854867788708793e-11 -1.687460943432671647e-11
-3.577183888237907845e-12 1.395549582271081569e-12
3.062772243689820053e-13 -1.050477190709676735e-13
-2.418397204841866563e-14 7.159396880383425161e-15
1.765718065727367401e-15 -5.020486744536604617e-16
-2.070463561461563692e-16 1.189187162814061570e-16
1.536753596047227167e-16 -1.134502968528130113e-16
-1.052423438794270108e-16 -6.772602775523964951e-17
-9.334562705789730400e-17 3.084321829707547332e-16
6.982893599635321139e-16 -2.774286679286472323e-15
-9.692396875775526838e-15 3.774611997847205029e-14
1.374102261123804070e-13 -4.631745053390382806e-13
-1.781025341459914803e-12 5.228662071901944502e-12
2.092176669015050128e-11 -5.388235672994205677e-11
-2.213243968230956546e-10 5.025073597323959885e-10
2.090850898455284822e-09 -4.197207787839701719e-09
-1.745053789362060295e-08 3.100155359565996721e-08
1.269112921779870244e-07 -1.993098361536585959e-07
-7.900259722480121344e-07 1.092907079011594931e-06
4.111152658637295437e-06 -4.976014039453665851e-06
-1.731468336163642974e-05 1.812528289176515176e-05
5.633977238492745058e-05 -5.000597711686464688e-05
-1.318355873669768480e-04 9.561131426743925085e-05
1.959413708653229757e-04 -1.066740934854574011e-04
-1.412782349124788988e-04 4.115089982921624949e-05
1.360768482134899204e-05 1.373883832819892630e-05
4.726845337939848942e-06 9.652364875171165736e-07
9.319532509516627591e-07 -7.991945059518229067e-17
4.726845338049606624e-06 -9.652364874023677497e-07
1.360768482115018832e-05 -1.373883832832321822e-05
-1.412782349124593832e-04 -4.115089982914135145e-05
1.959413708653226776e-04 1.066740934853992743e-04
-1.318355873670423338e-04 -9.561131426756257884e-05
5.633977238483133605e-05 5.000597711695042082e-05
-1.731468336142800882e-05 -1.812528289172995923e-05
4.111152658673412922e-06 4.976014039538892612e-06
-7.900259723885782049e-07 -1.092907078949530285e-06
1.269112921217735770e-07 1.993098361235826000e-07
-1.745053794795700882e-08 -3.100155360032046159e-08
2.090850823931934391e-09 4.197207835053860829e-09
-2.213243159340117457e-10 -5.025073265888385221e-10
2.092166130557676109e-11 5.388220687777214789e-11
-1.781018605994371930e-12 -5.228567121824928774e-12
1.374132426493630105e-13 4.631427412766594402e-13
-9.602325228328011725e-15 -3.772134263456371381e-14
6.016632203573022316e-16 2.883390804715904321e-15
-1.638180593836569812e-16 -1.444685205220404915e-16
6.304393129618322523e-17 7.673600935584002969e-17
-1.065809114792281331e-16 2.453678169397430305e-18
4.686327300389304691e-16 1.053626429725215614e-16
-4.284063172039266046e-15 -8.247873790762541509e-16
5.609215605750737372e-14 1.182701735726893744e-14
-6.677082841004728795e-13 -1.675223813474751254e-13
7.300219389812634846e-12 2.133498634989909695e-12
-7.269267978578904908e-11 -2.448236553126848480e-11
6.533579081255796789e-10 2.516692614562769893e-10
-5.243579291406220837e-09 -2.298459682833310074e-09
3.708461487246126039e-08 1.844690382674785336e-08
-2.273494579558304613e-07 -1.282629047015186800e-07
1.182900935834633696e-06 7.583393505813563229e-07
-5.078936346590531157e-06 -3.718674709769859055e-06
1.730785593845554868e-05 1.461311410702066373e-05
-4.418588253648150782e-05 -4.378027289392253128e-05
7.687527735579120498e-05 9.250062346951641004e-05
-7.560538821716427218e-05 -1.200412642246208186e-04
2.277911527632886740e-05 6.969264522822166445e-05
8.484342919629826347e-06 -8.721776576660910822e-07
1.383097150233097090e-06 -1.134496407716729519e-06
5.903835795690962737e-07 -6.740356503531510354e-17
1.383097150343372944e-06 1.134496407837786832e-06
8.484342919677942901e-06 8.721776576903621760e-07
2.277911527642826164e-05 -6.969264522813107935e-05
-7.560538821723183152e-05 1.200412642245323071e-04
7.687527735570216488e-05 -9.250062346950620499e-05
-4.418588253629792529e-05 4.378027289388523473e-05
1.730785593840757273e-05 -1.461311410703822272e-05
-5.078936346423192175e-06 3.718674709805423851e-06
1.182900935669437073e-06 -7.583393504706860685e-07
-2.273494580094627082e-07 1.282629048278753228e-07
3.708461492755610817e-08 -1.844690378137332077e-08
-5.243579281429236473e-09 2.298459742593712928e-09
6.533579694409274011e-10 -2.516693972735473388e-10
-7.269245498485063800e-11 2.448233839056770305e-11
7.300111974702661700e-12 -2.133515794101020410e-12
-6.677286511910550128e-13 1.675022627008452099e-13
5.609994561098693204e-14 -1.180391693692584305e-14
-4.329235238867967429e-15 7.897479571237318244e-16
3.520473334908850852e-16 -9.522155861509735267e-17
-9.114132280323994034e-17 5.354860890442482873e-17
8.885191949541334692e-17 6.458237872203078562e-17
1.047908432019734666e-16 -5.749643984699324636e-16
-9.446267650092692330e-16 6.423958352806693603e-15
1.394484467582130632e-14 -8.115117358214858591e-14
-1.946559841310055288e-13 9.364146224623018576e-13
2.441714449032059185e-12 -9.896892710112178574e-12
-2.741381826288999851e-11 9.507350330108098676e-11
2.741380305965166036e-10 -8.224604650410508795e-10
-2.422644554545457166e-09 6.335918656206411574e-09
1.871451946071541578e-08 -4.287372916151036992e-08
-1.245329717434039403e-07 2.504987610854465448e-07
7.001081127456725055e-07 -1.236121624163472060e-06
-3.239189988816676920e-06 5.002448082854825109e-06
1.189205979147888063e-05 -1.593456514558348877e-05
-3.284335511012819641e-05 3.757723876020787625e-05
6.270311502291600928e-05 -5.925929403806251024e-05
-7.097456593571463445e-05 5.082224306817400276e-05
3.270795966667496083e-05 -1.106270967568025685e-05
1.858287454281951303e-06 -4.936369902506281075e-06
-5.852006629049385862e-08 -9.706267263822026918e-07
2.176951130021524938e-08 -6.385096169337716815e-17
-5.852006623957134957e-08 9.706267264854850190e-07
1.858287454430152846e-06 4.936369902510368009e-06
3.270795966665751873e-05 1.106270967559692236e-05
-7.097456593590378707e-05 -5.082224306810036510e-05
6.270311502280222226e-05 5.925929403812060315e-05
-3.284335511022053655e-05 -3.757723876031292867e-05
1.189205979141672875e-05 1.593456514551481472e-05
-3.239189988879875742e-06 -5.002448082806323156e-06
7.001081128441768257e-07 1.236121624143678171e-06
-1.245329717628279675e-07 -2.504987610117887186e-07
1.871451949065338833e-08 4.287372913467144277e-08
-2.422644524468412396e-09 -6.335918686088745472e-09
2.741380530769850567e-10 8.224604661948004334e-10
-2.741376845936752775e-11 -9.507339881738655947e-11
2.441680864759242950e-12 9.896844376642612035e-12
-1.946700837581094754e-13 -9.363777825142110950e-13
1.391189120508752443e-14 8.112708078120167096e-14
-8.539822447434890721e-16 -6.487824710806237657e-15
1.224849073653297085e-16 4.481280072988162220e-16
-6.335907472448251616e-17 -9.138889425273398619e-17
1.160401098979692611e-16 9.714103026506954259e-18
-8.321107967587482118e-16 -9.313693183027317034e-17
9.173708888234587599e-15 9.430583010173239916e-16
-1.123091933775770421e-13 -1.451616973690307666e-14
1.258069391480072373e-12 2.070663675726031817e-13
-1.288666097571066376e-11 -2.595626075623352156e-12
1.196985831257372179e-10 2.880849101019452600e-11
-9.985582653133045192e-10 -2.824212227653981695e-10
7.395322448846990889e-09 2.429414564386028661e-09
-4.793594266647609676e-08 -1.814633021834466423e-08
2.671354829333974499e-07 1.159802708873698973e-07
-1.250728479425580076e-06 -6.217461329101972165e-07
4.770633937623397910e-06 2.720267775898390799e-06
-1.419671261091696712e-05 -9.347458101444155516e-06
3.088199241364147034e-05 2.383276704922368967e-05
-4.399332340697294507e-05 -4.115027294427961555e-05
3.255707145302574055e-05 4.057755379424355074e-05
-4.501536081937097887e-06 -1.455753993242971206e-05
-2.629267904325076851e-06 -1.691889436166748663e-06
-5.805726791321693208e-07 -1.409726567283623581e-07
-1.698662806566495641e-07 -3.612534108252441862e-17
-5.805726790648245899e-07 1.409726566928484901e-07
-2.629267904296981191e-06 1.691889436124088696e-06
-4.501536081913296261e-06 1.455753993243862624e-05
3.255707145300606228e-05 -4.057755379415053975e-05
-4.399332340697354138e-05 4.115027294430255997e-05
3.088199241353772575e-05 -2.383276704924815876e-05
-1.419671261090087350e-05 9.347458101528774107e-06
4.770633937622860891e-06 -2.720267775931521223e-06
-1.250728479203329430e-06 6.217461328827390554e-07
2.671354829883112312e-07 -1.159802710029518046e-07
-4.793594279338613666e-08 1.814633013799726953e-08
7.395322325403924674e-09 -2.429414531638541299e-09
-9.985583050691792968e-10 2.824213837070916905e-10
1.196983961290232594e-10 -2.880850185965692464e-11
-1.288656366863382380e-11 2.595661749099131720e-12
1.258024939984975110e-12 -2.070733921342698214e-13
-1.123339249841724270e-13 1.450871482212762783e-14
9.249573057175836526e-15 -9.027800159478095204e-16
-7.382553011222299224e-16 6.598533350276798765e-17
6.682926204651398078e-17 -1.464244134126596847e-17
-7.410416513956680038e-17 -8.414394648348321933e-17
-8.937063778639293850e-17 1.115619577415945144e-15
8.132318524607011830e-16 -1.292313826920687758e-14
-1.397077474195732045e-14 1.529853920527456726e-13
2.060090181047175973e-13 -1.660172675842760641e-12
-2.611696503789547301e-12 1.643895443926775735e-11
2.884237775706411117e-11 -1.473158715197124504e-10
-2.782705374311899751e-10 1.182947192118531794e-09
2.335978067741633474e-09 -8.410244228162721150e-09
-1.690448041757848928e-08 5.216303070810041777e-08
1.039513076746202552e-07 -2.770457429148900489e-07
-5.322649880400173484e-07 1.230032812019182431e-06
2.205880392766972607e-06 -4.419872370511086299e-06
-7.106406564102528192e-06 1.227961689437407157e-05
1.675285715078846224e-05 -2.460691723105418573e-05
-2.618747907708209084e-05 3.156276592880884836e-05
2.246815951788269376e-05 -1.992764271922514905e-05
-6.106286220315650931e-06 1.276380972806861540e-06
-1.044884773326339215e-06 1.253344625483408817e-06
-1.241415104642522701e-07 2.804362845493658845e-07
-2.931808873948915083e-08 -3.030955821266849663e-17
-1.241415105066093703e-07 -2.804362847020729018e-07
-1.044884773220370735e-06 -1.253344625653318968e-06
-6.106286220169851149e-06 -1.276380972847312022e-06
2.246815951798700417e-05 1.992764271924155438e-05
-2.618747907698795838e-05 -3.156276592888091392e-05
1.675285715076816056e-05 2.460691723112399141e-05
-7.106406563997284348e-06 -1.227961689432777614e-05
2.205880392792908756e-06 4.419872370508837427e-06
-5.322649880945626703e-07 -1.230032812095829807e-06
1.039513076741574047e-07 2.770457428813147217e-07
-1.690448038824554972e-08 -5.216303062309167502e-08
2.335978100662696003e-09 8.410244230254363134e-09
-2.782705203333214254e-10 -1.182947180328936833e-09
2.884231745712924915e-11 1.473157542060078902e-10
-2.611604459707700432e-12 -1.643890028688320187e-11
2.060344554447248852e-13 1.660190541996269592e-12
-1.396078563660334815e-14 -1.529457537282750706e-13
7.636604921825130465e-16 1.297400776015270925e-14
-8.082973692595688632e-17 -9.922987047290777605e-16
6.223740387104963421e-17 1.359798725525773980e-16
-1.351107704816774332e-16 1.409873276884236733e-17
1.487356483387546632e-15 -4.195902436740501837e-18
-1.729176473893154066e-14 -3.784662153308467410e-16
1.991356703946216293e-13 1.005007151272226447e-14
-2.100182044137102161e-12 -1.729386157396776582e-13
2.017334901775647642e-11 2.331547252604431598e-12
-1.749521728682776992e-10 -2.636163529100243382e-11
1.355860454808898707e-09 2.548963979251681445e-10
-9.273901967849714100e-09 -2.114357311208294502e-09
5.513204018952507097e-08 1.495678387210906633e-08
-2.794094341158537752e-07 -8.907426960695149417e-08
1.177239759611738045e-06 4.377729939426101198e-07
-3.986162746540179396e-06 -1.724926708256425776e-06
1.033646181751137235e-05 5.224811096731498451e-06
-1.905919527331144183e-05 -1.141417366466208764e-05
2.194046342251273267e-05 1.617802368274731862e-05
-1.166215206950504890e-05 -1.206521420808803890e-05
-6.176001293581863208e-08 2.385550037887849770e-06
5.153610782285100305e-07 5.463713184712514436e-07
1.182505375218364508e-07 7.188819344119242356e-08
2.391658461636931367e-08 2.856219886838234142e-17
1.182505375293236133e-07 -7.188819344976399994e-08
5.153610781866838612e-07 -5.463713184388942556e-07
-6.176001292916438095e-08 -2.385550038039541512e-06
-1.166215206955813585e-05 1.206521420792070924e-05
2.194046342249644254e-05 -1.617802368284954533e-05
-1.905919527321845794e-05 1.141417366456815507e-05
1.033646181755322086e-05 -5.224811096839280005e-06
-3.986162746574221650e-06 1.724926708231870926e-06
1.177239759490112161e-06 -4.377729939137563130e-07
-2.794094341378627088e-07 8.907426972381992539e-08
5.513204026329471221e-08 -1.495678388330068767e-08
-9.273901891704669874e-09 2.114357254594645931e-09
1.355860518269258313e-09 -2.548965194045268692e-10
-1.749520074903181349e-10 2.636163840542425204e-11
2.017329238965641394e-11 -2.331554688845026752e-12
-2.100141673064524325e-12 1.729363805768127348e-13
1.991377572518645981e-13 -1.006517827213042804e-14
-1.736087292701424696e-14 3.732140187710402223e-16
1.404907675596734236e-15 -2.078701319680164154e-17
-1.288503815562607203e-16 1.546589973339441901e-18
9.013483474253962852e-17 1.333475802161795946e-16
-3.775141903058650929e-17 -1.998436362645547255e-15
3.144021489540377378e-16 2.313432396447861508e-14
3.568461440011048140e-15 -2.583319045329047799e-13
-1.156863256580823921e-13 2.637911056711244491e-12
1.845282552476242153e-12 -2.448779670754871016e-11
-2.222699565486270040e-11 2.048451809503918840e-10
2.194127863133105163e-10 -1.527866398077860464e-09
-1.816267716053455280e-09 1.003101369569115169e-08
1.263446444049443992e-08 -5.705594412589688942e-08
-7.317166496819410220e-08 2.755599364157080937e-07
3.462989667352394530e-07 -1.100766142097971123e-06
-1.301036222708483148e-06 3.509775883867411839e-06
3.715291148243509584e-06 -8.488248824304784026e-06
-7.540499106922211346e-06 1.438257281540387157e-05
9.711074831686422734e-06 -1.480715236923023689e-05
-6.292763369913896584e-06 6.517114921774566797e-06
8.478741514939076688e-07 4.627585611041964515e-07
2.587105255896180634e-07 -1.643568877900986559e-07
3.818118557739532025e-08 -3.936961786202202392e-08
8.889377804910528639e-09 -8.654943430716923992e-18
3.818118560773639776e-08 3.936961786379937036e-08
2.587105256440109194e-07 1.643568877356854182e-07
8.478741514404889007e-07 -4.627585610404187352e-07
-6.292763369917427864e-06 -6.517114921699320625e-06
9.711074831696460074e-06 1.480715236915770546e-05
-7.540499106963232305e-06 -1.438257281551272208e-05
3.715291148261891470e-06 8.488248824192765613e-06
-1.301036222787801431e-06 -3.509775883856437257e-06
3.462989666676234069e-07 1.100766142175309890e-06
-7.317166483272739502e-08 -2.755599363703537146e-07
1.263446441501601974e-08 5.705594402114636962e-08
-1.816267724668594093e-09 -1.003101373036596740e-08
2.194127272808771892e-10 1.527866357678065284e-09
-2.222692370554675177e-11 -2.048451084511172311e-10
1.845248269899941447e-12 2.448775295992171260e-11
-1.156629529114984156e-13 -2.637923719582659127e-12
3.559137157391222989e-15 2.582822536546854629e-13
3.601733922175737678e-16 -2.318462466415947659e-14
-3.507829448698137570e-17 1.897651695923372804e-15
-3.158552849803972797e-17 -1.981683483909533364e-16
2.184967766817638267e-16 -6.415964482997770258e-18
-2.547323347182051913e-15 1.954065822099449201e-16
2.924214772154938760e-14 -1.582218580569407848e-15
-3.181459811845890320e-13 8.428529663851021503e-15
3.161821478012018656e-12 8.623646433382594806e-15
-2.850822883807236306e-11 -9.426021620706676940e-13
2.310638230303389344e-10 1.498571857731234389e-11
-1.665169595966925854e-09 -1.637848205023233075e-10
1.052847091551375710e-08 1.410141152079984535e-09
-5.745027241348703669e-08 -9.886206577412148901e-09
2.649453393854512166e-07 5.657308467161638117e-08
-1.004790179424433970e-06 -2.606520318619874234e-07
3.018928806231442546e-06 9.409508664200076759e-07
-6.809295762380915639e-06 -2.547631785373417406e-06
1.059114369775022611e-05 4.824894390444624896e-06
-9.714706164985179200e-06 -5.665945592732549285e-06
3.463784031390386020e-06 3.193099405263039554e-06
4.688851254253760911e-07 -2.589709709458488899e-07
-2.135412012307569285e-08 -1.144534460297502745e-07
-7.294893922112545575e-09 -1.816159602481952883e-08
5.040854754198959748e-10 3.273550080327621625e-17
-7.294893933026596533e-09 1.816159600758480387e-08
-2.135412023835537481e-08 1.144534461058506658e-07
4.688851253953910718e-07 2.589709710229856922e-07
3.463784031352896765e-06 -3.193099405261395040e-06
-9.714706165056131762e-06 5.665945592742442630e-06
1.059114369771842341e-05 -4.824894390415276899e-06
-6.809295762328523263e-06 2.547631785394751625e-06
3.018928806310654526e-06 -9.409508662934554478e-07
-1.004790179307544905e-06 2.606520317591787465e-07
2.649453393472850767e-07 -5.657308468162944881e-08
-5.745027257474806101e-08 9.886206532774271932e-09
1.052847083921751750e-08 -1.410141054650501610e-09
-1.665169712638418606e-09 1.637848961512428255e-10
2.310637226231638472e-10 -1.498577269574022080e-11
-2.850813691648520308e-11 9.425769386446229438e-13
3.161816451304911669e-12 -8.571431509066694968e-15
-3.181685705778455243e-13 -8.429865309844161227e-15
2.927486427616631211e-14 1.583035017253552845e-15
-2.451192168821895306e-15 -1.744158430291874603e-16
2.313866046824545630e-16 -1.235396619583500229e-19
-1.028139337286244036e-16 -2.352767301081073682e-16
3.493826334284632419e-16 3.367384177072513455e-15
-3.298807941201729828e-15 -3.771958221343743956e-14
2.452466621020565612e-14 3.973376485750282754e-13
-1.298688603908813704e-13 -3.820081010810444617e-12
1.726722142563695232e-13 3.326236309968315168e-11
6.469747165190997409e-12 -2.598718038835408127e-10
-1.017678551639758358e-10 1.801320107545622168e-09
9.826934425335268983e-10 -1.092655879024169819e-08
-7.165991973147253353e-09 5.702015114645694862e-08
4.117918333298345788e-08 -2.504917497147523479e-07
-1.865214628005470262e-07 9.002874187420417057e-07
6.515260026503020420e-07 -2.545606019566251002e-06
-1.682120586205249515e-06 5.348924857329561467e-06
2.988290496506814626e-06 -7.624667033076145912e-06
-3.215871105555726982e-06 6.203204019774905160e-06
1.580977265289909088e-06 -1.737390041479281799e-06
-5.577088434709328959e-08 -3.513385288960392316e-07
-4.827353689157221967e-08 -2.316085929260392458e-08
-8.821842074560384988e-09 -2.449167683664530609e-09
-2.240850677548597626e-09 -2.267189923552741096e-17
-8.821841971194876557e-09 2.449167594114279681e-09
-4.827353671532109446e-08 2.316085941934904452e-08
-5.577088444403515161e-08 3.513385288691840520e-07
1.580977265270252629e-06 1.737390041484523451e-06
-3.215871105597412015e-06 -6.203204019644397712e-06
2.988290496511224703e-06 7.624667033080206588e-06
-1.682120586188151943e-06 -5.348924857338971156e-06
6.515260027056299165e-07 2.545606019470925914e-06
-1.865214628273800770e-07 -9.002874187597768816e-07
4.117918316763662456e-08 2.504917496738259394e-07
-7.165991977003518084e-09 -5.702015105341854529e-08
9.826934889897794977e-10 1.092655877239643783e-08
-1.017678047802533382e-10 -1.801320050449542838e-09
6.469685077112151224e-12 2.598717258254166860e-10
1.726573453622135606e-13 -3.326233427353149041e-11
-1.299206582476767636e-13 3.820074593129490064e-12
2.453594136233123290e-14 -3.973399323428597384e-13
-3.345709015272507924e-15 3.776390381554953300e-14
3.344426741550480559e-16 -3.286916571156426698e-15
-1.515498880121346507e-17 3.112371212705811152e-16
-3.597280395007603908e-16 4.595511641631591128e-17
4.096034125014645663e-15 -6.196292684477295107e-16
-4.506428882667481113e-14 5.801315876642856596e-15
4.637117731086483638e-13 -4.759563585218299468e-14
-4.347123547252228981e-12 3.282948159075658471e-13
3.683170595920643102e-11 -1.751193920466563120e-12
-2.793068003574330182e-10 5.147701871006423943e-12
1.873738588046455312e-09 2.253216414526120098e-11
-1.096284698913435515e-08 -4.836208737135726411e-10
5.495888266900659792e-08 4.300857144368876882e-09
-2.308053634165978036e-07 -2.656197399212852104e-08
7.881674793595052507e-07 1.226681709444728960e-07
-2.100586095200068667e-06 -4.238833786331585899e-07
4.113909532865434705e-06 1.059014788098434978e-06
-5.369063389182432309e-06 -1.783761052224076145e-06
3.855413657702743699e-06 1.774980278078769808e-06
-8.092934476878709827e-07 -7.664226129360023784e-07
-2.263158176409535876e-07 -3.545298555691367507e-09
-2.808838834443879890e-08 1.965484652351096978e-08
-4.194762363669657609e-09 4.004479949523715808e-09
-1.317973485583916786e-09 1.686489152941197070e-17
-4.194762312579107636e-09 -4.004480173979503415e-09
-2.808838809247575943e-08 -1.965484642185247428e-08
-2.263158176792500117e-07 3.545298692014292641e-09
-8.092934476833685791e-07 7.664226129474821101e-07
3.855413657780351399e-06 -1.774980278029672390e-06
-5.369063389205123475e-06 1.783761052185690729e-06
4.113909532893551116e-06 -1.059014788218036030e-06
-2.100586095259689622e-06 4.238833785260556677e-07
7.881674792997411470e-07 -1.226681709096730768e-07
-2.308053633675714043e-07 2.656197406634502179e-08
5.495888284590240122e-08 -4.300857101574149397e-09
-1.096284699961690569e-08 4.836207732927068358e-10
1.873738628114596561e-09 -2.253222277994922504e-11
-2.793067506322906959e-10 -5.147667440692404368e-12
3.683160617903657457e-11 1.751278830510790447e-12
-4.347115824775942069e-12 -3.284054018409646504e-13
4.637795594743826577e-13 4.757632398909426624e-14
-4.508325617246564584e-14 -5.800987436650475383e-15
3.977482383698840655e-15 5.978469691108153099e-16
-3.655978861488420494e-16 -4.505905251809201657e-17
1.273019269482093153e-16 4.184276891139348642e-16
-9.362650806224876011e-16 -5.299185280465538465e-15
9.142110905179652421e-15 5.672549344586065481e-14
-7.686634196967654713e-14 -5.647261684993362718e-13
5.644031039257771450e-13 5.113133802045355340e-12
-3.501823837487719024e-12 -4.177313592743361214e-11
1.716246093159945381e-11 3.049073711656877903e-10
-5.416270767628628869e-11 -1.964715137991205196e-09
-2.869066141365869430e-11 1.101381458740837450e-08
1.826523318989089255e-09 -5.274154824576805711e-08
-1.457029879254157552e-08 2.107592489049553774e-07
7.300395873524399026e-08 -6.813597022408125114e-07
-2.570512732494777267e-07 1.707033863578859183e-06
6.327837216166575920e-07 -3.109436727432456233e-06
-1.024626696238226497e-06 3.706548213707404526e-06
9.549487560705087151e-07 -2.334437819655371958e-06
-3.665938511870625106e-07 3.393115606461792868e-07
-1.468951496278173503e-08 1.309246386786148980e-07
7.675193467163748426e-09 2.106119498942948054e-08
1.850849871018675937e-09 3.118235639668113832e-09
4.710830827577435036e-10 7.760621678228264566e-19
1.850849993737312881e-09 -3.118235737747055961e-09
7.675193738092662911e-09 -2.106119523915609826e-08
-1.468951503646170824e-08 -1.309246385979874994e-07
-3.665938511640595839e-07 -3.393115607566169248e-07
9.549487559804072794e-07 2.334437819619052032e-06
-1.024626696306187762e-06 -3.706548213741529789e-06
6.327837215567617747e-07 3.109436727474977710e-06
-2.570512732563879803e-07 -1.707033863489519230e-06
7.300395877182051405e-08 6.813597022427911803e-07
-1.457029867656945074e-08 -2.107592489153244900e-07
1.826523306848888829e-09 5.274154816713780333e-08
-2.869063109272794739e-11 -1.101381454454001388e-08
-5.416273820888048915e-11 1.964715062235526052e-09
1.716250455748505581e-11 -3.049072927406659451e-10
-3.501843024464817859e-12 4.177312216861748577e-11
5.644326438135657408e-13 -5.113130246314306734e-12
-7.687671154770095335e-14 5.647439687870635315e-13
9.148170072802938459e-15 -5.678137001015936561e-14
-9.378837103913529975e-16 5.236471884783727595e-15
9.715982636258204181e-17 -4.740390251758793843e-16
5.466598359562890617e-16 -1.363059299826822680e-16
-6.049767243396595436e-15 1.378692345899398755e-15
6.372832907109769963e-14 -1.297305338036335863e-14
-6.213875353368047936e-13 1.112503648975376810e-13
5.501785509126386645e-12 -8.454545310078395312e-13
-4.386037258983071216e-11 5.597547164982425656e-12
3.116023111267600892e-10 -3.137468185428646651e-11
-1.948488702346668135e-09 1.416479800912454343e-10
1.056259611460433228e-08 -4.583298059557002001e-10
-4.870571597648780300e-08 6.038898037326603811e-10
1.864446487313762826e-07 3.892537401674032697e-09
-5.736188737482486417e-07 -3.295978002604731664e-08
1.355817070642880100e-06 1.346234188914251050e-07
-2.301258520239012137e-06 -3.466791249522162580e-07
2.504260814208360623e-06 5.587199481272258173e-07
-1.373865990729778142e-06 -4.999339595660953247e-07
1.169893753827898457e-07 1.740480229831982299e-07
6.924340445083921851e-08 1.292110237821812085e-08
1.293694224950376534e-08 -2.792906023191516829e-09
1.925750413887500166e-09 -7.729993285741422821e-10
4.216501533855707686e-10 -9.249434962650258129e-17
1.925750418777201341e-09 7.729991569086817072e-10
1.293694244879166547e-08 2.792905943847877257e-09
6.924340444937090013e-08 -1.292110235846951460e-08
1.169893753062969605e-07 -1.740480230761992446e-07
-1.373865990736454244e-06 4.999339595117449262e-07
2.504260814215638330e-06 -5.587199481482934325e-07
-2.301258520222126111e-06 3.466791249631442006e-07
1.355817070700513915e-06 -1.346234187965032048e-07
-5.736188737186075708e-07 3.295977994395915673e-08
1.864446487105647360e-07 -3.892537475793199106e-09
-4.870571605401878007e-08 -6.038898298517294652e-10
1.056259615864816288e-08 4.583298779261653960e-10
-1.948488772590559962e-09 -1.416479506776024625e-10
3.116022632433337981e-10 3.137465899173874543e-11
-4.386031464578861347e-11 -5.597597575832258112e-12
5.501769101345790320e-12 8.455519836424033317e-13
-6.214528938971713010e-13 -1.112368201453773391e-13
6.377757287256975283e-14 1.299485938445639281e-14
-5.944296001033411637e-15 -1.383115492525745563e-15
5.516296213551764790e-16 1.078844913059392063e-16
-2.288079607370020639e-16 -6.718032323474337095e-16
1.990374785505911451e-15 7.835184693414401797e-15
-1.865778062971419561e-14 -7.996481825287103985e-14
1.579369959235141339e-13 7.518804746446674575e-13
-1.192813380479855244e-12 -6.411765661142308002e-12
7.932181164678542204e-12 4.915088870421651324e-11
-4.557862353013976947e-11 -3.351678223954567372e-10
2.201917608259481126e-10 2.007540835613757649e-09
-8.550426971828422524e-10 -1.039884445913395519e-08
2.432320701745100403e-09 4.568336935306093615e-08
-3.673861615053004727e-09 -1.659852397279913674e-07
-5.866714964269630528e-09 4.823125380544850542e-07
5.528808033226258758e-08 -1.069127569314005081e-06
-1.702504444219053658e-07 1.683192435760261216e-06
2.888757791006895240e-07 -1.665105713218435000e-06
-2.571613687923425648e-07 7.881571199282897869e-07
8.350793974045855986e-08 -2.308303234487944283e-08
8.967064118099921879e-09 -3.319272604452040592e-08
-8.032379605409491550e-10 -7.004845569077026676e-09
-2.923705814019599790e-10 -9.928971664482706643e-10
-5.954031205942237512e-11 1.035312809126450086e-17
-2.923707378860771644e-10 9.928970182068005573e-10
-8.032377355021951546e-10 7.004845327017690816e-09
8.967063959597354649e-09 3.319272603732384856e-08
8.350793980040252567e-08 2.308303236632092715e-08
-2.571613688675167919e-07 -7.881571198037871668e-07
2.888757791117709384e-07 1.665105713166653334e-06
-1.702504444030339217e-07 -1.683192435774004749e-06
5.528808031198838415e-08 1.069127569173091833e-06
-5.866714968159651672e-09 -4.823125380645012188e-07
-3.673861612569667080e-09 1.659852397542822907e-07
2.432320709802169615e-09 -4.568336927074361413e-08
-8.550427316021817808e-10 1.039884444902372030e-08
2.201917782053133850e-10 -2.007540763837200235e-09
-4.557863862612929315e-11 3.351677964523664511e-10
7.932194040991412092e-12 -4.915091074120795893e-11
-1.192823474914702398e-12 6.411778011681066589e-12
1.579663764651832267e-13 -7.518761010584584675e-13
-1.867534003016914150e-14 7.998053414673297087e-14
1.962758927165428869e-15 -7.793930588997745819e-15
-2.007977572781378140e-16 7.156509838644918436e-16
-7.611883400000131667e-16 2.423511120207548521e-16
8.224529451868179265e-15 -2.484505077255832477e-15
-8.289627998758503931e-14 2.323537120929477976e-14
7.668697004675344288e-13 -1.970793563323667077e-13
-6.422895118167163043e-12 1.497027097720005763e-12
4.825830299126720808e-11 -1.006853350140962291e-11
-3.217466400244849334e-10 5.904269613283574807e-11
1.878624468372362633e-09 -2.959388700007069760e-10
-9.452097602067328377e-09 1.233226171694395515e-09
4.015679071079958866e-08 -4.094765502292788453e-09
-1.403254758500000343e-07 1.002284472075981961e-08
3.893838867249881236e-07 -1.470463338307985407e-08
-8.163886230112342521e-07 -9.545000069947639181e-10
1.198715825454438231e-06 6.038241492572443616e-08
-1.079373422270346376e-06 -1.344778334249010528e-07
4.360398700975662680e-07 1.290423865427818053e-07
1.126107327362329899e-08 -4.047207108622067435e-08
-1.432138247525580766e-08 -5.891270783492861360e-09
-3.365175112865438518e-09 5.260304106218975415e-11
-4.688279930699899193e-10 7.881089482072069015e-11
-8.227158711882993216e-11 -1.219977784494510367e-16
-4.688282000800681554e-10 -7.881091156232186492e-11
-3.365175208036293614e-09 -5.260313177507925470e-11
-1.432138241003911965e-08 5.891270831553738262e-09
1.126107337825365095e-08 4.047207102164891756e-08
4.360398702470548777e-07 -1.290423865505933549e-07
-1.079373422242277610e-06 1.344778334333899905e-07
1.198715825412049102e-06 -6.038241487440756709e-08
-8.163886231037122505e-07 9.545000120097705477e-10
3.893838867111333645e-07 1.470463338626661535e-08
-1.403254758296894018e-07 -1.002284466879324649e-08
4.015679077058046093e-08 4.094765485698078774e-09
-9.452097594548741337e-09 -1.233226275860954750e-09
1.878624506952954795e-09 2.959389099340413082e-10
-3.217465720481950700e-10 -5.904266769786594750e-11
4.825823471957988404e-11 1.006853180958733949e-11
-6.422871134171072942e-12 -1.497115688992949652e-12
7.669179443270461755e-13 1.970959386767485740e-13
-8.294903048453086396e-14 -2.324812884525493181e-14
8.146986950687926187e-15 2.509010006352022906e-15
-7.664181878716106478e-16 -2.341527573691537272e-16
3.554079244115056425e-16 1.033214755825109273e-15
-3.573739465621957329e-15 -1.107223032394222312e-14
3.286111010751022443e-14 1.072687440255996146e-13
-2.708601071672771912e-13 -9.531002568263716097e-13
2.002158720572002917e-12 7.654321689646822686e-12
-1.312875504698021992e-11 -5.504318995827444864e-11
7.533817781418589863e-11 3.505409014450335952e-10
-3.718774820190999040e-10 -1.950689057487657640e-09
1.543665731427553377e-09 9.330098814226541940e-09
-5.221547810410466863e-09 -3.756723639480987584e-08
1.371495921353645764e-08 1.239517917940238056e-07
-2.561897568104318411e-08 -3.231706121668778234e-07
2.688667121811858620e-08 6.322076281868434967e-07
4.422001127758025074e-09 -8.564744315327086277e-07
-5.627125782846756724e-08 6.959571351644919219e-07
6.550909905924763487e-08 -2.365048897903157868e-07
-2.044921298016390293e-08 -1.793926007167352539e-08
-3.718220370904598309e-09 5.046768185013942560e-09
-2.010822689169858629e-10 1.442598682706751970e-09
-6.098240384859069481e-12 1.921188485989020912e-10
-8.375956252525545223e-12 -4.298265432458054749e-17
-6.098307310091528903e-12 -1.921188818504911292e-10
-2.010822293516756623e-10 -1.442598843849755196e-09
-3.718220436905287273e-09 -5.046768223615674149e-09
-2.044921297941511588e-08 1.793926000911423948e-08
6.550909913074997405e-08 2.365048897899141343e-07
-5.627125787913268416e-08 -6.959571351945361805e-07
4.422001086359250899e-09 8.564744315727258522e-07
2.688667114075684366e-08 -6.322076281174817686e-07
-2.561897565976352279e-08 3.231706121809915099e-07
1.371495911201573568e-08 -1.239517918739715397e-07
-5.221547851167320758e-09 3.756723635851410377e-08
1.543665726420278405e-09 -9.330098813948562932e-09
-3.718774564485607023e-10 1.950688983214107068e-09
7.533818823872410118e-11 -3.505409079722257496e-10
-1.312873475188465414e-11 5.504322268309580863e-11
2.002194892446316676e-12 -7.654317536079127300e-12
-2.708879332949461130e-13 9.531318138647198089e-13
3.287517985913154727e-14 -1.072858687738703034e-13
-3.581189196167144427e-15 1.102440857179963456e-14
3.751368801065286025e-16 -1.068003665171325926e-15
9.757470591399081755e-16 -3.936900985142306519e-16
-1.017568102471253389e-14 3.891431421751962201e-15
9.810395529006779707e-14 -3.536709976886813132e-14
-8.632892563180582486e-13 2.918904307328080764e-13
6.854258539208177121e-12 -2.162282736842239059e-12
-4.864722404948749689e-11 1.422481241775885651e-11
3.051096336606986575e-10 -8.201720054898810552e-11
-1.667658373334247782e-09 4.077939886440035820e-10
7.808195142406478345e-09 -1.712561990887402775e-09
-3.064513725849980592e-08 5.909307438528132094e-09
9.801024763308823863e-08 -1.611182124501662629e-08
-2.458445125381091180e-07 3.264773187154607995e-08
4.578267259138693483e-07 -4.373966146044906993e-08
-5.808724129081114350e-07 2.697143749258624746e-08
4.287738791044059524e-07 1.476754737147542925e-08
-1.197162322975084172e-07 -3.261916596147032653e-08
-1.643339210596388278e-08 1.036024560783540416e-08
1.215938595999899944e-09 2.368938919364606214e-09
5.180371925023003441e-10 2.386841465865653519e-10
6.467151914362184394e-11 2.807590714854197062e-11
8.796546215651426412e-12 -1.663796240062342222e-16
6.467139439306903918e-11 -2.807583076304619605e-11
5.180370823710036468e-10 -2.386841165980690776e-10
1.215938508176240066e-09 -2.368938949417202420e-09
-1.643339222697539699e-08 -1.036024557807167555e-08
-1.197162323337400133e-07 3.261916600564897102e-08
4.287738791124125843e-07 -1.476754743917848652e-08
-5.808724128775910379e-07 -2.697143743604587178e-08
4.578267259591438416e-07 4.373966146739375410e-08
-2.458445125800933648e-07 -3.264773180378671981e-08
9.801024764694237569e-08 1.611182120699570288e-08
-3.064513732131433330e-08 -5.909307459264124818e-09
7.808195151066384379e-09 1.712562066976774023e-09
-1.667658387008189956e-09 -4.077940026397791916e-10
3.051095679809950631e-10 8.201715520856384362e-11
-4.864714689436558716e-11 -1.422478983819221600e-11
6.854220630267836932e-12 2.162319226644771076e-12
-8.633093825250949057e-13 -2.919252826900858545e-13
9.816666411757670844e-14 3.535581979089900830e-14
-1.010864479598907305e-14 -3.908039180052067626e-15
9.713221178370402179e-16 4.018940733590355703e-16
-6.564391451825101978e-16 -1.471131072796085637e-15
6.079102093056346258e-15 1.520347870442974677e-14
-5.336159159108882833e-14 -1.401897435011923212e-13
4.232181520178926957e-13 1.177516671939214956e-12
-3.009601864025278120e-12 -8.906792058961927827e-12
1.899163800993995407e-11 6.008163104146955507e-11
-1.049981311790016644e-10 -3.572358409659943679e-10
5.006572215955081815e-10 1.845832530385167061e-09
-2.018404880804266266e-09 -8.144028129988179789e-09
6.703147970693724339e-09 3.001008896583748766e-08
-1.769021810607050642e-08 -8.972586900999769547e-08
3.514853718951660805e-08 2.092725146264228798e-07
-4.785121301173093768e-08 -3.597451356131714482e-07
3.557339497522295667e-08 4.165377861044597678e-07
-4.917401509108235092e-10 -2.740844368791305472e-07
-1.767647663802053495e-08 6.202310486805460331e-08
5.530074185999572954e-09 1.116331094834405833e-08
1.459398780519280300e-09 2.384646837669471477e-10
2.034408392545539739e-10 -1.191441097131773676e-10
2.878962949448670964e-11 -1.719325775890903176e-11
8.764539289240639359e-12 -1.270543255792362549e-16
2.878980763157229846e-11 1.719331887728768577e-11
2.034407001493491278e-10 1.191440013906901901e-10
1.459398718153559404e-09 -2.384645147043386867e-10
5.530074177943078633e-09 -1.116331086029938571e-08
-1.767647663551217592e-08 -6.202310484034288812e-08
-4.917401418544864103e-10 2.740844369571209999e-07
3.557339489709006343e-08 -4.165377861616493677e-07
-4.785121298194943130e-08 3.597451356269547918e-07
3.514853726959064272e-08 -2.092725146234355270e-07
-1.769021805370597009e-08 8.972586906185678474e-08
6.703147947793565743e-09 -3.001008896822301699e-08
-2.018404830902258615e-09 8.144028168957457503e-09
5.006571860852348848e-10 -1.845832472775611851e-09
-1.049981117037395331e-10 3.572358517018494774e-10
1.899159251538693798e-11 -6.008170653097890961e-11
-3.009659384165689852e-12 8.906806991708184803e-12
4.232564234311390913e-13 -1.177565283440415966e-12
-5.337967908420329371e-14 1.402122488581829870e-13
6.056213400558033925e-15 -1.518046932349889991e-14
-6.482787184764170120e-16 1.547854306518795785e-15
-1.104898869220005964e-15 5.422395626143044575e-16
1.101826915952257114e-14 -5.144948045142409578e-15
-1.016196142181809974e-13 4.531112287875227255e-14
8.524889738739441986e-13 -3.619933622075945593e-13
-6.435106433413157870e-12 2.594356171600341479e-12
4.327923290235106502e-11 -1.650642073594959401e-11
-2.562281245718360382e-10 9.204392306817764373e-11
1.315925853887930595e-09 -4.428103076229038591e-10
-5.757044788329191365e-09 1.801759602058458463e-09
2.096505744246248747e-08 -6.042205872011813648e-09
-6.165191524585054314e-08 1.612004959822497696e-08
1.404394416182257266e-07 -3.248640728700021775e-08
-2.332129324435584941e-07 4.539009336079989568e-08
2.559362010559331167e-07 -3.667811066120780328e-08
-1.530975114585639294e-07 7.396203955416217533e-09
2.565352665361713983e-08 9.400532340218172283e-09
7.560073949874616738e-09 -2.781348509734250337e-09
5.793649370803428154e-10 -9.055980855031603234e-10
2.478234033449265381e-12 -1.433429163254503566e-10
1.015110123141627455e-12 -2.150716796355690576e-11
1.858898562796332268e-12 -1.321100845459332658e-16
1.015099161481930808e-12 2.150707952128882369e-11
2.478133934926115154e-12 1.433432422238423020e-10
5.793649757632329202e-10 9.055980385394753282e-10
7.560073941711429353e-09 2.781348387965731862e-09
2.565352666791976429e-08 -9.400532330418912636e-09
-1.530975114534376595e-07 -7.396203942801613930e-09
2.559362009983953862e-07 3.667811062545014198e-08
-2.332129324551648572e-07 -4.539009332342334265e-08
1.404394415942376477e-07 3.248640729235975917e-08
-6.165191524162613837e-08 -1.612004959027715763e-08
2.096505748404373852e-08 6.042205899880887542e-09
-5.757044814820770485e-09 -1.801759629005759299e-09
1.315925874952618425e-09 4.428103198884854787e-10
-2.562281459851140119e-10 -9.204389266326158840e-11
4.327919113484952605e-11 1.650639734636393951e-11
-6.435093243598948108e-12 -2.594359367800488849e-12
8.525097876906317572e-13 3.620226148822946538e-13
-1.016321109782010060e-13 -4.529602584803990242e-14
1.095113654048524464e-14 5.135931891913693993e-15
-1.083900995292509959e-15 -5.413202171061553245e-16
1.132708491830112429e-15 2.165651701629880590e-15
-1.007847809426378292e-14 -2.107765336319750552e-14
8.481345020487192687e-14 1.848745711369675739e-13
-6.445334210936438377e-13 -1.470654079098446209e-12
4.383050793248291374e-12 1.049778097189010976e-11
-2.639360622790541909e-11 -6.654777407132416527e-11
1.389200315741555970e-10 3.700329262899422722e-10
-6.290182331820916859e-10 -1.777694709417100279e-09
2.401637182046451289e-09 7.241926643328679379e-09
-7.534110761867940319e-09 -2.442880935523991242e-08
1.874772767901660276e-08 6.613775390468809476e-08
-3.515945595695284311e-08 -1.376940393049345059e-07
4.572227278487727063e-08 2.070775116709489285e-07
-3.477772063612664580e-08 -2.032331166866048025e-07
7.851322448480672380e-09 1.063181339713614943e-07
5.898651977911759202e-09 -1.403962680348872900e-08
-1.512451996298007866e-09 -4.246293298223166044e-09
-5.087973606343629163e-10 -4.493861742190555855e-10
-9.550925616454152528e-11 -4.518051596375368867e-11
-1.537329055738913871e-11 -6.458484443541340966e-12
-2.864561827464221438e-12 1.398297643940706771e-16
-1.537311070479202219e-11 6.458457610453901469e-12
-9.550927575785424663e-11 4.518059051308617271e-11
-5.087973556654350032e-10 4.493861759073607357e-10
-1.512452056207374161e-09 4.246293383898609747e-09
5.898652010031736598e-09 1.403962674756613813e-08
7.851322528198693483e-09 -1.063181340132442692e-07
-3.477772061659321239e-08 2.032331166543195594e-07
4.572227276381870146e-08 -2.070775116882074895e-07
-3.515945606638902344e-08 1.376940392429335735e-07
1.874772769057294458e-08 -6.613775384761120313e-08
-7.534110766445779514e-09 2.442880933663701749e-08
2.401637107613591109e-09 -7.241926750301842580e-09
-6.290181707022476793e-10 1.777694685276116791e-09
1.389199979163416757e-10 -3.700329459083661678e-10
-2.639354003936658865e-11 6.654790038159352070e-11
4.383105655797473647e-12 -1.049781290604809759e-11
-6.445583298565876797e-13 1.470733322506799516e-12
8.484792753023789385e-14 -1.848775586356571136e-13
-1.007524310294301702e-14 2.106655346833800505e-14
1.105594726089241016e-15 -2.239634592407782979e-15
9.287416282009799104e-16 -5.380383199101140024e-16
-8.895660982365463021e-15 4.975796665081503456e-15
7.871246386064340243e-14 -4.247594795223999091e-14
-6.317457159813397141e-13 3.282732154757346547e-13
4.551279916766827740e-12 -2.273066135254786166e-12
-2.912971627101528910e-11 1.395613319632630355e-11
1.635709223606795557e-10 -7.499938108553305788e-11
-7.935877171588522723e-10 3.471947436941057826e-10
3.263759620858223326e-09 -1.357021057866150195e-09
-1.110379398190415046e-08 4.362428391284997643e-09
3.025507002773398066e-08 -1.112992043412368728e-08
-6.311686931012767683e-08 2.139219761649354536e-08
9.425119900251619934e-08 -2.845409323741410486e-08
-8.993468991827015298e-08 2.205512592747862237e-08
4.287170460055948196e-08 -5.177178481127201456e-09
-2.381301043940336181e-09 -3.319017679630316013e-09
-2.218162558415925913e-09 5.465816219904385744e-10
-3.936442476136358979e-10 3.069173862918505053e-10
-4.483250887456686446e-11 6.282310096359853030e-11
-3.461672448504871378e-12 7.290090241127375025e-12
-1.350973082258473732e-13 2.214051648922597408e-17
-3.461517260282580013e-12 -7.290096165083860215e-12
-4.483250033215089566e-11 -6.282307111844263945e-11
-3.936443825531753351e-10 -3.069174134639049995e-10
-2.218162472070779415e-09 -5.465816402025709011e-10
-2.381301058559049516e-09 3.319017643631838030e-09
4.287170454349771118e-08 5.177178534447500314e-09
-8.993468984792364320e-08 -2.205512593479794325e-08
9.425119897913818264e-08 2.845409322969043824e-08
-6.311686930553420392e-08 -2.139219767336156396e-08
3.025507001809987424e-08 1.112992046326980810e-08
-1.110379400490045308e-08 -4.362428387561778297e-09
3.263759608100988970e-09 1.357021062199621211e-09
-7.935876995502487049e-10 -3.471947567032423296e-10
1.635709438667157538e-10 7.499936542212208105e-11
-2.912972316873218735e-11 -1.395613999245569190e-11
4.551277135730385145e-12 2.273058779204677506e-12
-6.317611870259453405e-13 -3.282953087578169806e-13
7.871976333428371156e-14 4.247424265752128940e-14
-8.852585456976428457e-15 -4.963093009090169841e-15
9.108019863907037616e-16 5.387505095000576607e-16
-2.002847021519988176e-15 -3.337919160276312107e-15
1.742582405247498215e-14 3.078663930998903305e-14
-1.411231861953499582e-13 -2.580756381811358300e-13
1.030983845576838190e-12 1.955901377569240514e-12
-6.727188653509666515e-12 -1.326162569343983519e-11
3.877576470142505958e-11 7.956839752883685899e-11
-1.948058769282646114e-10 -4.169772283841613075e-10
8.390522082375892732e-10 1.878352728538767864e-09
-3.034512698582258060e-09 -7.130088292869497162e-09
8.969302122211992595e-09 2.223376757083196168e-08
-2.088540979454329763e-08 -5.506814742713952906e-08
3.632535296464910581e-08 1.033837435022501336e-07
-4.330691605416039669e-08 -1.372264279252862196e-07
2.984695651263760936e-08 1.146051170723299437e-07
-6.457958862556472602e-09 -4.689752457086407646e-08
-2.988170868050390696e-09 2.235773342773704526e-09
4.399314458658145744e-10 1.610914959007887165e-09
1.753989885050255527e-10 2.101317924844372687e-10
2.377277252774928273e-11 1.523265255553752505e-11
1.394930366384814167e-12 4.992805329812630442e-13
2.441477655263065009e-15 -1.161747886380121699e-16
1.395139179847382372e-12 -4.991857364487920584e-13
2.377271779211590333e-11 -1.523278965234933992e-11
1.753988506970413256e-10 -2.101319476435595658e-10
4.399316264915229675e-10 -1.610914898095039532e-09
-2.988170875904621986e-09 -2.235773389063901238e-09
-6.457958853793695078e-09 4.689752456653538076e-08
2.984695653534323411e-08 -1.146051170128854759e-07
-4.330691603724743837e-08 1.372264280198829915e-07
3.632535301223730937e-08 -1.033837435181863702e-07
-2.088540980297695322e-08 5.506814742685700387e-08
8.969302144785541407e-09 -2.223376748580447171e-08
-3.034512691736857900e-09 7.130088365268108872e-09
8.390522130023833834e-10 -1.878352709991473120e-09
-1.948058300232075155e-10 4.169772279230109594e-10
3.877572233706602465e-11 -7.956856205540690965e-11
-6.727224873727154499e-12 1.326167297114631424e-11
1.031019986433880085e-12 -1.955998211519098618e-12
-1.411549178133566407e-13 2.580595596399098026e-13
1.741998643972551657e-14 -3.074792598256105212e-14
-1.962086729179334290e-15 3.401528929862382890e-15
