1.000000000000000000e+00 -7.464356630199999731e-01 1.111430794386000093e-02
9.000000000000000222e-01 -7.212635116059999962e-01 9.905343897839999009e-03
8.000000000000000444e-01 -6.880524980340000374e-01 8.819741664439998546e-03
6.999999999999999556e-01 -6.547125262759999620e-01 7.067833206480000560e-03
5.999999999999999778e-01 -6.154056865760000328e-01 5.348487963219999280e-03
5.000000000000000000e-01 -5.709311065800000140e-01 3.750183681760000266e-03
4.000000000000000222e-01 -5.098226703400000615e-01 3.111526733920000169e-03
2.999999999999999889e-01 -4.359810665220000270e-01 1.626249690765999923e-03
2.000000000000000111e-01 -3.399828911760000016e-01 1.133615010423999914e-03
1.000000000000000056e-01 -2.089852901079999881e-01 4.195071214580000773e-04
0.000000000000000000e+00 0.000000000000000000e+00 0.000000000000000000e+00
-5.000000000000000278e-02 2.477973785590629863e+00 3.347579861300000337e-03
-1.000000000000000056e-01 7.934132601702784449e+00 1.199640768201999837e-02
-1.499999999999999944e-01 1.634022664933999991e+01 2.464965922620000055e-02
-2.000000000000000111e-01 2.689813433600000181e+01 5.454597648259999071e-02
-2.500000000000000000e-01 3.947499193200000178e+01 1.073689343635999965e-01
-2.999999999999999889e-01 5.396199691119999642e+01 1.893261939920000136e-01
-3.499999999999999778e-01 7.004880905100000632e+01 3.161760378720000486e-01
-4.000000000000000222e-01 8.770503791459999832e+01 5.057636091300000691e-01
-4.500000000000000111e-01 1.065710777946000007e+02 7.874596740859999278e-01
-5.000000000000000000e-01 1.267764741084000093e+02 1.241135458667999902e+00
-5.500000000000000444e-01 1.477967657435999911e+02 1.860454764168000041e+00
-5.999999999999999778e-01 1.695756202238000014e+02 2.767227517959999883e+00
-6.500000000000000222e-01 1.920164133284000059e+02 3.876587048880000275e+00
-6.999999999999999556e-01 2.148737562160000039e+02 5.349199240240000819e+00
