-0.7    1.569840623766965564e+02 5.477829368989478098e+01 -1.736918150397954719e+01
-0.6    1.227498368961097128e+02 3.535412257744428643e+01 -9.266401626774182887e+00
-0.5    9.049916778211311907e+01 2.050155010249773113e+01 -4.104107304468172401e+00
-0.4    6.122258090303840561e+01 1.054263578868381046e+01 -1.635614875969778836e+00
-0.3    3.569669232739212816e+01 4.264640342171333032e+00 -4.711746007334909336e-01
-0.2    1.535881396546965760e+01 1.057181604359072935e+00 -6.972957819207437069e-02
-0.1    2.434946016053481710e+00 5.940513455286611233e-02 -1.792534895685982121e-03
0       0                        0                         0
0.1     -2.133797094307405828e-01 4.563729196834898083e-03 5.383716348325573442e-05
0.2     -3.540922555448704490e-01 1.506712366960932803e-02 -1.582859080122567264e-04
0.3     -4.617993057231458143e-01 2.758410918002279777e-02 -8.736445837691508842e-04
0.4     -5.445029592534911256e-01 3.754879780475128825e-02 -1.607224160787179557e-03
0.5     -6.121836328030652030e-01 4.521456468069373624e-02 -2.351449966553897930e-03
0.6     -6.718499797191783696e-01 6.456315319646654949e-02 -6.294714438150883495e-03
0.7     -7.230045500070342301e-01 8.080931928624590643e-02 -1.064750089523813781e-02
0.8     -7.684827507073076491e-01 9.877607863283721645e-02 -1.662509929160216338e-02
0.9     -8.041842426886451900e-01 1.033461698606901180e-01 -1.964144692115654678e-02
1.0     -8.394757626073097168e-01 1.213167567807926783e-01 -2.792359127622012771e-02
