-6.999999999999999556e-01 3.730400823700000501e+02 1.006625439709999803e+01
-5.999999999999999778e-01 2.962302891649999879e+02 5.425200793500000174e+00
-5.000000000000000000e-01 2.227821752230000243e+02 2.624211529900000173e+00
-4.000000000000000222e-01 1.550513284335000037e+02 1.032664477755000032e+00
-2.999999999999999889e-01 9.602941701849999845e+01 3.427692599200000134e-01
-2.000000000000000111e-01 4.771605942100000419e+01 7.061150470324999151e-02
-1.499999999999999944e-01 2.864287441967002223e+01 2.227330499978558143e-02
-1.000000000000000056e-01 1.407383663289807352e+01 4.773531807780781629e-03
-5.000000000000000278e-02 4.282393392592612535e+00 9.545002807830355474e-04
0.000000000000000000e+00 0.000000000000000000e+00 0.000000000000000000e+00
1.000000000000000056e-01 -2.629861810540327638e-01 2.228448083505985987e-04
2.000000000000000111e-01 -4.254446786489924359e-01 9.832454727359731927e-04
2.999999999999999889e-01 -5.437565526500000024e-01 1.510849159982499993e-03
4.000000000000000222e-01 -6.363389966100000406e-01 4.084123311699999846e-04
5.000000000000000000e-01 -7.084603337750000618e-01 1.852452021312499817e-03
5.999999999999999778e-01 -7.665835684575000863e-01 3.172141211649999893e-03
6.999999999999999556e-01 -8.168666173975001055e-01 4.817643531900000532e-03
8.000000000000000444e-01 -8.625787741199999470e-01 5.885053000074999367e-03
9.000000000000000222e-01 -8.988208832225000888e-01 6.530456216849999350e-03
1.000000000000000000e+00 -9.302095282950000321e-01 7.246757222050000287e-03
