-0.7        1.077811463212334360e+02 1.953771526461241592e+01 -3.379010064284557302e+00
-0.6        1.581610791473328561e+02 3.816927733127340616e+01 -9.403185056084112148e+00
-0.5        2.123962377119271139e+02 6.394479254079490715e+01 -2.017971672218845924e+01
-0.4        2.696304756931863835e+02 9.851362429336586501e+01 -3.958408758229052182e+01
-0.3        3.288148142145187194e+02 1.404167904320202069e+02 -6.687722773368295748e+01
-0.2        3.896582022580569173e+02 1.916298632356629241e+02 -1.075817496359620122e+02
-0.1        4.516915811010886159e+02 2.512406831816769568e+02 -1.619412944873038214e+02
0           0                        0                         0
0.1         -2.687849291873332103e-01 5.799843091763068337e-03 1.031285870950471306e-04
0.2         -4.409168277304043038e-01 1.728262826829318755e-02 1.207175294548612499e-04
0.3         -5.756646742535425076e-01 3.335761373654577699e-02 -6.142729860627582639e-04
0.4         -6.812737870698039044e-01 4.630372633475732247e-02 -1.580352519196859262e-03
0.5         -7.695731902608698993e-01 6.502909290272451681e-02 -4.374938862689470298e-03
0.6         -8.455734506846397380e-01 8.810964442363311555e-02 -9.315043515687237985e-03
0.7         -9.064101725730575598e-01 1.036927860830598735e-01 -1.409517588401798527e-02
0.8         -9.566906442971990776e-01 1.121223076137093377e-01 -1.793449267541968872e-02
0.9         -1.004925264814548358e+00 1.321585199613644068e-01 -2.606431997042768511e-02
1.0         -1.049621918121721897e+00 1.566292024094378954e-01 -3.730142070414999012e-02
