-0.7        1.680543050342080278e+02 3.249842699514374544e+01 -4.056036963773891557e+00
-0.6        2.432288193902445812e+02 6.227762318705205757e+01 -9.819348415157321597e+00
-0.5        3.231146349995824494e+02 1.042522334937093547e+02 -2.090468981374095847e+01
-0.4        4.060456231953211272e+02 1.577838185402797535e+02 -3.784968008111661675e+01
-0.3        4.910928977927129040e+02 2.222163514862040188e+02 -6.045968650439556313e+01
-0.2        5.776334096593249114e+02 2.970768621322640684e+02 -8.819077350187581033e+01
-0.1        6.657119269165215201e+02 3.900839612168782651e+02 -1.378586652549565770e+02
0           0                        0                         0
0.1         -3.229216456535382029e-01 7.027254673627469916e-03 9.534646188030793112e-05
0.2         -5.318106423469566302e-01 2.064077181189638566e-02 8.000963667642579935e-05
0.3         -6.922114253947752038e-01 3.908255227482326788e-02 -8.157018011516470324e-04
0.4         -8.189053052376685793e-01 5.729855799501870628e-02 -2.644588456149565836e-03
0.5         -9.232222302969985694e-01 7.780486188367752298e-02 -6.030879726224847026e-03
0.6         -1.008589655126207241e+00 9.330515051315069197e-02 -9.517244157805415661e-03
0.7         -1.079664777517161056e+00 1.036616564368043614e-01 -1.248384702807858737e-02
0.8         -1.146119670403868085e+00 1.325366338499609498e-01 -2.155762611906575366e-02
0.9         -1.203695980434096535e+00 1.547794464350937815e-01 -3.012995845065691292e-02
1.0         -1.255269098520093163e+00 1.733752598421376412e-01 -3.834058342124180285e-02
