-6.999999999999999556e-01 5.700437038290000373e+02 3.477833829359999385e+01
-5.999999999999999778e-01 4.549113687570000479e+02 1.863745816031999780e+01
-5.000000000000000000e-01 3.450366691140000057e+02 8.491927247819999636e+00
-4.000000000000000222e-01 2.427735945260999699e+02 2.861179870317000162e+00
-2.999999999999999889e-01 1.520370064946999946e+02 6.965063676420000238e-01
-2.499999992549420125e-01 1.125018252481832945e+02 5.694393117300580037e-02
-2.000000000000000111e-01 7.660561295130000303e+01 4.028501784749999315e-02
-1.499999999999999944e-01 4.608756123323831133e+01 2.072465757117273807e-02
-1.000000000000000056e-01 2.262045231452875171e+01 3.567731708793069577e-03
-5.000000000000000278e-02 6.761055577863275268e+00 2.217630695967639804e-03
0.000000000000000000e+00 0.000000000000000000e+00 0.000000000000000000e+00
1.000000000000000056e-01 -2.978141961689999562e-01 2.787117062770437265e-03
2.000000000000000111e-01 -5.127402929700001222e-01 3.312344918189999779e-03
2.999999999999999889e-01 -6.570528101879999916e-01 5.101835275980000015e-03
4.000000000000000222e-01 -7.679669150219999851e-01 6.151891641330000000e-03
5.000000000000000000e-01 -8.552796908730000425e-01 6.555024143669999949e-03
5.999999999999999778e-01 -9.281530715759999106e-01 5.884654661429999760e-03
6.999999999999999556e-01 -9.912384861420000526e-01 4.703815417619999426e-03
8.000000000000000444e-01 -1.038037122971999793e+00 5.122804280219999881e-03
9.000000000000000222e-01 -1.082023554714000024e+00 5.384619621839999842e-03
1.000000000000000000e+00 -1.123835077610999988e+00 6.375235365630000164e-03
