-0.7        2.885310504280868145e+02 6.609398200591385830e+01 -1.110455104671808613e+01
-0.6        3.930622105676470710e+02 1.155090595318761189e+02 -2.732935830301238411e+01
-0.5        5.011315083404139159e+02 1.796909419901348883e+02 -5.476456260426982681e+01
-0.4        6.116883780637004975e+02 2.594865400816779584e+02 -9.805728202569298446e+01
-0.3        7.240688758685814719e+02 3.558020052247447893e+02 -1.632808609879187998e+02
-0.2        8.381166609249874000e+02 4.723996894510346465e+02 -2.669268971261335537e+02
-0.1        9.526307910606486757e+02 6.024318335733843242e+02 -3.939127446163911372e+02
0           0                        0                         0
0.1         -3.761912421296454978e-01 8.619501719785427341e-03 6.704013164071653819e-05
0.2         -6.256549831318095611e-01 2.530257520881917799e-02 1.733478723231485219e-06
0.3         -8.111403881105131441e-01 4.317640272482436981e-02 -4.410809694789241675e-04
0.4         -9.578916536346034905e-01 6.074201085057984173e-02 -1.791586625487173734e-03
0.5         -1.077799632831093479e+00 7.837646489767202684e-02 -4.272407833526448151e-03
0.6         -1.178796844658042353e+00 9.572907556587062494e-02 -7.732885923589227772e-03
0.7         -1.265331229254733181e+00 1.126922535224417210e-01 -1.216075606779276619e-02
0.8         -1.339571314235106891e+00 1.296589373987184768e-01 -1.756423181260413635e-02
0.9         -1.404641227298203843e+00 1.479446854477843853e-01 -2.454799317712463846e-02
1.0         -1.463112656740133799e+00 1.778013078590181539e-01 -3.710298535280776022e-02
