-6.999999999999999556e-01 7.984651448234999407e+02 3.900850468830000040e+01
-5.999999999999999778e-01 6.389822168624999676e+02 2.096443053421500125e+01
-5.000000000000000000e-01 4.867790470410000125e+02 9.960946930200000438e+00
-4.000000000000000222e-01 3.452707403971000417e+02 4.073327766514999837e+00
-2.999999999999999889e-01 2.183108547690000023e+02 1.369379511261999971e+00
-2.000000000000000111e-01 1.118393075687999954e+02 3.270984112455500581e-01
-1.499999999999999944e-01 6.928339803021518151e+01 1.373347403745640294e-01
-1.000000000000000056e-01 3.413942467048652674e+01 2.200498943759469569e-02
-5.000000000000000278e-02 1.002128745330835891e+01 8.006225319120085018e-03
0.000000000000000000e+00 0.000000000000000000e+00 0.000000000000000000e+00
1.000000000000000056e-01 -3.680524990065000002e-01 8.266382549494999702e-04
2.000000000000000111e-01 -5.997984469679999986e-01 1.364509440346499793e-03
2.999999999999999889e-01 -7.680364731969998582e-01 2.705972608878000167e-03
4.000000000000000222e-01 -8.977240448155000552e-01 2.609025056953000101e-03
5.000000000000000000e-01 -1.001816396658000041e+00 2.955822115774499673e-03
5.999999999999999778e-01 -1.088145064443500010e+00 3.831494783620000011e-03
6.999999999999999556e-01 -1.161154068024999875e+00 5.169983202719999164e-03
8.000000000000000444e-01 -1.223602227123499864e+00 5.503645294700000232e-03
9.000000000000000222e-01 -1.277438452198999874e+00 5.479760688955000007e-03
1.000000000000000000e+00 -1.318746727354000114e+00 5.378392988815000435e-03
