-6.999999999999999556e-01 1.031855045356000119e+03 1.741271505223999938e+01
-5.999999999999999778e-01 8.345996751159999576e+02 1.130484095267999933e+01
-5.000000000000000000e-01 6.431360347439999714e+02 6.736977642560000312e+00
-4.000000000000000222e-01 4.621737250200000631e+02 3.597564897575999954e+00
-2.999999999999999889e-01 2.969753672556000197e+02 1.558643536632000171e+00
-2.000000000000000111e-01 1.544753728528000067e+02 5.010922630799999888e-01
-1.499999999999999944e-01 9.507594011777744925e+01 1.314999331971791641e+00
-1.000000000000000056e-01 4.735114218215009885e+01 3.331061887833539070e-01
-5.099999999999999672e-02 1.457141271171014196e+01 1.925115727575560931e-01
0.000000000000000000e+00 0.000000000000000000e+00 0.000000000000000000e+00
1.000000000000000056e-01 -4.283310319720000092e-01 3.855688085987999834e-04
2.000000000000000111e-01 -6.916699900839999859e-01 2.106506557695999801e-03
2.999999999999999889e-01 -8.800605016320000029e-01 4.378054353079999413e-03
4.000000000000000222e-01 -1.022330392500000018e+00 5.985872976720000606e-03
5.000000000000000000e-01 -1.135991406335999931e+00 7.195416244159999995e-03
5.999999999999999778e-01 -1.227241271075999896e+00 8.084011490320000201e-03
6.999999999999999556e-01 -1.304955847572000005e+00 8.308473050919999367e-03
8.000000000000000444e-01 -1.368506209779999816e+00 8.561195946680000626e-03
9.000000000000000222e-01 -1.424757409351999904e+00 8.624661609239999208e-03
1.000000000000000000e+00 -1.477857560031999862e+00 8.272543044840000026e-03
