-0.7        3.817994422242094288e+02 9.726369584823260084e+01 -1.462907954108476360e+01
-0.6        5.133977780371234303e+02 1.688455709581030533e+02 -3.471935937187902255e+01
-0.5        6.482632729795648174e+02 2.600413606376096141e+02 -6.629258750491624141e+01
-0.4        7.852237481368540557e+02 3.723822601493448019e+02 -1.142680790006804727e+02
-0.3        9.235923768685846653e+02 5.072072258002009448e+02 -1.849105204169561603e+02
-0.2        1.062945654578185440e+03 6.637642316616838798e+02 -2.810773456705112494e+02
-0.1        1.203012252865668870e+03 8.420453983034240082e+02 -4.067568250523570441e+02
0           0                        0                         0
0.1         -4.374021868347174880e-01 8.803297919185826270e-03 2.235986169315529182e-04
0.2         -7.169331452480668387e-01 2.480093259454141386e-02 5.305243750689525584e-04
0.3         -9.266507525251327371e-01 4.704606892651674865e-02 -2.141132831928738156e-04
0.4         -1.097218642921744758e+00 7.789738830055603636e-02 -3.242324318994294075e-03
0.5         -1.229349020520875690e+00 9.769911583081491990e-02 -5.762164065619135300e-03
0.6         -1.342020838894977253e+00 1.239143183256494751e-01 -1.114680915675680950e-02
0.7         -1.435446875537377265e+00 1.452146490451664551e-01 -1.707757836279322206e-02
0.8         -1.520723439580976777e+00 1.772869758819775043e-01 -2.765603055007881395e-02
0.9         -1.591713435046198555e+00 2.028714269149185512e-01 -3.856771586440710387e-02
1.0         -1.651542237892769771e+00 2.196762967659091625e-01 -4.816827964091974223e-02
