4.764250895206301739e-01
3.265046615297720889e-01
2.048692528791107859e-01
1.114993830353434578e-01
4.454981863150584559e-02
4.854859815699711143e-15
-2.759787205446533401e-02
-4.365654972777825021e-02
-5.243196175467647324e-02
-5.670742170015861949e-02
-5.797806300140147945e-02
-5.670742170013410438e-02
-5.243196175462369601e-02
-4.365654972772408521e-02
-2.759787205447460784e-02
4.678748216511083255e-16
4.454981863153129745e-02
1.114993830353392945e-01
2.048692528791323519e-01
3.265046615297817478e-01
4.764250895206402769e-01
