6.033769839513712929e-01
4.033476315561642100e-01
2.349407440841470018e-01
1.110488247891710245e-01
3.731444693066552493e-02
4.189755989324374475e-14
-1.819742117788382407e-02
-2.721621067962553750e-02
-3.170018784510898746e-02
-3.377768685641833329e-02
-3.438199431805578909e-02
-3.377768685644813584e-02
-3.170018784492221325e-02
-2.721621067938762017e-02
-1.819742117768831380e-02
-6.310140290276872553e-14
3.731444693067791779e-02
1.110488247891748409e-01
2.349407440836753236e-01
4.033476315561313474e-01
6.033769839513802857e-01
