       0.0000E+00
       0.8255E-03
      -0.3938E-04
       0.1125E-04
       0.6004E-03
       0.5428E-04
       0.9101E-03
      -0.1810E-03
      -0.4614E-03
      -0.3484E-03
      -0.2595E-03
      -0.1964E-03
      -0.2413E-04
      -0.5711E-03
      -0.6509E-03
       0.4711E-03
       0.2205E-04
       0.1100E-04
      -0.3128E-04
       0.7134E-04
       0.7206E-03
      -0.1449E-03
      -0.1308E-03
      -0.5090E-03
      -0.7327E-04
      -0.1459E-03
      -0.1708E-03
       0.2210E-03
       0.3941E-02
       0.1508E-03
      -0.1234E-02
      -0.5498E-03
       0.6814E-04
      -0.5446E-03
      -0.9833E-04
       0.1201E-03
       0.2461E-05
      -0.2292E-03
      -0.1593E-03
       0.3572E-05
      -0.1300E-03
       0.3773E-03
      -0.2193E-03
       0.7789E-03
       0.2501E-03
      -0.2434E-03
      -0.4720E-03
      -0.7955E-03
      -0.3697E-03
      -0.3935E-03
       0.2716E-03
       0.2524E-03
      -0.1170E-02
      -0.9655E-03
      -0.4407E-03
      -0.5123E-03
       0.1045E-03
       0.5003E-03
      -0.3283E-03
      -0.2002E-03
       0.1452E-02
      -0.1197E-03
      -0.9625E-04
       0.2482E-03
      -0.3266E-03
       0.4946E-04
       0.1870E-04
      -0.1765E-03
       0.1620E-03
      -0.1046E-03
      -0.1566E-03
      -0.5278E-03
       0.9514E-03
      -0.8055E-04
      -0.1153E-02
      -0.5388E-04
      -0.4847E-03
       0.2856E-03
      -0.7563E-04
      -0.1749E-04
      -0.2076E-03
      -0.2732E-03
       0.5870E-03
      -0.2089E-03
      -0.7875E-04
       0.1161E-04
      -0.1520E-04
      -0.2237E-03
       0.9389E-04
       0.6080E-03
       0.1028E-02
       0.3994E-04
      -0.2892E-03
      -0.3127E-04
      -0.3636E-03
       0.1559E-02
      -0.9304E-03
       0.2234E-03
       0.2514E-03
      -0.1371E-03
      -0.2561E-03
      -0.4670E-03
      -0.3959E-03
       0.4821E-03
      -0.2766E-03
      -0.2164E-04
      -0.4034E-03
      -0.3695E-03
      -0.5684E-03
      -0.2907E-03
       0.2974E-02
      -0.4680E-04
      -0.1483E-03
       0.3663E-04
      -0.1138E-03
      -0.2193E-03
       0.1509E-04
       0.2595E-03
      -0.1458E-04
      -0.3861E-03
      -0.3533E-03
       0.7447E-04
       0.1745E-03
      -0.4073E-04
      -0.7839E-04
      -0.2682E-03
       0.1313E-04
      -0.2132E-03
       0.1325E-04
       0.6498E-04
      -0.1028E-04
      -0.5951E-04
       0.1337E-03
      -0.6919E-03
      -0.2985E-03
      -0.2437E-04
       0.6425E-03
      -0.2509E-02
       0.1539E-04
      -0.1189E-03
      -0.2525E-04
      -0.3275E-03
      -0.2933E-03
       0.1957E-04
       0.3187E-05
       0.3570E-04
      -0.2017E-03
      -0.8684E-03
       0.1041E-03
       0.2751E-03
       0.4685E-03
      -0.6320E-03
      -0.1429E-03
      -0.3249E-03
       0.1030E-03
       0.7856E-03
       0.2238E-03
       0.2076E-04
       0.1959E-02
      -0.3940E-03
      -0.9133E-03
      -0.1005E-02
       0.6315E-05
       0.2665E-03
       0.2049E-03
      -0.3438E-03
      -0.1177E-03
       0.2015E-02
      -0.4220E-03
      -0.3833E-03
      -0.1376E-03
      -0.7652E-04
       0.6898E-03
       0.2243E-03
       0.3122E-03
      -0.3729E-03
      -0.6884E-04
      -0.5122E-04
       0.3659E-03
      -0.7643E-03
      -0.1121E-02
      -0.1127E-03
       0.5531E-03
      -0.4822E-03
       0.2895E-02
       0.2071E-03
       0.1053E-03
      -0.4955E-04
      -0.2242E-03
      -0.5196E-04
      -0.1016E-02
      -0.1119E-03
       0.1146E-03
      -0.1444E-03
      -0.7213E-04
      -0.1580E-03
      -0.5054E-03
      -0.1040E-03
       0.9206E-04
       0.9637E-03
      -0.3195E-03
      -0.9299E-04
       0.1286E-03
      -0.2198E-04
       0.4032E-03
      -0.2191E-03
      -0.2392E-03
      -0.2331E-03
       0.1076E-02
      -0.9287E-04
       0.8899E-03
      -0.1450E-03
       0.5594E-03
      -0.1624E-03
      -0.4655E-03
      -0.8928E-03
       0.8030E-03
      -0.9961E-04
      -0.6462E-04
       0.2790E-03
       0.1817E-03
      -0.1178E-03
      -0.7392E-03
      -0.1180E-05
      -0.2805E-04
       0.2701E-05
       0.7289E-03
       0.3978E-03
       0.5357E-03
       0.2039E-03
       0.1467E-03
       0.3201E-03
      -0.5426E-03
      -0.4719E-03
      -0.1515E-03
       0.1043E-03
       0.8168E-03
      -0.7773E-06
       0.3876E-03
      -0.8404E-03
      -0.6351E-03
      -0.6907E-04
      -0.1109E-03
      -0.3556E-03
       0.4212E-03
      -0.5557E-03
       0.2954E-04
       0.7526E-03
      -0.2077E-04
      -0.2619E-03
      -0.5327E-03
      -0.1002E-02
      -0.8805E-04
      -0.4269E-03
       0.1056E-03
      -0.1912E-03
       0.4387E-04
      -0.1262E-03
       0.9022E-03
       0.3325E-02
       0.3147E-03
      -0.1563E-03
      -0.6903E-03
      -0.8363E-03
       0.3580E-03
      -0.9454E-04
      -0.9362E-04
       0.2270E-03
      -0.1052E-04
      -0.1109E-03
      -0.5664E-04
       0.1801E-02
       0.4639E-03
      -0.5632E-04
      -0.9288E-04
      -0.5912E-04
      -0.5611E-03
      -0.9722E-04
      -0.3899E-04
       0.1926E-02
      -0.2983E-04
      -0.4551E-03
       0.2024E-03
      -0.1918E-03
       0.7518E-03
       0.3294E-03
      -0.2368E-03
      -0.1601E-02
      -0.1537E-02
      -0.1123E-03
      -0.2759E-03
      -0.2135E-03
      -0.1780E-03
       0.8585E-05
      -0.2183E-03
       0.1257E-03
      -0.2183E-03
      -0.2930E-03
      -0.5575E-03
       0.2838E-03
      -0.2307E-03
       0.1191E-02
      -0.1171E-03
      -0.6798E-06
       0.1947E-02
       0.5165E-03
      -0.1258E-03
      -0.3933E-03
      -0.6171E-03
      -0.7382E-03
      -0.3776E-03
       0.2141E-03
      -0.7971E-04
      -0.3731E-03
      -0.5633E-03
      -0.3857E-03
      -0.8521E-03
      -0.1316E-02
      -0.3970E-03
      -0.2671E-03
      -0.2752E-03
       0.7601E-05
      -0.9015E-04
       0.3447E-03
      -0.9955E-03
      -0.2490E-03
      -0.1156E-04
       0.6684E-03
      -0.1228E-03
       0.1168E-02
      -0.5846E-04
       0.2565E-03
       0.1100E-02
      -0.5255E-03
       0.1302E-03
       0.5017E-04
      -0.9375E-04
       0.3172E-03
      -0.4765E-03
       0.1077E-02
      -0.7265E-04
       0.6642E-03
       0.1866E-03
      -0.3717E-03
       0.1594E-04
       0.2407E-03
      -0.8414E-03
       0.2297E-03
       0.7106E-03
      -0.1327E-04
      -0.1675E-05
      -0.3166E-03
       0.1552E-03
      -0.1968E-03
       0.7177E-04
      -0.2947E-04
       0.3960E-03
      -0.6892E-03
      -0.8400E-03
      -0.2535E-03
      -0.1751E-03
       0.1468E-02
       0.5168E-04
      -0.6762E-04
       0.7486E-03
      -0.1789E-03
       0.2507E-03
       0.6090E-04
      -0.1614E-03
      -0.1157E-04
       0.2065E-03
      -0.9166E-03
       0.8714E-04
      -0.2570E-03
      -0.4208E-03
       0.1838E-02
      -0.8657E-03
      -0.1460E-02
      -0.2801E-04
      -0.8675E-04
      -0.1341E-03
      -0.5003E-03
       0.5521E-04
      -0.5861E-04
       0.4752E-03
       0.9300E-04
       0.2578E-03
       0.2454E-03
      -0.5300E-04
      -0.2493E-03
      -0.2264E-03
       0.5252E-04
      -0.4548E-03
       0.6539E-03
      -0.5139E-04
       0.2545E-03
      -0.8667E-04
       0.5674E-03
       0.5487E-03
      -0.1884E-03
      -0.2986E-03
       0.1454E-03
      -0.3662E-03
      -0.8690E-03
       0.3679E-03
       0.7196E-03
      -0.1658E-03
       0.3073E-04
      -0.2699E-03
      -0.2369E-04
       0.1241E-03
      -0.2942E-03
      -0.6004E-04
      -0.1365E-03
      -0.5572E-03
      -0.1420E-03
      -0.9497E-03
      -0.1102E-03
       0.2647E-03
       0.6016E-04
      -0.4042E-04
      -0.2694E-03
       0.7496E-03
      -0.1153E-03
       0.8628E-03
       0.9223E-04
      -0.2011E-03
       0.3478E-03
      -0.4621E-03
      -0.5088E-03
       0.2461E-03
      -0.8099E-04
       0.3654E-03
       0.6954E-04
      -0.1740E-02
       0.4418E-04
      -0.1852E-03
       0.5205E-03
      -0.3145E-03
       0.2860E-03
      -0.4442E-03
       0.6154E-03
      -0.3666E-04
      -0.4495E-03
       0.1388E-03
       0.1381E-02
       0.8738E-03
       0.1328E-03
      -0.2788E-03
      -0.7055E-04
       0.2202E-04
      -0.3241E-03
       0.5582E-03
      -0.8844E-04
       0.7923E-03
      -0.4833E-03
      -0.6492E-03
      -0.6419E-03
       0.6404E-04
       0.4381E-04
      -0.7001E-03
       0.1051E-03
      -0.2399E-04
      -0.1295E-03
      -0.8373E-04
       0.5092E-04
      -0.6535E-03
      -0.1032E-02
       0.8808E-03
      -0.8290E-03
      -0.9838E-03
      -0.2598E-03
      -0.6173E-03
      -0.3400E-03
       0.1223E-03
      -0.1908E-03
      -0.1719E-03
      -0.5860E-03
       0.1581E-03
      -0.2695E-03
      -0.7589E-03
      -0.4164E-03
      -0.8454E-04
      -0.6396E-03
      -0.4107E-03
       0.1293E-03
       0.1082E-02
      -0.1906E-04
       0.1192E-03
      -0.8296E-03
      -0.7172E-03
       0.4469E-03
      -0.1362E-03
       0.1061E-02
      -0.2613E-02
      -0.4191E-03
      -0.1398E-04
      -0.1694E-03
      -0.2637E-03
      -0.3032E-04
       0.5749E-03
      -0.3608E-03
      -0.4309E-03
       0.4063E-03
      -0.1076E-03
       0.5274E-04
       0.1770E-03
       0.4006E-03
      -0.7720E-03
      -0.1667E-03
      -0.3977E-04
       0.7319E-04
       0.5340E-03
       0.2140E-04
      -0.3143E-03
      -0.2147E-04
      -0.8437E-03
      -0.3331E-03
       0.4924E-03
       0.2377E-03
       0.2464E-03
       0.2422E-02
       0.1971E-04
       0.2876E-03
      -0.2334E-03
      -0.4787E-03
       0.8003E-03
       0.1251E-03
      -0.3650E-03
      -0.7770E-04
       0.5280E-03
       0.4285E-03
       0.1034E-03
      -0.1779E-02
       0.1814E-03
      -0.1070E-03
       0.2620E-03
       0.1706E-03
       0.1062E-03
       0.4886E-03
       0.6575E-03
       0.1015E-03
      -0.9031E-03
      -0.3963E-03
       0.6982E-03
       0.8072E-03
      -0.1209E-03
      -0.2317E-03
       0.5738E-03
       0.6698E-03
       0.1401E-03
       0.1304E-03
       0.3686E-02
       0.8017E-04
       0.6015E-03
      -0.1349E-02
       0.1724E-03
       0.1972E-03
       0.5075E-03
       0.8588E-05
       0.2800E-03
      -0.1126E-03
      -0.1803E-03
       0.1651E-03
      -0.8035E-04
       0.2370E-03
       0.7009E-03
       0.4696E-03
      -0.3820E-03
       0.3608E-03
      -0.3333E-04
       0.3228E-03
      -0.2176E-03
       0.2403E-03
      -0.7593E-03
       0.8413E-03
       0.4287E-03
      -0.9837E-04
       0.1885E-03
       0.1020E-02
      -0.2568E-03
      -0.7127E-03
      -0.1305E-03
       0.8240E-03
       0.8457E-04
      -0.1485E-03
      -0.6512E-03
      -0.4630E-04
       0.8898E-03
       0.1369E-02
      -0.6688E-03
      -0.7144E-03
       0.9212E-04
      -0.5047E-04
       0.1191E-02
       0.3431E-03
      -0.1415E-03
       0.4255E-03
       0.6741E-03
       0.1661E-04
      -0.2865E-04
       0.1057E-02
       0.6960E-03
      -0.1061E-03
      -0.3154E-03
       0.9949E-04
      -0.4959E-03
       0.1605E-03
      -0.1990E-03
      -0.8214E-05
      -0.6192E-03
       0.6096E-04
      -0.3303E-03
      -0.2639E-03
      -0.4376E-03
      -0.4655E-03
       0.1362E-03
       0.1162E-02
      -0.1881E-03
      -0.2524E-03
       0.6785E-03
       0.1176E-04
       0.9613E-04
      -0.2735E-04
      -0.1480E-03
      -0.2665E-03
      -0.5508E-03
       0.7277E-03
       0.7665E-03
      -0.2314E-03
       0.1032E-03
       0.4013E-04
       0.1037E-02
       0.4340E-04
      -0.5387E-03
       0.4055E-03
      -0.1518E-03
       0.3038E-04
       0.8388E-03
      -0.1176E-03
      -0.2463E-03
       0.1340E-02
      -0.3355E-03
       0.1079E-03
      -0.6593E-04
       0.6988E-03
       0.5230E-03
      -0.9409E-04
       0.2543E-04
       0.2197E-03
      -0.3682E-02
       0.2323E-05
       0.6897E-03
       0.8549E-04
       0.3486E-05
       0.4017E-03
       0.2314E-03
      -0.5489E-03
      -0.8160E-03
      -0.1331E-03
       0.5406E-04
       0.3333E-04
       0.8289E-03
       0.5868E-03
       0.2743E-03
      -0.1211E-02
      -0.7482E-04
      -0.1135E-03
      -0.9690E-03
      -0.3918E-04
      -0.3407E-03
      -0.1253E-02
       0.3611E-03
      -0.8407E-03
       0.1468E-03
      -0.4911E-03
       0.5559E-03
       0.3077E-03
      -0.3164E-03
      -0.1383E-03
       0.5118E-03
      -0.1560E-03
       0.1208E-03
      -0.7251E-03
       0.2952E-03
      -0.1278E-03
      -0.2772E-03
       0.1235E-02
      -0.8655E-04
      -0.3033E-03
       0.8493E-04
       0.1905E-03
       0.1821E-03
      -0.9007E-03
      -0.5607E-04
      -0.2411E-04
      -0.1828E-03
      -0.2582E-04
      -0.5636E-03
      -0.6959E-03
      -0.4268E-04
       0.1231E-02
      -0.5300E-03
      -0.6313E-03
       0.3363E-03
       0.1267E-04
       0.4223E-03
       0.2056E-04
      -0.2370E-04
      -0.6049E-04
       0.7301E-03
      -0.8378E-04
      -0.6101E-04
       0.6024E-03
      -0.9328E-03
      -0.5708E-03
      -0.2332E-03
      -0.9501E-03
       0.1648E-03
       0.4297E-03
       0.6670E-03
      -0.1236E-03
      -0.1003E-03
       0.9213E-05
      -0.9088E-05
       0.2124E-03
      -0.3349E-03
      -0.8376E-03
       0.4244E-03
      -0.5051E-03
       0.1828E-02
       0.2853E-02
      -0.5015E-03
       0.3441E-04
       0.1000E-03
      -0.1031E-03
      -0.4318E-03
      -0.2941E-03
       0.9856E-03
      -0.7677E-04
       0.3751E-03
      -0.2775E-04
      -0.3415E-03
      -0.3513E-03
       0.1824E-04
      -0.1484E-02
       0.1686E-03
       0.6066E-03
      -0.6601E-04
      -0.5160E-03
      -0.1898E-03
       0.3085E-04
      -0.3431E-03
      -0.1038E-03
      -0.2043E-03
       0.5375E-03
      -0.3803E-03
       0.3183E-03
       0.8744E-04
       0.1178E-04
       0.4746E-03
       0.1246E-03
      -0.5041E-03
      -0.2258E-04
      -0.7321E-03
       0.7589E-03
      -0.8670E-06
       0.5282E-03
       0.1120E-02
       0.1304E-03
      -0.4655E-05
      -0.9149E-04
      -0.3492E-04
      -0.1917E-03
      -0.7762E-04
      -0.2452E-03
      -0.2695E-02
       0.1223E-04
      -0.3860E-03
       0.7539E-04
      -0.2007E-03
      -0.1338E-03
      -0.8914E-03
      -0.4470E-03
       0.6641E-03
      -0.2092E-03
      -0.1465E-03
      -0.1555E-03
      -0.5399E-04
      -0.2170E-03
       0.3517E-04
       0.6166E-03
       0.1070E-03
      -0.5097E-04
      -0.4794E-04
      -0.8998E-04
       0.3220E-03
      -0.2128E-03
      -0.3755E-03
       0.1456E-02
       0.2557E-03
      -0.6181E-04
       0.9948E-03
      -0.8141E-05
      -0.2236E-03
      -0.2709E-04
      -0.1464E-03
       0.9205E-03
      -0.4222E-03
      -0.1962E-03
       0.2345E-03
      -0.1186E-03
      -0.1618E-03
       0.2625E-03
      -0.6097E-04
      -0.3782E-04
      -0.6147E-04
       0.1350E-03
      -0.1338E-03
       0.4583E-06
      -0.1572E-03
      -0.4433E-03
      -0.2277E-04
       0.1654E-03
       0.2139E-03
      -0.1578E-03
       0.1155E-02
      -0.9319E-03
      -0.2504E-03
       0.5467E-03
      -0.6561E-04
      -0.6279E-05
      -0.2332E-02
       0.1499E-03
      -0.2385E-03
       0.9574E-03
       0.2124E-03
      -0.6860E-04
      -0.7416E-03
      -0.8357E-03
       0.5211E-03
      -0.2255E-03
      -0.1249E-03
       0.3189E-05
       0.1215E-04
      -0.1825E-03
      -0.2080E-03
      -0.1752E-02
      -0.5382E-04
       0.5236E-05
       0.5271E-03
      -0.3107E-04
       0.1234E-03
      -0.8542E-04
      -0.6854E-04
       0.1272E-02
       0.3867E-03
      -0.2616E-03
      -0.3787E-03
       0.7646E-03
      -0.3892E-03
      -0.2482E-03
      -0.2420E-03
       0.6964E-04
       0.6351E-04
      -0.3223E-03
      -0.2043E-03
      -0.4823E-03
       0.2151E-03
      -0.2837E-03
       0.3357E-03
      -0.3894E-03
      -0.1500E-03
      -0.9665E-03
      -0.4521E-04
       0.2231E-03
       0.3661E-03
       0.2669E-05
      -0.2380E-03
       0.8690E-04
      -0.9005E-04
      -0.6569E-03
       0.8971E-05
       0.1749E-03
      -0.2983E-03
      -0.1028E-03
       0.7799E-04
      -0.2676E-03
       0.2753E-03
       0.4228E-03
       0.2691E-03
       0.3100E-03
       0.1922E-02
      -0.4789E-03
       0.3057E-03
      -0.1077E-03
      -0.4796E-03
       0.1644E-02
       0.5561E-04
      -0.1951E-03
      -0.2252E-03
      -0.1007E-03
      -0.2739E-03
       0.1460E-03
      -0.4386E-03
       0.4398E-03
       0.5807E-04
       0.4593E-04
       0.1171E-03
      -0.6802E-04
      -0.4247E-04
       0.1451E-03
       0.5093E-03
      -0.5208E-03
      -0.6552E-04
       0.1359E-03
       0.4132E-04
       0.8436E-03
       0.1584E-02
       0.3888E-03
      -0.1047E-03
      -0.2575E-03
       0.1068E-03
       0.5002E-03
       0.1534E-04
       0.3444E-04
      -0.1601E-02
      -0.5529E-03
       0.8958E-04
       0.7671E-04
      -0.2392E-03
       0.4503E-04
       0.2064E-03
      -0.8440E-03
       0.6680E-04
       0.2464E-04
      -0.4821E-03
       0.6866E-03
      -0.1072E-02
       0.3910E-03
      -0.1207E-04
      -0.1153E-03
      -0.3699E-03
      -0.1899E-03
      -0.3586E-03
       0.5389E-03
      -0.1769E-03
      -0.2682E-03
      -0.4316E-03
      -0.1036E-04
      -0.3261E-03
       0.3167E-03
      -0.6252E-04
      -0.2723E-03
      -0.1231E-04
      -0.2106E-03
       0.1653E-03
      -0.1627E-03
      -0.1328E-03
      -0.1884E-03
      -0.1462E-02
       0.2230E-04
      -0.1363E-03
       0.1332E-04
       0.3795E-03
       0.6544E-03
      -0.7887E-03
       0.2788E-02
      -0.3175E-03
      -0.1405E-03
      -0.2694E-03
       0.9349E-03
      -0.1279E-05
      -0.2297E-03
       0.5002E-03
      -0.2571E-04
      -0.3121E-03
       0.4743E-04
       0.7256E-03
       0.1808E-03
       0.6759E-04
       0.4123E-02
       0.6549E-03
       0.7168E-04
      -0.7987E-04
       0.6259E-02
       0.2454E-03
      -0.4155E-04
      -0.5989E-04
      -0.1156E-02
      -0.3956E-04
       0.1760E-03
       0.1604E-02
      -0.3849E-04
       0.1089E-04
       0.2272E-04
       0.1427E-03
      -0.3373E-04
      -0.1407E-03
       0.3706E-03
      -0.2900E-03
       0.7125E-03
       0.1379E-03
      -0.7082E-03
       0.8871E-03
      -0.8803E-05
      -0.2782E-05
       0.2006E-02
       0.1219E-03
      -0.4011E-03
      -0.1083E-03
      -0.6136E-04
      -0.3338E-03
       0.4202E-04
      -0.1136E-03
      -0.4112E-03
      -0.1289E-03
       0.1257E-03
      -0.2008E-03
      -0.3773E-03
      -0.9455E-04
      -0.6319E-04
       0.1796E-04
       0.1846E-04
      -0.8184E-04
      -0.5330E-04
       0.1505E-04
       0.8064E-04
      -0.4997E-04
       0.3557E-02
      -0.9517E-05
      -0.2116E-03
       0.2138E-03
      -0.6179E-04
       0.2195E-03
      -0.9651E-04
       0.7631E-03
      -0.3253E-03
      -0.2935E-03
      -0.6471E-04
      -0.3707E-03
       0.4269E-03
      -0.5067E-03
      -0.4595E-04
      -0.1684E-03
       0.5188E-03
      -0.1774E-04
       0.1652E-03
       0.1078E-03
       0.3592E-05
      -0.1056E-03
       0.5158E-03
       0.1824E-03
       0.3326E-03
       0.7750E-04
       0.2035E-03
      -0.5149E-03
      -0.2009E-03
      -0.5642E-05
       0.2091E-03
      -0.1649E-03
       0.5391E-03
       0.2408E-04
      -0.1177E-03
      -0.3072E-03
      -0.2895E-03
       0.2520E-04
       0.9531E-03
       0.3263E-03
      -0.4539E-04
      -0.3987E-03
      -0.4601E-03
       0.1731E-05
      -0.6607E-04
      -0.2892E-04
       0.4213E-03
       0.3926E-03
      -0.1972E-02
       0.3013E-04
      -0.7988E-04
       0.3025E-03
      -0.2088E-03
      -0.6937E-03
      -0.4215E-03
      -0.1297E-03
      -0.2744E-03
      -0.3348E-04
       0.8039E-03
      -0.3015E-04
       0.2118E-02
      -0.5806E-03
      -0.4456E-03
       0.2513E-03
      -0.3353E-03
       0.6653E-03
       0.6729E-03
      -0.1577E-03
       0.4330E-03
       0.7235E-03
       0.1757E-02
       0.2794E-05
      -0.1918E-04
      -0.1812E-03
      -0.2759E-03
      -0.8624E-04
       0.4997E-03
       0.3710E-03
      -0.2755E-03
       0.3862E-03
      -0.1097E-02
      -0.9403E-03
      -0.8408E-04
      -0.1069E-03
      -0.2407E-03
       0.1730E-02
      -0.2384E-04
       0.2403E-03
      -0.3788E-03
       0.2315E-03
       0.5206E-04
      -0.6083E-03
      -0.1606E-03
      -0.1798E-03
      -0.4796E-04
       0.1073E-03
      -0.1195E-03
       0.3510E-04
      -0.3535E-03
      -0.8720E-03
      -0.7126E-03
       0.1040E-03
      -0.3669E-04
      -0.4764E-03
      -0.1717E-03
      -0.1678E-02
      -0.6361E-03
       0.8542E-04
      -0.4675E-03
       0.3261E-03
       0.3289E-03
      -0.3133E-03
      -0.9917E-04
       0.2154E-03
      -0.1035E-03
      -0.3811E-03
      -0.1392E-02
      -0.3939E-03
       0.1692E-02
       0.9651E-03
       0.1144E-03
       0.1034E-02
       0.2211E-03
      -0.1110E-04
      -0.1535E-03
      -0.2432E-03
       0.3436E-03
       0.1858E-03
       0.5371E-03
      -0.7377E-04
       0.2730E-03
       0.8168E-04
      -0.1358E-03
      -0.2664E-05
      -0.1082E-02
      -0.1238E-04
       0.2476E-03
       0.1572E-03
      -0.3355E-04
       0.1334E-03
       0.6998E-03
       0.1488E-02
      -0.4759E-03
      -0.1424E-03
      -0.8424E-04
      -0.2471E-03
      -0.5175E-03
       0.4328E-03
      -0.1796E-03
       0.5866E-03
       0.2683E-03
      -0.1937E-03
       0.5248E-03
      -0.9615E-04
      -0.2548E-03
      -0.2725E-03
       0.3784E-03
       0.6986E-04
      -0.4117E-03
      -0.5648E-03
       0.3397E-03
      -0.2630E-03
       0.5398E-03
      -0.3669E-03
      -0.2712E-04
       0.1215E-02
       0.7186E-03
       0.4181E-03
      -0.4221E-03
       0.6863E-03
      -0.4367E-04
      -0.1247E-03
       0.1674E-03
      -0.2407E-03
       0.3872E-04
      -0.3580E-04
       0.6132E-05
      -0.8737E-03
      -0.5818E-03
      -0.8420E-04
      -0.6927E-03
       0.5998E-03
      -0.1262E-03
       0.5103E-03
      -0.5700E-05
      -0.1270E-03
       0.2927E-03
      -0.1812E-03
      -0.1097E-03
       0.2242E-03
      -0.5792E-03
       0.5171E-04
      -0.1906E-03
       0.6271E-03
       0.7408E-03
      -0.6456E-03
      -0.4014E-03
       0.3347E-03
       0.1620E-05
      -0.1319E-03
      -0.5444E-03
       0.1893E-03
       0.1425E-02
      -0.1783E-03
       0.9362E-06
       0.2733E-04
      -0.7343E-05
      -0.3969E-03
      -0.5852E-03
       0.1042E-03
       0.7746E-04
      -0.1344E-03
      -0.1115E-03
      -0.1161E-03
       0.7255E-03
      -0.4449E-04
      -0.6217E-04
       0.7453E-04
      -0.4259E-04
       0.4330E-04
      -0.6181E-05
      -0.1038E-03
      -0.6037E-04
       0.6273E-03
      -0.4081E-03
      -0.1254E-03
      -0.1569E-03
       0.8307E-03
      -0.3731E-04
       0.2415E-03
      -0.6073E-03
      -0.5902E-03
      -0.1100E-03
       0.2471E-03
      -0.4325E-04
       0.2993E-03
      -0.5909E-03
       0.1793E-03
       0.9405E-03
      -0.5470E-03
      -0.3432E-05
       0.8598E-03
      -0.2363E-03
      -0.8135E-04
      -0.9692E-04
       0.4086E-03
      -0.4260E-03
      -0.1319E-03
      -0.5708E-03
       0.7072E-03
       0.6629E-03
      -0.2579E-03
       0.5246E-03
      -0.4473E-03
       0.4810E-03
       0.2487E-03
      -0.5652E-04
      -0.4116E-04
      -0.4934E-03
      -0.8864E-04
       0.1203E-02
       0.1632E-03
      -0.2344E-03
       0.7830E-03
      -0.1923E-03
       0.1252E-03
      -0.7699E-04
      -0.1456E-03
      -0.4699E-05
      -0.3104E-04
      -0.4842E-04
       0.8333E-04
       0.7449E-04
       0.3062E-04
      -0.9935E-04
      -0.3321E-04
      -0.3684E-03
       0.2650E-03
      -0.1720E-03
      -0.7847E-03
      -0.1074E-03
       0.1472E-03
      -0.6686E-04
      -0.8398E-03
       0.4687E-05
       0.1230E-04
       0.4659E-03
       0.8578E-03
       0.4247E-04
       0.1133E-04
      -0.6488E-03
      -0.2226E-03
       0.3435E-03
       0.1898E-03
       0.1064E-02
       0.4038E-03
      -0.2373E-03
       0.1310E-04
       0.1133E-02
      -0.1733E-03
      -0.1341E-03
       0.1114E-02
      -0.4147E-03
      -0.8206E-03
       0.4114E-03
       0.1118E-03
      -0.1235E-03
       0.8284E-03
      -0.1686E-04
      -0.5840E-03
       0.1547E-03
      -0.2455E-04
      -0.3941E-03
       0.6102E-03
      -0.2752E-03
       0.5356E-03
       0.4629E-03
      -0.2721E-03
       0.3307E-03
      -0.8429E-03
      -0.9752E-04
       0.1019E-03
      -0.1344E-03
      -0.4777E-03
      -0.8157E-03
       0.6513E-03
      -0.2968E-03
      -0.5326E-03
      -0.1420E-03
       0.2565E-03
       0.2737E-03
      -0.9360E-04
       0.4727E-04
      -0.5876E-03
      -0.8481E-03
      -0.2309E-03
      -0.1013E-03
      -0.1883E-03
       0.2662E-04
       0.3307E-03
       0.2138E-02
       0.1809E-03
      -0.3483E-03
       0.7310E-03
       0.4214E-04
      -0.2687E-03
      -0.1754E-03
       0.2317E-03
       0.2013E-03
      -0.9561E-06
      -0.2640E-03
       0.9748E-03
      -0.4973E-05
       0.2483E-03
       0.1503E-03
      -0.3493E-03
      -0.2329E-04
      -0.2192E-03
      -0.2866E-03
      -0.8066E-03
      -0.4029E-03
       0.1076E-02
       0.7095E-03
       0.2569E-03
       0.2790E-04
       0.1164E-03
      -0.9455E-03
      -0.6256E-04
       0.4056E-02
      -0.3085E-04
       0.3722E-03
      -0.5784E-04
      -0.4325E-03
       0.6930E-03
      -0.5805E-03
      -0.2920E-03
       0.5613E-03
       0.6336E-03
       0.2665E-02
       0.4988E-05
      -0.2969E-03
      -0.8278E-03
      -0.8673E-04
      -0.1905E-03
      -0.4709E-03
       0.1532E-03
      -0.3058E-03
      -0.8562E-03
      -0.5988E-03
      -0.1108E-03
       0.3069E-03
      -0.4863E-03
      -0.1004E-02
       0.1393E-03
       0.8073E-03
       0.2367E-02
      -0.3961E-05
       0.2987E-03
      -0.1604E-03
      -0.6739E-03
      -0.6983E-04
       0.9412E-04
       0.3042E-03
      -0.8934E-05
      -0.2607E-03
      -0.6069E-04
       0.1084E-02
      -0.5613E-04
      -0.8824E-04
       0.3744E-03
      -0.6524E-04
      -0.2608E-04
       0.1888E-04
       0.5220E-03
       0.5714E-03
      -0.4400E-04
       0.1549E-02
       0.1011E-03
      -0.1527E-03
       0.7667E-03
       0.4332E-04
      -0.1680E-03
      -0.2781E-03
      -0.7224E-03
       0.8568E-03
       0.3225E-04
       0.3449E-04
      -0.1477E-04
      -0.1836E-03
       0.2416E-02
      -0.4148E-03
       0.7775E-03
      -0.8760E-04
      -0.7520E-04
       0.3749E-02
      -0.5917E-03
      -0.9425E-03
       0.7718E-03
       0.2030E-03
       0.7307E-04
      -0.2845E-03
       0.4536E-04
      -0.1800E-03
      -0.3494E-04
       0.6151E-05
       0.1192E-02
       0.3951E-03
      -0.1047E-02
       0.5505E-03
      -0.8397E-04
       0.1034E-02
      -0.2199E-03
       0.2280E-03
      -0.5044E-03
      -0.7186E-04
      -0.5581E-03
       0.3403E-05
       0.5164E-04
       0.7645E-03
      -0.2613E-03
      -0.1358E-03
      -0.2213E-03
      -0.5166E-04
       0.2545E-03
      -0.3910E-05
       0.5717E-05
      -0.1584E-03
      -0.1330E-03
       0.4987E-04
      -0.9002E-03
       0.1136E-03
      -0.2878E-03
       0.6256E-04
       0.1069E-03
      -0.7654E-03
       0.2094E-02
       0.5201E-03
       0.2990E-03
      -0.3030E-03
      -0.4636E-03
      -0.5901E-03
      -0.3085E-03
      -0.3369E-03
      -0.6065E-04
       0.7888E-04
       0.5173E-04
      -0.3759E-04
      -0.6000E-04
      -0.9807E-04
       0.1201E-03
      -0.3694E-03
       0.1551E-03
       0.8718E-03
      -0.1404E-03
       0.2253E-03
       0.2156E-02
       0.1883E-03
       0.8073E-03
       0.1887E-03
      -0.1285E-03
       0.1923E-03
      -0.3104E-03
      -0.4123E-04
      -0.1977E-03
       0.1323E-04
       0.1646E-03
       0.4576E-03
      -0.1344E-02
       0.4964E-03
      -0.1011E-02
       0.8051E-03
       0.3847E-03
      -0.1118E-03
      -0.5546E-04
       0.1047E-03
       0.1369E-04
      -0.7612E-03
      -0.6671E-03
       0.1257E-03
      -0.5800E-04
       0.8049E-03
      -0.1278E-04
      -0.5268E-03
      -0.1470E-04
       0.2191E-02
      -0.4121E-03
       0.3565E-03
       0.9210E-03
       0.7523E-03
      -0.1176E-02
       0.1337E-03
      -0.3268E-03
      -0.2112E-03
      -0.1138E-03
      -0.4898E-03
       0.5194E-03
       0.3786E-03
       0.1307E-02
       0.2218E-03
      -0.7463E-04
      -0.9540E-03
      -0.2849E-03
       0.9223E-03
       0.1054E-03
      -0.2574E-03
      -0.1357E-03
       0.7895E-03
      -0.4362E-03
      -0.2978E-03
      -0.4471E-03
       0.3397E-03
      -0.4043E-04
      -0.8465E-04
      -0.2997E-03
       0.9836E-04
      -0.9990E-04
      -0.2399E-03
      -0.6376E-03
       0.8454E-03
      -0.5340E-04
       0.1179E-02
      -0.8682E-04
       0.1142E-03
      -0.9148E-04
      -0.1201E-02
      -0.1802E-03
       0.5744E-03
      -0.8312E-03
       0.6221E-04
       0.8713E-04
      -0.1100E-03
       0.4006E-03
       0.3520E-04
      -0.1233E-04
       0.1204E-02
       0.2002E-04
      -0.4295E-03
      -0.3473E-03
       0.9156E-04
       0.2636E-02
       0.5445E-03
       0.1830E-03
       0.1769E-03
      -0.4664E-03
      -0.8431E-04
       0.6245E-03
       0.1275E-03
      -0.2776E-04
       0.1431E-04
      -0.9286E-04
       0.7377E-03
      -0.3324E-03
       0.3017E-04
       0.7148E-03
      -0.3001E-03
      -0.1543E-04
      -0.1864E-03
      -0.1045E-03
      -0.3448E-04
      -0.5787E-03
      -0.3042E-04
       0.2656E-04
      -0.4995E-04
      -0.1049E-04
       0.4145E-03
      -0.1607E-03
      -0.2111E-03
       0.2539E-03
      -0.7393E-03
      -0.3901E-03
      -0.1022E-03
      -0.1218E-03
      -0.1611E-03
      -0.3910E-03
      -0.2470E-03
       0.2609E-03
      -0.1077E-03
      -0.8653E-03
       0.1101E-03
      -0.8998E-04
       0.2782E-03
      -0.6283E-03
      -0.6133E-03
       0.4079E-03
      -0.1359E-02
       0.1838E-04
      -0.5032E-03
       0.6376E-04
      -0.5348E-03
       0.5033E-04
       0.1434E-04
      -0.5895E-03
       0.2867E-02
       0.1071E-02
      -0.3392E-03
       0.3363E-03
      -0.9854E-03
      -0.1226E-03
      -0.9593E-04
      -0.7253E-03
      -0.4686E-03
      -0.8271E-04
      -0.2008E-03
      -0.2811E-02
       0.8094E-03
       0.3500E-03
       0.6632E-03
      -0.4085E-03
      -0.2327E-03
      -0.1964E-04
      -0.7375E-04
      -0.4031E-06
      -0.6972E-04
       0.1307E-03
      -0.1706E-03
       0.1104E-03
      -0.1004E-02
      -0.1711E-03
      -0.9463E-03
       0.1050E-03
      -0.8097E-03
      -0.7784E-03
      -0.1181E-03
      -0.1977E-02
      -0.1755E-03
      -0.2178E-03
       0.3597E-04
      -0.4749E-03
      -0.4179E-04
       0.2532E-03
      -0.5366E-04
       0.1940E-03
      -0.3338E-04
       0.3988E-03
      -0.4459E-03
      -0.9877E-04
      -0.3207E-04
      -0.5177E-04
      -0.2560E-04
      -0.4230E-03
      -0.1270E-03
      -0.1336E-03
      -0.1001E-03
      -0.2198E-03
       0.2525E-03
       0.1471E-03
      -0.8460E-03
      -0.3966E-04
      -0.4077E-05
      -0.8592E-04
      -0.1919E-03
      -0.7337E-03
      -0.1441E-03
      -0.1207E-03
      -0.2855E-04
       0.1275E-04
      -0.9071E-04
       0.1197E-03
       0.2405E-03
      -0.4772E-03
      -0.1878E-03
       0.1357E-03
       0.4287E-03
      -0.4528E-04
       0.1381E-03
      -0.5566E-03
       0.1384E-02
       0.8235E-04
      -0.1656E-03
      -0.4502E-03
       0.8509E-03
      -0.9896E-04
      -0.5492E-03
      -0.1658E-03
      -0.8947E-03
       0.3530E-04
       0.5125E-03
      -0.2016E-03
      -0.1762E-03
      -0.4831E-03
      -0.2763E-03
      -0.4999E-03
      -0.4439E-03
       0.9870E-04
      -0.3658E-03
       0.1316E-03
      -0.1333E-02
       0.2974E-02
      -0.1568E-03
      -0.8758E-03
      -0.6933E-03
       0.5997E-03
      -0.1048E-03
      -0.6930E-03
      -0.1020E-03
       0.1156E-02
      -0.6377E-03
       0.5561E-04
       0.2259E-04
      -0.1211E-03
      -0.1810E-03
      -0.4127E-04
       0.1554E-03
      -0.5080E-04
       0.9690E-03
       0.1226E-03
      -0.8164E-03
       0.1380E-03
      -0.1980E-04
       0.8297E-03
      -0.6156E-04
       0.1212E-03
      -0.3029E-03
      -0.8010E-03
       0.3542E-03
       0.7369E-03
       0.4197E-03
      -0.1204E-03
       0.1500E-04
       0.4388E-04
      -0.2764E-03
      -0.7234E-03
       0.2170E-03
       0.1627E-03
      -0.3220E-03
       0.1391E-02
       0.3371E-03
      -0.7227E-04
      -0.8782E-03
      -0.1680E-04
       0.9263E-03
      -0.4445E-03
      -0.1051E-03
       0.7912E-03
       0.4001E-02
      -0.3543E-03
      -0.4067E-04
       0.2345E-04
      -0.2030E-03
       0.3129E-03
       0.5338E-03
      -0.1171E-03
       0.6330E-03
      -0.9048E-04
      -0.6861E-05
      -0.7553E-03
      -0.3731E-04
      -0.1043E-03
      -0.3706E-03
      -0.2626E-03
       0.3529E-03
      -0.3631E-03
       0.3684E-04
       0.3120E-04
      -0.6426E-04
      -0.2633E-03
      -0.9374E-05
      -0.7005E-04
      -0.1188E-03
      -0.3662E-03
       0.2970E-02
      -0.5189E-03
      -0.1470E-03
      -0.4350E-03
      -0.1273E-03
      -0.1006E-03
       0.1520E-02
      -0.7483E-04
      -0.7457E-04
       0.7998E-02
       0.1989E-02
      -0.1322E-03
      -0.5733E-04
       0.1219E-02
      -0.4751E-03
      -0.4471E-04
      -0.4392E-04
      -0.5473E-04
       0.6799E-03
       0.7687E-03
       0.8653E-04
       0.1321E-02
      -0.5361E-03
       0.2795E-03
       0.2912E-03
       0.2664E-03
       0.2402E-03
       0.2216E-04
      -0.2789E-03
      -0.2276E-03
       0.5113E-03
       0.1970E-05
      -0.5122E-03
       0.1454E-03
      -0.7083E-03
      -0.1194E-03
      -0.9054E-04
      -0.4519E-03
       0.7808E-04
       0.7749E-04
      -0.4915E-04
      -0.1114E-03
      -0.1234E-03
       0.5894E-05
       0.2790E-04
      -0.7444E-03
      -0.1588E-03
      -0.9193E-04
      -0.4318E-03
      -0.1649E-03
       0.8406E-03
      -0.1570E-04
      -0.3210E-03
      -0.2282E-04
      -0.1535E-03
      -0.7059E-03
       0.2482E-03
      -0.9721E-03
      -0.2054E-03
      -0.9722E-04
       0.1384E-03
      -0.5583E-04
      -0.1474E-03
       0.8358E-03
      -0.2316E-03
      -0.1529E-03
      -0.3828E-03
      -0.4029E-04
       0.8820E-03
      -0.4168E-04
       0.2394E-03
      -0.3217E-03
      -0.4033E-03
      -0.6422E-04
      -0.2645E-03
       0.4381E-03
      -0.3235E-04
      -0.2988E-03
       0.8491E-04
      -0.5762E-03
       0.3660E-05
       0.2988E-03
      -0.2858E-03
      -0.2611E-04
       0.1010E-02
      -0.4851E-03
       0.3894E-04
       0.4912E-04
      -0.2088E-03
      -0.1206E-03
       0.2336E-03
      -0.4436E-03
      -0.2277E-03
      -0.8864E-03
       0.5740E-03
      -0.2462E-04
      -0.6534E-03
       0.6999E-03
      -0.7057E-04
      -0.5591E-05
      -0.4149E-03
       0.6809E-03
       0.3081E-03
       0.2503E-03
      -0.7461E-03
       0.9864E-03
      -0.7808E-05
      -0.1984E-03
      -0.2483E-03
      -0.9929E-04
       0.5437E-04
       0.2080E-02
       0.6830E-03
      -0.9929E-04
      -0.2269E-03
       0.8727E-03
      -0.4835E-03
       0.1752E-03
       0.1927E-03
      -0.2075E-04
      -0.9048E-05
      -0.7574E-05
      -0.2636E-04
       0.1347E-02
       0.5112E-03
      -0.1074E-03
      -0.1913E-04
      -0.2268E-03
      -0.3229E-03
       0.6532E-03
       0.1794E-03
       0.2912E-05
      -0.5551E-03
       0.2469E-03
       0.5436E-03
      -0.2052E-03
       0.9035E-03
      -0.2190E-04
       0.1710E-02
      -0.2507E-03
       0.4348E-03
       0.5340E-04
       0.7007E-05
      -0.9250E-04
      -0.1337E-03
      -0.2241E-03
      -0.5633E-03
      -0.8614E-04
      -0.5372E-03
      -0.3101E-03
       0.2700E-02
       0.4603E-03
      -0.2190E-03
      -0.8978E-03
       0.7836E-05
      -0.1544E-03
       0.3521E-03
       0.9206E-03
       0.5785E-04
       0.1595E-02
       0.5887E-03
       0.5901E-04
      -0.1922E-02
       0.2000E-03
       0.9486E-03
       0.7774E-04
       0.3947E-03
       0.4374E-04
       0.3681E-05
       0.4330E-04
      -0.1396E-04
      -0.1131E-03
      -0.7508E-03
      -0.9540E-03
       0.1179E-03
      -0.1755E-03
      -0.3788E-04
       0.1546E-03
      -0.6810E-04
       0.1339E-04
       0.1447E-03
       0.8091E-03
       0.2662E-03
      -0.3413E-04
      -0.1096E-03
      -0.1466E-03
      -0.5555E-03
       0.2388E-04
      -0.1182E-03
      -0.1474E-03
       0.1370E-03
       0.1201E-03
       0.2090E-03
       0.3069E-03
      -0.6819E-03
      -0.2969E-04
      -0.7292E-04
      -0.3595E-03
      -0.4287E-03
      -0.8200E-03
       0.5227E-03
       0.9207E-03
      -0.3915E-03
      -0.2764E-02
       0.1371E-03
      -0.4308E-03
       0.1677E-02
      -0.2555E-03
      -0.1912E-04
      -0.1511E-03
      -0.8513E-04
      -0.3909E-03
      -0.2225E-03
      -0.9926E-05
       0.6727E-03
      -0.7763E-03
       0.3786E-03
      -0.3517E-03
      -0.3316E-03
      -0.2755E-03
      -0.7986E-04
       0.1337E-02
       0.2772E-05
      -0.2042E-03
      -0.6245E-03
      -0.2191E-04
       0.4019E-03
       0.1162E-02
      -0.9090E-03
      -0.1398E-03
      -0.6258E-04
      -0.7240E-03
      -0.2006E-03
      -0.6045E-03
      -0.8378E-04
      -0.2053E-04
      -0.3387E-03
      -0.2260E-03
      -0.3665E-04
      -0.1331E-03
      -0.3757E-04
       0.8004E-04
      -0.1040E-03
      -0.1517E-03
      -0.7472E-03
      -0.1192E-02
      -0.8908E-03
       0.3485E-04
      -0.1809E-04
      -0.7109E-03
      -0.8263E-04
      -0.1403E-03
       0.7920E-03
      -0.3759E-03
      -0.6784E-03
       0.1428E-03
      -0.8984E-04
       0.1326E-03
      -0.1767E-03
       0.1177E-03
      -0.2088E-03
       0.3962E-03
       0.1605E-03
       0.2194E-03
      -0.5319E-04
       0.9178E-04
      -0.2338E-03
      -0.4590E-03
       0.2614E-04
       0.6752E-05
       0.2725E-03
       0.1605E-03
      -0.2839E-03
      -0.1395E-03
      -0.2419E-04
       0.6880E-03
       0.1449E-03
      -0.8096E-04
       0.6355E-03
      -0.1072E-03
      -0.3025E-03
      -0.3621E-03
       0.9086E-03
       0.1313E-04
       0.2177E-03
       0.2225E-03
      -0.3554E-03
      -0.1468E-03
      -0.6084E-03
      -0.1210E-02
       0.3801E-03
      -0.1601E-03
       0.7812E-04
      -0.5082E-03
      -0.6150E-03
      -0.8449E-04
      -0.2870E-03
       0.1755E-03
      -0.9512E-05
      -0.9077E-04
       0.9899E-03
      -0.4947E-04
      -0.1289E-03
       0.1768E-03
      -0.3588E-03
      -0.4609E-03
      -0.3162E-03
      -0.5750E-04
      -0.1899E-03
      -0.1328E-03
       0.6813E-04
      -0.2850E-03
      -0.5587E-03
       0.1310E-03
      -0.2577E-03
       0.4028E-03
      -0.1729E-02
       0.6626E-03
      -0.3551E-03
       0.4903E-03
      -0.2632E-04
       0.8765E-03
       0.9837E-04
      -0.8980E-03
      -0.3510E-03
      -0.4238E-03
       0.1909E-03
       0.1495E-03
      -0.1533E-03
      -0.6980E-03
       0.1262E-02
      -0.3985E-03
      -0.4430E-04
      -0.9544E-04
      -0.2010E-03
       0.5760E-03
      -0.7502E-03
       0.1004E-03
       0.1443E-03
      -0.2767E-03
       0.9436E-03
      -0.3457E-03
      -0.6252E-03
      -0.5333E-04
      -0.4985E-03
      -0.6136E-04
       0.7456E-04
      -0.2991E-03
       0.4786E-03
      -0.9375E-04
      -0.1057E-03
       0.1544E-03
       0.3157E-04
       0.2958E-03
      -0.8153E-03
      -0.6481E-03
       0.2703E-02
       0.2122E-03
      -0.1749E-03
       0.8462E-03
       0.1861E-04
      -0.1346E-02
      -0.6375E-03
       0.3168E-03
       0.6523E-03
       0.1929E-03
       0.2022E-03
      -0.6815E-04
      -0.5540E-03
       0.1727E-03
       0.3300E-05
      -0.5402E-03
      -0.4781E-03
      -0.3095E-03
      -0.1828E-03
       0.4009E-04
       0.1268E-02
       0.6570E-04
       0.1372E-03
      -0.5145E-04
       0.8448E-03
      -0.1968E-03
       0.1783E-02
       0.8088E-04
       0.1799E-02
       0.1184E-04
       0.2253E-03
      -0.4653E-03
      -0.1382E-02
      -0.1716E-03
      -0.1002E-02
      -0.4731E-03
      -0.1198E-02
      -0.6462E-03
       0.1212E-04
      -0.1567E-03
      -0.2645E-03
      -0.2397E-03
       0.8429E-03
       0.4723E-04
      -0.4893E-03
      -0.1226E-02
       0.4331E-03
      -0.4062E-03
      -0.7233E-05
      -0.3934E-03
      -0.1268E-03
       0.8995E-05
      -0.1651E-02
      -0.3531E-04
      -0.3281E-03
      -0.1661E-03
       0.3749E-03
      -0.2250E-03
      -0.3347E-03
       0.2419E-04
       0.3742E-03
       0.4196E-03
      -0.2047E-03
      -0.2260E-03
      -0.3047E-03
      -0.3073E-03
      -0.7467E-04
       0.2368E-03
      -0.2978E-03
       0.6748E-03
      -0.1620E-03
      -0.1064E-03
      -0.1469E-03
      -0.5100E-04
       0.3906E-03
       0.5592E-05
       0.8537E-04
       0.1379E-03
      -0.2517E-03
      -0.7791E-03
      -0.1433E-02
       0.1312E-03
      -0.2767E-03
      -0.1852E-02
      -0.2863E-03
      -0.7101E-03
      -0.5077E-03
       0.3504E-03
      -0.4791E-03
       0.5139E-03
      -0.2543E-03
       0.4090E-03
       0.1355E-03
       0.2651E-02
       0.5113E-05
      -0.2232E-04
      -0.4999E-04
       0.1273E-03
      -0.4772E-03
      -0.6192E-03
       0.2839E-03
      -0.7415E-04
       0.3879E-03
      -0.5130E-03
       0.1270E-03
       0.1355E-03
      -0.1206E-03
      -0.3800E-03
      -0.1048E-02
      -0.1959E-03
      -0.6316E-04
      -0.9832E-04
      -0.4708E-03
       0.9992E-04
       0.5018E-04
      -0.5082E-03
       0.5358E-03
       0.8927E-03
      -0.2915E-03
      -0.1496E-03
       0.2450E-04
      -0.2164E-03
       0.1193E-02
       0.5648E-03
       0.1156E-02
      -0.2122E-03
      -0.5204E-03
      -0.5673E-03
      -0.2453E-03
       0.1111E-02
      -0.2323E-03
      -0.1818E-03
      -0.2902E-03
       0.1388E-02
      -0.3943E-03
       0.3750E-03
      -0.5523E-03
       0.7410E-03
      -0.3723E-03
      -0.2646E-03
       0.1930E-02
      -0.2540E-04
      -0.1013E-03
      -0.6459E-04
      -0.1871E-03
      -0.7366E-04
      -0.7612E-04
      -0.2312E-03
       0.5042E-03
      -0.1072E-03
       0.1795E-03
      -0.1931E-04
       0.3415E-03
       0.5374E-03
       0.8448E-03
       0.1451E-02
       0.1395E-03
      -0.1687E-03
      -0.9780E-05
      -0.1382E-04
       0.1995E-04
       0.2657E-03
      -0.1632E-04
      -0.1014E-02
       0.1022E-03
      -0.3148E-03
      -0.1674E-03
       0.1124E-02
      -0.3636E-03
       0.9558E-04
      -0.6842E-03
      -0.2614E-03
      -0.3178E-03
      -0.3735E-03
      -0.4229E-03
       0.7690E-03
       0.1503E-03
      -0.3478E-04
       0.5542E-04
      -0.3235E-03
       0.1410E-03
      -0.4683E-03
      -0.5530E-03
       0.8074E-03
      -0.9719E-03
       0.7800E-04
       0.4197E-05
       0.5846E-05
       0.1487E-02
      -0.5800E-03
      -0.6587E-04
      -0.4345E-03
       0.1709E-03
      -0.2692E-03
      -0.5454E-03
       0.4964E-04
      -0.7850E-04
       0.1368E-04
      -0.3647E-03
      -0.3602E-03
      -0.5497E-04
      -0.9999E-04
      -0.3736E-03
      -0.6427E-03
       0.2239E-03
       0.5611E-03
      -0.2694E-03
      -0.4849E-03
      -0.4725E-04
      -0.2956E-03
      -0.9115E-03
      -0.3909E-03
      -0.6277E-03
      -0.7413E-03
      -0.3417E-03
       0.1676E-03
      -0.1431E-04
      -0.9536E-03
       0.1437E-03
       0.2596E-03
       0.6952E-04
       0.7916E-03
      -0.2130E-03
      -0.6444E-04
      -0.4238E-03
      -0.2503E-03
      -0.4489E-03
       0.3377E-04
      -0.9108E-04
       0.5345E-03
       0.1687E-03
      -0.1590E-03
       0.3238E-04
      -0.5945E-03
       0.4414E-03
      -0.4571E-03
       0.4403E-04
       0.1182E-03
      -0.3844E-04
      -0.9696E-03
       0.2946E-02
      -0.5726E-05
      -0.2780E-03
      -0.5784E-03
       0.3954E-04
       0.1641E-04
      -0.1925E-03
      -0.2710E-03
       0.3427E-03
       0.5858E-03
       0.1956E-02
       0.6176E-04
      -0.1403E-04
       0.1007E-03
       0.1143E-03
      -0.2375E-03
       0.2493E-04
      -0.3626E-03
      -0.2294E-04
       0.5075E-03
       0.6237E-04
       0.2238E-03
       0.3575E-04
      -0.1467E-03
      -0.2472E-05
       0.1242E-03
      -0.7447E-04
      -0.8646E-04
      -0.5448E-03
      -0.1716E-03
      -0.4217E-03
       0.1758E-04
       0.8130E-03
       0.4752E-03
       0.1766E-04
      -0.1147E-03
       0.9527E-05
       0.1323E-03
      -0.4290E-04
      -0.2748E-03
       0.1477E-03
      -0.1167E-02
      -0.8129E-04
      -0.2370E-03
       0.1334E-03
      -0.8318E-03
       0.4092E-04
       0.1821E-03
       0.6031E-03
      -0.4556E-03
      -0.1322E-03
       0.2271E-03
      -0.1113E-03
       0.1780E-03
       0.2697E-05
       0.1038E-03
      -0.1603E-03
       0.7790E-03
      -0.3064E-03
       0.1901E-03
      -0.8479E-03
       0.8129E-04
       0.7326E-04
      -0.3358E-03
      -0.3653E-04
      -0.2812E-03
       0.1993E-03
       0.3034E-04
       0.1901E-04
       0.8706E-03
       0.1356E-03
      -0.1183E-02
       0.2041E-02
      -0.2470E-03
      -0.1716E-03
       0.7360E-03
      -0.6147E-04
      -0.2367E-03
      -0.1044E-02
      -0.3669E-03
       0.4404E-03
      -0.1508E-03
      -0.3189E-04
      -0.6142E-04
      -0.6487E-04
      -0.2843E-03
       0.7009E-03
      -0.5700E-04
       0.3001E-03
       0.8726E-04
       0.2157E-03
       0.1394E-03
      -0.1199E-03
       0.1876E-03
       0.1958E-03
      -0.7566E-04
      -0.1677E-02
       0.2334E-03
       0.1961E-03
      -0.3671E-04
      -0.1689E-03
      -0.4436E-03
       0.2390E-03
       0.1145E-02
      -0.7945E-04
      -0.8256E-03
       0.3335E-03
       0.4633E-03
       0.8491E-03
      -0.4891E-03
      -0.3503E-03
      -0.2250E-03
       0.1958E-03
      -0.7948E-03
      -0.8320E-04
      -0.4438E-03
       0.4782E-04
      -0.2112E-03
      -0.2261E-03
       0.7001E-03
      -0.2127E-03
      -0.2104E-03
      -0.2141E-03
       0.1852E-02
      -0.4612E-03
       0.1436E-03
       0.1295E-02
      -0.5333E-03
       0.7329E-03
      -0.4608E-04
      -0.3136E-05
      -0.6346E-03
       0.3994E-04
       0.1814E-03
      -0.1528E-03
      -0.2638E-03
       0.6011E-04
      -0.7129E-03
      -0.3982E-04
      -0.6923E-04
      -0.1163E-03
      -0.6953E-04
      -0.3287E-03
       0.3775E-03
      -0.5971E-03
       0.4118E-03
       0.1585E-04
      -0.1919E-03
       0.1498E-03
       0.5330E-03
      -0.3456E-05
      -0.6102E-03
       0.4347E-03
       0.7433E-04
      -0.1816E-03
      -0.5431E-03
       0.6345E-03
      -0.8364E-03
       0.5855E-04
       0.3698E-03
      -0.1216E-03
      -0.1259E-03
       0.4539E-03
      -0.5880E-04
      -0.2894E-03
      -0.3439E-03
      -0.1160E-03
      -0.7979E-04
      -0.5615E-03
       0.5832E-04
      -0.7856E-03
       0.3430E-04
      -0.2406E-03
      -0.4204E-03
      -0.5809E-04
       0.1149E-02
       0.3310E-03
      -0.2811E-04
       0.2262E-02
       0.8595E-03
      -0.1075E-02
      -0.9839E-05
      -0.5589E-04
      -0.4662E-05
       0.2831E-03
      -0.7213E-04
      -0.1536E-03
      -0.7226E-03
       0.5416E-03
      -0.4054E-05
      -0.2707E-04
      -0.4929E-03
      -0.3751E-03
      -0.8525E-04
       0.7069E-03
      -0.3400E-03
      -0.2012E-03
       0.8637E-03
      -0.1132E-03
      -0.3812E-03
       0.3440E-03
       0.2048E-03
       0.9443E-04
       0.8778E-05
       0.2623E-03
       0.7204E-04
      -0.1233E-03
       0.5245E-04
      -0.3039E-03
       0.2352E-03
      -0.1812E-04
      -0.1102E-02
       0.1488E-03
      -0.8126E-03
      -0.2109E-03
       0.2973E-04
      -0.6549E-03
      -0.6749E-03
       0.2808E-03
      -0.1827E-03
       0.3510E-03
       0.3721E-04
       0.6680E-04
      -0.1127E-03
       0.2082E-03
      -0.6329E-03
      -0.9064E-03
       0.1165E-03
      -0.1721E-03
      -0.5164E-03
       0.6977E-03
      -0.3185E-04
      -0.5729E-04
      -0.7342E-04
       0.3420E-03
       0.1654E-03
      -0.2400E-03
       0.5482E-03
      -0.2361E-03
      -0.8623E-04
      -0.7410E-03
      -0.1769E-03
      -0.1007E-03
       0.7516E-04
      -0.7188E-04
      -0.5126E-04
       0.3669E-02
      -0.1400E-03
      -0.1515E-03
      -0.4210E-03
      -0.6685E-04
       0.5689E-03
      -0.1600E-03
      -0.4720E-03
       0.1902E-04
      -0.4415E-03
      -0.1693E-03
       0.5507E-03
      -0.7605E-03
      -0.8522E-04
      -0.7611E-03
      -0.2552E-03
      -0.8953E-04
      -0.9653E-04
      -0.4316E-03
       0.5532E-04
      -0.3650E-04
      -0.7522E-03
       0.1733E-03
       0.8682E-04
       0.3911E-03
      -0.7217E-03
       0.8612E-04
       0.1299E-02
       0.4831E-04
      -0.2109E-03
       0.5982E-03
      -0.8507E-04
      -0.3286E-04
      -0.2877E-03
       0.9804E-03
      -0.8871E-03
       0.4208E-03
      -0.5763E-03
      -0.3244E-03
       0.9138E-04
       0.4336E-03
       0.2266E-03
      -0.1708E-03
      -0.6421E-06
      -0.4545E-04
      -0.4932E-03
      -0.2613E-03
      -0.6804E-04
      -0.7122E-03
       0.3820E-04
       0.1035E-03
      -0.2532E-03
      -0.1378E-03
       0.1910E-03
      -0.1395E-03
      -0.8301E-05
      -0.2417E-04
      -0.5559E-03
       0.6136E-03
      -0.2213E-03
      -0.2145E-03
      -0.1440E-03
      -0.3129E-03
       0.2904E-03
       0.6229E-03
      -0.2113E-03
      -0.3207E-03
       0.7360E-04
       0.6735E-05
      -0.1167E-03
      -0.8275E-04
       0.2419E-03
      -0.2192E-03
       0.3991E-03
      -0.4356E-03
       0.8542E-04
      -0.2498E-03
      -0.1006E-03
       0.6979E-04
       0.2635E-03
      -0.1418E-03
       0.2453E-04
       0.6304E-05
       0.3711E-04
      -0.3271E-03
      -0.2073E-04
       0.1140E-02
      -0.3432E-03
      -0.1354E-03
      -0.6414E-04
      -0.2123E-04
      -0.2968E-03
      -0.2927E-03
      -0.6942E-05
      -0.1064E-03
      -0.6696E-03
       0.2660E-03
       0.9342E-03
       0.1231E-03
      -0.3311E-03
      -0.7454E-04
      -0.1382E-03
      -0.2592E-03
       0.2580E-03
       0.1438E-03
      -0.2169E-03
      -0.1699E-03
       0.9341E-03
      -0.5409E-03
       0.1666E-04
      -0.1191E-03
      -0.2600E-04
      -0.7713E-04
       0.5924E-04
      -0.6302E-03
       0.1933E-04
      -0.1801E-03
       0.1354E-03
      -0.1233E-03
      -0.4538E-03
       0.4567E-03
       0.7158E-04
       0.1482E-03
      -0.2766E-04
      -0.9211E-04
      -0.1117E-03
       0.2827E-03
      -0.8306E-04
       0.4041E-03
      -0.7756E-03
      -0.3598E-03
       0.2277E-04
       0.3084E-03
      -0.1321E-03
       0.2272E-03
       0.8479E-04
       0.2788E-03
       0.1301E-03
      -0.5551E-03
      -0.4804E-03
      -0.2137E-05
      -0.5808E-03
      -0.1219E-03
       0.6242E-03
       0.2031E-03
       0.8502E-03
       0.1771E-03
       0.3383E-04
      -0.1087E-03
      -0.5945E-04
       0.2982E-03
       0.4442E-03
      -0.2395E-03
       0.5353E-03
      -0.8111E-06
      -0.2749E-04
      -0.1786E-03
       0.1200E-03
      -0.3871E-03
      -0.6520E-04
      -0.1950E-02
      -0.1440E-03
       0.3133E-03
       0.3687E-03
      -0.4637E-03
      -0.2704E-03
       0.2959E-04
       0.6005E-03
      -0.1018E-03
      -0.1293E-03
      -0.1730E-03
       0.1083E-02
      -0.1713E-03
      -0.1499E-03
       0.4555E-03
      -0.2064E-03
      -0.5250E-04
       0.2790E-03
      -0.5114E-05
       0.1423E-02
       0.1873E-03
       0.1638E-03
       0.4356E-03
       0.4148E-03
      -0.1005E-03
      -0.4465E-04
      -0.3591E-03
      -0.2455E-03
       0.7269E-03
       0.2906E-05
       0.4999E-04
      -0.3239E-03
       0.1505E-03
      -0.3559E-03
       0.6381E-03
      -0.3122E-04
       0.1124E-03
      -0.3507E-03
       0.1323E-03
       0.2851E-03
       0.3207E-02
      -0.3807E-03
      -0.3394E-03
      -0.2642E-04
       0.1569E-03
       0.1962E-03
      -0.4160E-04
       0.2712E-04
       0.1795E-03
       0.4774E-03
      -0.2723E-03
       0.1498E-04
      -0.7061E-05
       0.3532E-03
       0.4135E-04
       0.1026E-02
       0.6377E-04
      -0.4373E-03
       0.5256E-03
       0.3459E-03
      -0.8482E-04
      -0.1290E-04
      -0.3830E-04
      -0.9188E-03
       0.2943E-02
      -0.1812E-02
       0.5639E-04
      -0.7498E-04
      -0.2338E-04
      -0.1367E-04
      -0.4382E-04
      -0.1915E-03
       0.1553E-03
      -0.2447E-04
      -0.5273E-03
      -0.3718E-03
      -0.3293E-03
       0.5070E-03
       0.2848E-03
       0.2562E-03
      -0.1653E-03
      -0.4416E-04
       0.4982E-03
      -0.8937E-04
      -0.1541E-03
       0.6749E-03
      -0.1120E-03
       0.1437E-02
       0.5494E-04
      -0.3256E-04
       0.2196E-03
       0.2687E-03
       0.1743E-04
       0.3032E-02
      -0.1314E-03
       0.4629E-04
      -0.1015E-02
       0.3873E-05
       0.1324E-04
       0.2352E-03
      -0.5782E-03
      -0.8385E-03
      -0.1054E-02
      -0.1806E-03
      -0.5755E-04
       0.1624E-03
       0.7590E-03
      -0.2587E-03
       0.8347E-04
      -0.4022E-03
       0.1203E-03
       0.9790E-03
       0.6413E-04
       0.9809E-03
       0.1024E-03
       0.9827E-03
      -0.5586E-03
      -0.4522E-03
       0.1749E-02
      -0.1559E-03
       0.2133E-03
       0.9758E-05
       0.2417E-03
       0.4471E-03
      -0.1732E-03
       0.1268E-03
      -0.2431E-03
      -0.1768E-03
       0.6818E-03
      -0.5707E-03
      -0.3283E-03
       0.8735E-03
       0.1417E-02
      -0.9663E-04
       0.3326E-03
       0.1253E-03
       0.4831E-03
      -0.1563E-03
      -0.3628E-03
       0.3326E-03
      -0.1814E-03
      -0.4183E-03
       0.4312E-03
      -0.8530E-03
       0.1207E-03
       0.5400E-04
      -0.5489E-03
      -0.6623E-04
       0.1244E-02
      -0.8547E-03
       0.1940E-03
      -0.3245E-03
      -0.1933E-04
      -0.2533E-03
      -0.1273E-03
      -0.2360E-03
       0.2838E-03
      -0.3972E-03
      -0.3863E-03
       0.9009E-03
       0.2456E-03
      -0.4162E-03
       0.2260E-03
       0.1054E-05
      -0.4972E-03
       0.5884E-04
       0.7889E-05
      -0.6944E-03
       0.1078E-02
      -0.7367E-03
      -0.8986E-03
       0.2394E-03
      -0.1046E-02
       0.3445E-03
       0.2813E-03
      -0.2187E-02
      -0.1414E-03
       0.2141E-03
      -0.6715E-05
       0.1591E-03
       0.2757E-02
       0.1851E-02
       0.4051E-04
      -0.2599E-03
       0.1020E-03
      -0.4386E-03
       0.4326E-04
      -0.9236E-04
       0.1174E-03
      -0.7484E-03
      -0.1436E-03
      -0.1319E-03
      -0.6726E-04
      -0.6144E-04
      -0.2092E-05
       0.3139E-03
      -0.4475E-04
       0.2253E-03
       0.4114E-06
       0.1453E-03
       0.1705E-03
      -0.7155E-03
       0.1034E-03
      -0.1136E-03
      -0.8524E-03
      -0.5754E-05
       0.1717E-03
      -0.8356E-03
       0.1755E-03
       0.9755E-04
      -0.3096E-04
      -0.2446E-03
      -0.2654E-03
       0.1288E-03
       0.9337E-03
       0.1800E-03
      -0.1959E-03
      -0.3577E-03
      -0.5029E-03
       0.3045E-03
      -0.4746E-03
       0.4052E-03
       0.7129E-03
      -0.8167E-03
       0.3179E-04
      -0.1695E-04
      -0.4295E-03
       0.5687E-02
       0.1344E-03
       0.1186E-03
      -0.3213E-04
      -0.2133E-03
       0.1205E-02
       0.1329E-02
      -0.3404E-03
      -0.4020E-04
      -0.2863E-03
      -0.2493E-03
      -0.6122E-05
      -0.1654E-03
      -0.5332E-04
      -0.5949E-04
      -0.3106E-03
      -0.7217E-03
       0.3127E-03
      -0.4634E-03
      -0.1209E-02
      -0.1021E-03
       0.3026E-03
      -0.1664E-03
      -0.2829E-04
       0.1047E-02
       0.1516E-04
      -0.4006E-04
      -0.1649E-03
      -0.2086E-03
      -0.1415E-03
      -0.1756E-03
      -0.1090E-03
       0.6151E-04
      -0.4673E-03
       0.9916E-04
      -0.4482E-03
      -0.4139E-04
      -0.1273E-02
       0.1529E-02
      -0.2699E-03
      -0.1054E-02
      -0.1540E-03
       0.2141E-03
       0.2193E-03
      -0.1508E-03
      -0.2095E-03
      -0.7477E-03
      -0.4852E-03
       0.7391E-04
       0.3767E-03
       0.2498E-03
      -0.1493E-03
      -0.6768E-03
       0.5619E-04
      -0.3147E-04
       0.6127E-04
      -0.3473E-03
      -0.9352E-03
      -0.2516E-03
       0.8654E-03
       0.1097E-03
      -0.2450E-03
      -0.7526E-03
       0.3964E-03
       0.3293E-04
       0.1111E-02
      -0.1416E-03
      -0.1039E-03
       0.1520E-03
       0.1537E-03
      -0.1047E-03
      -0.5981E-04
      -0.1777E-03
      -0.4237E-04
      -0.3742E-03
      -0.1998E-03
      -0.1048E-03
       0.3447E-04
       0.2826E-03
      -0.4149E-03
       0.1026E-02
       0.1286E-03
      -0.1162E-03
       0.5270E-03
       0.6095E-04
      -0.6375E-03
       0.1085E-04
      -0.2460E-04
      -0.1165E-03
      -0.5590E-03
      -0.8959E-04
      -0.4728E-03
       0.1754E-03
      -0.4513E-04
      -0.2074E-03
       0.2043E-03
       0.5413E-03
      -0.3849E-04
       0.1989E-04
       0.1711E-02
       0.1356E-03
       0.7392E-03
       0.2069E-04
       0.1396E-03
      -0.5733E-03
      -0.2234E-03
       0.1971E-03
       0.7849E-04
      -0.3292E-03
       0.7277E-04
       0.2641E-02
       0.9315E-04
      -0.1100E-03
      -0.2401E-03
      -0.1446E-03
      -0.5433E-03
      -0.3854E-03
       0.5443E-03
       0.1096E-03
       0.1961E-03
      -0.1864E-03
      -0.3936E-03
      -0.3808E-03
       0.1093E-03
      -0.1382E-03
      -0.2016E-03
      -0.3548E-03
       0.2814E-03
      -0.1791E-03
      -0.1112E-03
      -0.7140E-03
      -0.2249E-03
       0.8562E-04
       0.2450E-03
      -0.1110E-02
       0.2470E-03
       0.1406E-04
       0.8948E-04
       0.1000E-03
      -0.2610E-03
       0.1344E-03
      -0.5020E-03
       0.1034E-02
      -0.1103E-02
      -0.7842E-04
      -0.4516E-03
      -0.3103E-03
      -0.1141E-03
       0.1378E-03
       0.1601E-03
       0.9723E-04
       0.6856E-03
      -0.4734E-03
      -0.1565E-03
       0.7394E-04
      -0.2292E-04
       0.8024E-04
      -0.5015E-03
      -0.2598E-02
       0.7927E-03
       0.2637E-03
       0.2893E-04
      -0.4957E-03
       0.5165E-03
      -0.2375E-03
       0.9828E-03
      -0.1113E-03
       0.4763E-05
       0.6247E-03
      -0.4075E-03
       0.6222E-04
      -0.5127E-04
       0.2803E-03
       0.3301E-03
       0.3221E-04
      -0.1005E-03
       0.1019E-04
      -0.2376E-03
       0.2706E-03
       0.9654E-04
       0.2950E-03
      -0.3637E-04
       0.5961E-04
       0.1575E-04
      -0.2763E-03
      -0.1836E-03
       0.9452E-04
      -0.9448E-04
      -0.2827E-04
      -0.2646E-03
      -0.2610E-03
       0.6176E-05
      -0.9530E-03
       0.4697E-03
       0.1246E-03
      -0.8222E-04
      -0.1382E-03
       0.2735E-03
       0.1333E-03
       0.2100E-03
      -0.7196E-04
      -0.1431E-03
       0.2346E-03
       0.1856E-04
       0.6069E-03
      -0.9759E-04
      -0.1135E-04
       0.4514E-03
      -0.9231E-03
       0.3990E-03
      -0.1980E-03
      -0.7557E-04
      -0.1321E-03
       0.5744E-04
      -0.7303E-04
      -0.5047E-03
      -0.2698E-03
      -0.3270E-03
       0.5570E-03
      -0.3755E-03
      -0.6309E-03
       0.1293E-02
       0.5322E-03
      -0.9412E-04
      -0.6508E-04
      -0.1333E-03
       0.5319E-03
      -0.4933E-04
      -0.9871E-03
      -0.1022E-03
       0.1044E-03
      -0.4859E-03
       0.3295E-03
      -0.2047E-03
      -0.7575E-03
       0.2262E-03
       0.3713E-02
      -0.8439E-04
       0.2853E-03
       0.8830E-04
       0.1596E-03
       0.1313E-04
      -0.1546E-03
       0.1049E-03
      -0.2259E-03
      -0.1000E-02
       0.5033E-03
       0.4404E-03
       0.3184E-03
      -0.1387E-03
      -0.3726E-03
       0.4316E-03
       0.1434E-02
      -0.1961E-03
      -0.3578E-04
       0.4346E-03
      -0.1162E-03
      -0.3725E-03
       0.7250E-04
      -0.2001E-03
      -0.2904E-03
      -0.1502E-03
      -0.7895E-04
       0.6122E-03
       0.8171E-05
      -0.2877E-03
      -0.5837E-05
       0.7093E-04
      -0.3896E-03
       0.1484E-03
       0.1783E-02
       0.2579E-03
      -0.3631E-04
      -0.5253E-04
       0.1711E-02
      -0.1070E-02
       0.2193E-03
       0.3674E-03
       0.4505E-03
       0.1955E-03
      -0.7897E-04
      -0.2118E-03
       0.2926E-03
      -0.4929E-04
      -0.4658E-04
      -0.1084E-03
      -0.8303E-04
      -0.3132E-03
       0.3281E-03
      -0.5255E-03
      -0.6705E-04
      -0.9979E-04
       0.4805E-03
      -0.6265E-04
      -0.6899E-04
      -0.1571E-03
       0.7036E-05
      -0.1365E-03
      -0.7498E-03
      -0.1409E-03
       0.1780E-03
       0.1632E-02
       0.1107E-02
      -0.8382E-03
      -0.2569E-04
      -0.2550E-04
       0.5764E-03
      -0.9495E-03
      -0.9272E-03
       0.1967E-03
      -0.2119E-03
       0.1078E-02
       0.4164E-03
      -0.2662E-04
      -0.3795E-03
       0.5365E-03
      -0.1076E-02
       0.2101E-03
      -0.6057E-03
       0.1065E-03
      -0.2568E-03
      -0.4576E-04
      -0.8434E-04
       0.2626E-04
      -0.5875E-03
      -0.4050E-03
      -0.2038E-03
      -0.2283E-03
       0.9710E-03
       0.3648E-04
       0.1565E-02
      -0.7504E-03
      -0.1650E-03
      -0.8577E-04
       0.5407E-03
       0.3997E-03
       0.2791E-05
      -0.8260E-04
       0.9242E-04
      -0.1724E-03
      -0.2601E-04
      -0.9642E-02
       0.1342E-03
      -0.2584E-04
      -0.1074E-03
       0.1836E-04
       0.4912E-03
       0.5755E-03
       0.9225E-03
      -0.3456E-03
      -0.6395E-04
      -0.6770E-04
      -0.8842E-03
       0.1179E-02
       0.4224E-03
      -0.2971E-03
      -0.4114E-03
      -0.2039E-03
       0.4347E-03
      -0.4009E-04
      -0.4890E-05
      -0.1433E-02
       0.8478E-04
       0.1703E-03
       0.1128E-03
      -0.6520E-03
      -0.3902E-04
       0.3722E-05
      -0.2721E-04
       0.7073E-03
       0.4468E-03
       0.1371E-03
       0.3716E-03
       0.1934E-03
       0.6908E-03
      -0.8556E-03
       0.2180E-03
      -0.6916E-03
       0.8812E-04
      -0.3958E-03
       0.1658E-02
      -0.5595E-03
      -0.5706E-03
      -0.2715E-03
      -0.6047E-03
      -0.5908E-03
       0.3066E-03
      -0.7456E-04
      -0.7860E-03
      -0.3836E-03
      -0.6145E-04
      -0.2016E-04
       0.2209E-03
       0.2380E-03
      -0.2970E-02
      -0.2691E-03
      -0.9408E-04
       0.2626E-03
      -0.3202E-04
       0.8105E-05
       0.7454E-04
      -0.3521E-03
       0.3970E-04
      -0.2035E-04
      -0.8826E-04
      -0.4590E-03
       0.7238E-03
      -0.2605E-03
      -0.3458E-03
      -0.2854E-04
      -0.2167E-03
       0.3285E-04
       0.2574E-04
      -0.4077E-03
       0.2412E-02
      -0.1011E-02
       0.3276E-04
      -0.7066E-03
      -0.6186E-04
      -0.3152E-03
      -0.1361E-03
       0.4891E-03
      -0.1949E-03
      -0.9411E-03
       0.2706E-03
      -0.2914E-03
       0.4909E-04
      -0.1065E-03
      -0.4831E-04
       0.2755E-04
      -0.7404E-03
       0.5501E-03
      -0.2988E-03
      -0.8495E-03
      -0.4908E-03
       0.1001E-03
       0.2007E-03
       0.4614E-03
       0.1234E-03
       0.1316E-03
      -0.2792E-03
      -0.6417E-03
       0.2964E-03
       0.7601E-04
      -0.5420E-03
       0.2008E-03
      -0.1067E-03
      -0.9252E-04
       0.6232E-03
      -0.1892E-03
      -0.1718E-03
       0.3199E-04
      -0.3155E-03
       0.4221E-03
      -0.1283E-03
       0.4010E-03
       0.1966E-03
      -0.2524E-03
      -0.2405E-03
      -0.4968E-03
       0.6272E-03
       0.6076E-04
       0.1035E-02
      -0.3728E-03
      -0.4553E-03
      -0.1712E-03
      -0.9282E-03
      -0.3015E-03
       0.9268E-04
      -0.2343E-03
       0.2600E-03
      -0.7279E-03
       0.8054E-04
       0.5986E-04
       0.1124E-03
      -0.2123E-02
      -0.3486E-03
      -0.1296E-03
       0.2158E-03
      -0.5338E-03
      -0.1960E-03
      -0.2281E-03
      -0.5052E-04
      -0.1221E-03
       0.1336E-03
       0.5962E-03
       0.1661E-03
      -0.4848E-04
      -0.1910E-03
       0.7851E-03
       0.9349E-04
      -0.3172E-03
      -0.8327E-03
      -0.5936E-04
       0.1196E-03
       0.4723E-04
      -0.1329E-03
       0.1131E-02
      -0.1512E-03
      -0.4027E-03
      -0.1219E-03
       0.2929E-04
      -0.3481E-03
       0.2217E-03
       0.1485E-03
      -0.2295E-03
      -0.7408E-03
      -0.3197E-03
       0.1551E-02
      -0.7392E-03
      -0.6255E-03
       0.3651E-04
      -0.4889E-04
      -0.1447E-03
      -0.3068E-04
       0.4426E-03
       0.1250E-03
      -0.1585E-03
      -0.2901E-04
       0.1038E-02
       0.3128E-03
       0.6947E-03
       0.6766E-03
       0.1584E-03
      -0.5310E-04
      -0.1809E-03
       0.1803E-03
      -0.6251E-03
      -0.3701E-03
      -0.1011E-03
      -0.5395E-03
      -0.5244E-03
      -0.1648E-03
      -0.3901E-04
      -0.1697E-04
      -0.1820E-03
       0.4546E-03
      -0.4273E-03
       0.8794E-05
       0.8768E-03
       0.1212E-03
       0.8111E-03
       0.1322E-03
       0.1035E-02
      -0.5304E-03
      -0.8335E-04
      -0.1080E-02
       0.1663E-03
      -0.2812E-03
       0.1642E-02
       0.2224E-04
      -0.1187E-04
       0.1117E-03
      -0.2468E-03
      -0.1691E-04
       0.5551E-03
       0.7813E-03
       0.4211E-04
       0.7594E-05
      -0.1978E-03
      -0.3561E-03
      -0.5234E-04
      -0.9770E-03
      -0.5845E-04
       0.2686E-03
      -0.2639E-04
      -0.1119E-03
       0.6748E-03
      -0.6995E-04
       0.1346E-03
      -0.1318E-03
      -0.9487E-04
      -0.1042E-03
       0.1523E-03
      -0.9371E-03
      -0.3778E-03
       0.1112E-03
      -0.2422E-03
      -0.2005E-03
      -0.1699E-03
      -0.3064E-03
      -0.2052E-03
       0.7345E-03
      -0.9893E-04
       0.1160E-03
       0.5440E-03
      -0.5062E-03
       0.1312E-04
       0.2102E-02
      -0.1134E-03
       0.4442E-03
       0.1749E-04
       0.4272E-04
       0.3706E-04
      -0.5154E-03
      -0.2849E-04
      -0.3082E-03
       0.9332E-04
       0.2509E-03
      -0.3102E-03
       0.4541E-03
       0.9811E-03
      -0.2704E-03
       0.2315E-03
       0.1821E-04
       0.2873E-04
       0.9320E-03
      -0.3286E-03
       0.4269E-03
       0.1564E-04
       0.8468E-04
      -0.4962E-03
      -0.1162E-03
       0.3093E-03
      -0.1862E-03
      -0.4928E-03
      -0.3805E-03
       0.3184E-03
       0.1267E-03
      -0.2327E-05
      -0.1131E-03
      -0.3261E-04
      -0.1665E-03
      -0.8891E-04
      -0.3158E-04
      -0.1068E-03
       0.3142E-03
       0.4729E-04
      -0.3607E-03
      -0.1739E-03
      -0.8308E-03
       0.1266E-03
      -0.3618E-03
      -0.2485E-03
      -0.3981E-03
      -0.3714E-04
       0.3254E-03
      -0.1725E-02
      -0.1701E-03
       0.1570E-04
      -0.4024E-04
      -0.7718E-03
       0.5328E-03
      -0.4358E-03
      -0.6919E-03
      -0.1997E-03
      -0.2931E-03
      -0.6186E-03
       0.1099E-02
       0.5439E-03
       0.1733E-04
      -0.1545E-03
      -0.1528E-03
       0.1353E-02
      -0.2631E-03
      -0.3335E-03
      -0.2706E-04
       0.2299E-03
      -0.1061E-02
      -0.2016E-03
      -0.2906E-03
      -0.2201E-03
      -0.5214E-04
      -0.1071E-03
      -0.2389E-04
      -0.1276E-03
      -0.1506E-04
       0.5784E-04
      -0.1106E-03
      -0.1375E-03
      -0.5438E-03
       0.3924E-03
      -0.1844E-04
      -0.1447E-02
       0.1287E-02
      -0.1424E-03
       0.8963E-05
      -0.2477E-03
      -0.2317E-04
       0.3992E-04
       0.3141E-03
      -0.1657E-04
      -0.1069E-03
      -0.1719E-03
       0.9928E-03
       0.3939E-03
       0.3356E-04
      -0.4815E-03
       0.1186E-02
      -0.2299E-03
      -0.3604E-03
      -0.4305E-03
       0.1009E-02
       0.3499E-04
      -0.2893E-03
       0.3076E-03
      -0.1548E-02
      -0.8876E-04
       0.5906E-03
      -0.5779E-04
       0.2218E-03
       0.2177E-04
      -0.2612E-03
      -0.3150E-03
       0.4583E-03
      -0.2690E-03
       0.7051E-04
       0.3890E-03
      -0.4909E-03
      -0.2936E-03
       0.6828E-04
      -0.3519E-03
       0.1782E-03
       0.7459E-04
      -0.3123E-04
       0.1934E-04
      -0.7328E-04
      -0.3686E-03
      -0.5834E-03
       0.4375E-03
       0.3476E-03
       0.3178E-03
       0.3051E-04
      -0.3804E-03
      -0.2947E-03
       0.5865E-03
       0.1279E-03
      -0.1588E-04
       0.2384E-03
      -0.3646E-03
       0.5293E-03
       0.7116E-04
      -0.4194E-03
       0.4458E-03
      -0.3003E-04
       0.1040E-02
      -0.6375E-03
      -0.1218E-03
       0.3687E-04
      -0.3924E-05
       0.2486E-02
      -0.1963E-03
       0.2559E-03
      -0.2058E-04
      -0.7347E-04
       0.2180E-02
      -0.2095E-03
      -0.6970E-05
      -0.5054E-04
      -0.2956E-03
       0.3127E-04
       0.5844E-03
      -0.1961E-04
       0.2329E-03
      -0.3484E-03
       0.3130E-03
       0.1856E-03
      -0.1740E-03
      -0.1565E-03
       0.6280E-04
       0.1090E-03
       0.3507E-03
      -0.2420E-03
      -0.1660E-04
      -0.4300E-03
      -0.9505E-04
      -0.4494E-04
       0.1437E-03
      -0.1250E-03
      -0.3199E-03
      -0.1361E-04
      -0.1679E-04
      -0.2911E-03
      -0.6839E-03
      -0.2227E-04
       0.1458E-03
       0.1657E-04
      -0.8921E-04
       0.1494E-02
      -0.1966E-05
      -0.2776E-03
      -0.5950E-04
       0.9792E-03
      -0.7529E-03
       0.7681E-03
       0.5827E-03
      -0.8407E-03
       0.7170E-03
      -0.3061E-03
       0.6275E-05
       0.8360E-03
       0.4569E-03
      -0.2734E-03
      -0.5965E-03
      -0.1132E-03
       0.1743E-03
       0.1185E-03
       0.1079E-03
      -0.1688E-03
       0.6320E-04
      -0.3443E-04
      -0.8097E-03
      -0.9761E-03
       0.2202E-03
       0.9084E-03
      -0.1330E-04
      -0.3884E-03
      -0.5790E-05
      -0.7397E-03
       0.4448E-04
       0.1628E-02
       0.6962E-04
      -0.6219E-03
      -0.3750E-03
       0.1144E-04
      -0.6782E-04
       0.8088E-04
      -0.7298E-04
       0.8855E-05
      -0.6679E-04
       0.2398E-02
       0.1366E-03
      -0.2506E-03
      -0.5091E-04
      -0.3740E-03
       0.6648E-05
       0.2706E-02
      -0.2547E-04
      -0.2380E-03
      -0.2324E-03
      -0.2028E-02
      -0.2838E-04
      -0.1311E-03
       0.6438E-03
      -0.2849E-03
      -0.1936E-03
      -0.3780E-04
      -0.4932E-03
      -0.6189E-03
       0.2700E-03
      -0.3173E-03
       0.9510E-03
      -0.1013E-02
      -0.2577E-03
      -0.4433E-03
      -0.7085E-04
      -0.1420E-03
      -0.2725E-03
       0.1658E-04
       0.6362E-03
       0.1120E-03
       0.1139E-03
       0.1023E-03
      -0.1355E-03
      -0.5399E-04
      -0.2792E-03
       0.3266E-04
       0.5203E-03
      -0.3324E-03
      -0.1434E-03
       0.3202E-04
      -0.5078E-03
       0.7061E-03
       0.3008E-03
      -0.7252E-03
       0.7227E-04
       0.4902E-04
       0.6238E-05
       0.4572E-04
       0.4510E-03
      -0.1256E-03
      -0.5772E-03
       0.1116E-02
      -0.9277E-04
      -0.2405E-03
       0.3172E-05
      -0.2745E-03
      -0.1767E-02
       0.9579E-04
      -0.7564E-03
      -0.2137E-03
       0.3482E-04
      -0.7416E-03
      -0.5155E-03
      -0.1996E-03
       0.3024E-04
       0.1216E-02
       0.5394E-04
      -0.2659E-04
      -0.5452E-04
       0.3451E-03
      -0.7460E-03
      -0.1593E-02
       0.4298E-04
      -0.1627E-03
      -0.1109E-03
      -0.8418E-04
      -0.2408E-03
      -0.5904E-03
      -0.3831E-03
      -0.4782E-03
      -0.8167E-03
      -0.8291E-04
      -0.1262E-03
       0.5621E-04
       0.2787E-03
       0.3562E-04
      -0.3871E-03
      -0.4801E-03
       0.1626E-03
      -0.1975E-03
      -0.3808E-03
      -0.3084E-04
      -0.1182E-04
       0.7266E-04
      -0.1660E-03
      -0.9787E-03
       0.5731E-04
       0.5025E-03
      -0.1788E-03
      -0.2815E-03
      -0.3966E-03
       0.7949E-03
      -0.1090E-03
      -0.8045E-03
      -0.5518E-03
       0.2092E-03
       0.1870E-03
       0.2114E-03
       0.1136E-03
      -0.5968E-04
       0.4974E-03
      -0.4814E-04
      -0.2748E-03
       0.3661E-03
      -0.4902E-03
       0.9727E-04
       0.7966E-04
      -0.7730E-03
      -0.1181E-03
       0.1701E-03
      -0.7737E-03
       0.1243E-02
      -0.2851E-03
       0.9788E-04
       0.5355E-03
      -0.3295E-03
       0.7391E-03
      -0.5182E-03
       0.2164E-03
       0.4491E-03
       0.1647E-03
      -0.7706E-03
      -0.7553E-03
      -0.2735E-03
      -0.4997E-03
      -0.6813E-03
       0.9151E-04
      -0.3928E-03
       0.5987E-03
      -0.1118E-03
       0.1801E-05
      -0.8195E-03
      -0.7836E-03
      -0.1136E-03
       0.7730E-03
       0.1229E-02
      -0.2276E-03
      -0.4571E-03
      -0.9939E-06
      -0.6992E-03
      -0.4378E-03
      -0.1133E-03
       0.1128E-02
       0.3785E-03
      -0.9541E-04
      -0.9355E-03
       0.1499E-04
      -0.5429E-03
      -0.2716E-03
       0.7650E-04
      -0.1208E-03
      -0.6695E-04
       0.9238E-03
      -0.3717E-03
       0.7669E-03
       0.1044E-02
      -0.2239E-03
      -0.1348E-02
       0.1472E-03
       0.1242E-03
      -0.1017E-02
      -0.3390E-03
      -0.1011E-03
      -0.4166E-03
      -0.2450E-03
       0.4640E-03
       0.3974E-02
       0.4293E-03
      -0.5104E-03
      -0.8001E-03
       0.1809E-03
       0.3149E-03
       0.1708E-03
      -0.1338E-04
      -0.5947E-03
       0.7179E-04
      -0.7477E-03
       0.1362E-02
      -0.4981E-03
      -0.6569E-03
      -0.8569E-04
      -0.7166E-04
       0.5908E-04
       0.7105E-03
       0.6655E-04
      -0.4627E-04
      -0.3496E-03
      -0.5431E-03
      -0.3398E-03
      -0.3321E-03
      -0.5860E-03
      -0.1478E-03
      -0.1162E-03
      -0.3197E-03
      -0.1895E-04
      -0.2751E-03
      -0.4833E-03
       0.2800E-03
      -0.5909E-03
       0.6917E-03
      -0.1400E-03
       0.5765E-04
      -0.2046E-03
      -0.5389E-03
      -0.3713E-03
      -0.7765E-04
      -0.1439E-03
      -0.7622E-03
      -0.6545E-03
      -0.1397E-05
       0.1060E-02
      -0.6781E-03
      -0.5861E-03
       0.1001E-02
      -0.7491E-04
       0.3313E-03
      -0.3018E-04
       0.2485E-02
      -0.8095E-04
       0.3104E-03
       0.5801E-04
      -0.6098E-03
      -0.1962E-03
       0.6284E-04
      -0.1337E-04
      -0.8596E-04
      -0.2709E-04
      -0.1749E-03
      -0.5850E-04
      -0.9077E-03
      -0.3810E-03
       0.3253E-03
      -0.1502E-03
      -0.3608E-04
       0.1160E-02
       0.1506E-04
      -0.5668E-03
       0.7651E-04
      -0.3804E-03
      -0.1952E-03
       0.3174E-03
      -0.3181E-03
       0.1712E-03
       0.1406E-03
      -0.9354E-03
      -0.7745E-04
       0.6694E-03
       0.4344E-03
      -0.4404E-04
      -0.4801E-03
       0.6830E-04
      -0.2812E-03
       0.6915E-04
      -0.2875E-03
       0.1040E-02
       0.5048E-03
       0.2838E-03
      -0.8213E-04
      -0.2831E-03
       0.1600E-03
       0.9323E-03
       0.7711E-03
       0.1278E-04
       0.6454E-04
      -0.1183E-03
      -0.9509E-03
      -0.4865E-03
      -0.2148E-04
      -0.2246E-03
       0.1090E-02
       0.1608E-03
       0.5891E-04
      -0.4196E-03
      -0.1356E-03
      -0.1170E-02
      -0.4074E-03
      -0.2994E-04
       0.1926E-02
      -0.1767E-03
      -0.6808E-04
      -0.1938E-03
      -0.3299E-05
      -0.3005E-03
      -0.6989E-04
      -0.1344E-03
       0.8965E-03
       0.9000E-04
      -0.6575E-04
      -0.1568E-03
      -0.3730E-03
      -0.7835E-03
       0.1082E-03
      -0.7472E-04
      -0.8179E-03
       0.9580E-03
       0.1524E-03
      -0.3413E-03
      -0.3272E-03
       0.2702E-04
      -0.1278E-03
      -0.1021E-02
       0.2227E-03
      -0.1661E-03
      -0.3999E-03
      -0.5845E-03
      -0.3858E-03
       0.2775E-03
      -0.5128E-04
      -0.1055E-03
       0.2630E-05
      -0.5835E-04
       0.8536E-03
      -0.4337E-03
       0.5555E-03
      -0.4886E-04
      -0.3768E-04
      -0.5917E-03
       0.1728E-05
      -0.5044E-04
      -0.7497E-03
       0.1626E-03
      -0.3819E-03
      -0.4988E-03
      -0.2362E-03
       0.7085E-05
       0.1453E-04
      -0.1018E-03
      -0.1052E-03
       0.1566E-03
       0.2720E-03
       0.2816E-03
       0.5102E-03
       0.5331E-03
      -0.1427E-02
      -0.1100E-02
       0.2507E-02
      -0.2320E-03
       0.4433E-03
       0.5675E-03
       0.3701E-03
       0.1509E-03
      -0.5477E-03
       0.7171E-03
       0.3238E-03
       0.5005E-04
      -0.1658E-03
       0.1773E-03
       0.7786E-03
       0.4975E-03
      -0.1085E-03
      -0.7113E-03
      -0.3099E-03
       0.5502E-03
      -0.4685E-04
       0.2542E-03
      -0.3438E-03
       0.5040E-03
      -0.6427E-03
      -0.5207E-03
       0.2722E-02
      -0.5486E-04
      -0.1570E-03
      -0.3928E-03
       0.1266E-05
       0.3874E-05
      -0.2922E-04
      -0.3768E-04
      -0.1581E-03
      -0.1797E-03
      -0.1516E-03
       0.2990E-03
       0.1494E-03
      -0.3254E-03
      -0.3752E-03
      -0.1245E-03
       0.5393E-03
       0.1181E-02
      -0.1034E-03
      -0.2178E-05
      -0.1019E-03
       0.1591E-02
      -0.7417E-03
      -0.8167E-03
      -0.5254E-05
      -0.5564E-04
      -0.3285E-03
      -0.8756E-04
      -0.1223E-03
      -0.5931E-03
      -0.9171E-04
       0.7550E-03
       0.2172E-04
      -0.2659E-03
      -0.2589E-03
      -0.9823E-03
      -0.3117E-03
      -0.1030E-03
      -0.3835E-04
      -0.1380E-02
      -0.3959E-04
      -0.1467E-03
      -0.5740E-03
       0.1473E-04
      -0.1971E-03
       0.5937E-03
       0.1367E-03
       0.3969E-04
      -0.5519E-03
      -0.2351E-03
      -0.5955E-03
      -0.5659E-04
      -0.3551E-03
       0.3176E-03
      -0.3907E-03
       0.3364E-04
       0.5012E-03
       0.1067E-02
       0.8953E-04
      -0.1671E-03
      -0.1570E-03
      -0.3645E-03
      -0.6199E-03
       0.7701E-03
      -0.1545E-03
      -0.1022E-03
      -0.1412E-03
      -0.2043E-02
       0.3581E-03
       0.2816E-03
       0.2491E-04
      -0.4852E-04
      -0.2189E-03
       0.4846E-03
      -0.3723E-03
       0.6957E-04
      -0.7261E-03
      -0.2798E-03
       0.2098E-04
      -0.3082E-03
      -0.9176E-03
       0.3801E-03
      -0.7428E-03
       0.4729E-04
       0.1610E-03
       0.3931E-04
      -0.6866E-03
      -0.1503E-03
      -0.8728E-03
      -0.7439E-03
       0.4768E-04
       0.9622E-04
      -0.6873E-04
       0.6590E-04
      -0.9873E-04
      -0.5575E-03
      -0.5900E-05
       0.5589E-03
       0.1131E-03
       0.7891E-03
       0.6427E-03
      -0.4241E-04
      -0.5128E-03
      -0.1165E-04
      -0.4634E-03
      -0.1970E-03
      -0.9184E-04
       0.7890E-03
      -0.1616E-03
       0.2258E-03
       0.4602E-03
       0.4707E-04
       0.1219E-04
      -0.7940E-04
      -0.1820E-03
      -0.3068E-03
      -0.6426E-03
      -0.3345E-04
       0.9741E-04
      -0.2058E-03
       0.2255E-03
      -0.8409E-03
       0.1490E-03
      -0.3256E-05
      -0.1885E-03
      -0.1868E-03
       0.3710E-03
      -0.1705E-02
      -0.1040E-02
       0.4538E-03
      -0.6251E-05
      -0.3084E-03
       0.1322E-03
       0.1314E-03
       0.6064E-04
       0.1745E-03
       0.5925E-04
      -0.3162E-04
      -0.1126E-03
       0.1952E-03
       0.1601E-03
      -0.7705E-04
      -0.3090E-04
      -0.9206E-03
       0.3532E-03
       0.1467E-03
      -0.2463E-03
      -0.4535E-03
       0.1589E-04
      -0.2381E-04
      -0.1049E-03
      -0.2074E-04
       0.3301E-03
       0.6801E-04
      -0.3251E-03
       0.7955E-03
      -0.1822E-05
      -0.3045E-02
      -0.1823E-04
      -0.9982E-03
      -0.6836E-05
      -0.2330E-03
      -0.2521E-03
      -0.1154E-03
      -0.1513E-03
      -0.3753E-03
      -0.5590E-03
       0.3232E-02
      -0.7086E-04
      -0.6592E-03
      -0.1499E-03
      -0.2557E-03
      -0.1348E-03
      -0.1495E-03
      -0.2378E-03
       0.1534E-02
       0.6351E-03
      -0.6232E-04
       0.2379E-03
       0.3711E-04
      -0.5260E-04
       0.6162E-03
       0.2132E-03
      -0.1732E-03
      -0.2818E-04
      -0.2556E-04
       0.3313E-03
      -0.4524E-03
       0.6371E-03
      -0.3982E-04
      -0.4441E-04
       0.6329E-03
       0.9562E-03
      -0.1751E-03
      -0.2170E-03
      -0.2598E-03
      -0.2127E-03
      -0.3765E-03
      -0.1151E-03
      -0.4188E-04
       0.7946E-03
       0.5428E-04
       0.1306E-04
      -0.1071E-03
      -0.1941E-03
      -0.4050E-03
       0.6096E-03
       0.3266E-03
      -0.4629E-03
       0.3056E-04
       0.2075E-03
      -0.1493E-03
       0.5012E-03
       0.5596E-03
       0.1294E-05
      -0.1864E-03
       0.8863E-04
      -0.4764E-04
      -0.1002E-03
       0.3180E-02
       0.2418E-03
       0.1864E-04
      -0.8383E-03
       0.3864E-05
      -0.1098E-03
      -0.8499E-04
      -0.1724E-03
       0.7343E-04
      -0.6457E-04
      -0.1368E-03
      -0.7134E-04
      -0.1899E-03
      -0.5646E-03
       0.4445E-04
      -0.7359E-04
      -0.5267E-03
      -0.2287E-03
       0.1599E-04
      -0.9415E-03
      -0.7233E-03
      -0.6130E-03
       0.1205E-03
      -0.7291E-04
      -0.1686E-03
      -0.2298E-03
      -0.1709E-03
      -0.7185E-04
      -0.1292E-04
      -0.4179E-03
       0.1117E-02
       0.9219E-03
      -0.2343E-03
      -0.3897E-04
      -0.1763E-03
      -0.4927E-03
       0.5765E-03
      -0.6428E-03
      -0.1641E-03
      -0.4489E-03
      -0.1242E-02
      -0.3285E-03
      -0.1426E-03
      -0.5300E-03
       0.2015E-03
      -0.7659E-03
       0.5200E-03
       0.2684E-03
      -0.2727E-04
       0.1104E-02
      -0.9352E-04
      -0.9095E-04
      -0.1845E-03
      -0.1083E-03
       0.7653E-03
      -0.2418E-03
       0.1598E-03
       0.9286E-03
      -0.1638E-03
      -0.3858E-03
      -0.2630E-03
      -0.4239E-03
       0.5664E-04
      -0.4802E-03
       0.3617E-03
       0.6537E-04
      -0.4070E-03
      -0.1469E-04
      -0.1008E-03
       0.3693E-03
       0.8251E-04
      -0.3612E-03
       0.3367E-04
      -0.1623E-02
       0.4858E-04
      -0.6637E-05
      -0.2538E-03
       0.3033E-03
       0.1110E-03
       0.1056E-02
       0.1402E-03
       0.1529E-03
      -0.2730E-03
      -0.1689E-04
       0.2525E-03
       0.3616E-03
      -0.1044E-04
      -0.2953E-03
       0.1627E-03
      -0.7238E-03
       0.1547E-03
       0.4852E-04
      -0.3312E-04
      -0.7110E-04
      -0.1912E-03
      -0.4378E-03
      -0.1059E-03
      -0.3958E-03
       0.7614E-04
       0.3637E-02
      -0.4453E-03
      -0.2031E-03
      -0.7602E-04
       0.5084E-03
      -0.8982E-04
       0.1008E-03
      -0.5734E-03
       0.4585E-04
      -0.5525E-03
      -0.2474E-04
      -0.2623E-03
      -0.6455E-04
       0.4889E-03
       0.1728E-03
       0.4483E-04
      -0.2394E-03
      -0.1780E-03
       0.7768E-04
      -0.1418E-03
      -0.6591E-04
      -0.7555E-04
      -0.2000E-03
      -0.1584E-03
      -0.7843E-04
      -0.1449E-03
       0.9522E-04
      -0.8319E-04
      -0.2086E-04
       0.1009E-04
      -0.8893E-05
       0.1031E-04
      -0.2608E-03
       0.2006E-03
       0.1990E-03
      -0.1391E-03
      -0.1619E-03
      -0.3379E-03
      -0.1620E-03
       0.1479E-02
       0.3016E-03
       0.1142E-03
       0.1795E-02
      -0.1000E-02
      -0.7739E-03
       0.2305E-03
       0.1302E-04
      -0.6178E-03
       0.1626E-04
       0.1734E-03
      -0.2424E-03
       0.1499E-03
      -0.1083E-03
      -0.6395E-03
      -0.1572E-03
      -0.1824E-04
       0.5801E-03
       0.1606E-03
       0.3878E-05
      -0.1869E-03
       0.9881E-05
       0.3493E-03
       0.1534E-03
      -0.1285E-02
       0.2543E-03
      -0.5987E-03
       0.1400E-02
       0.7302E-04
      -0.8686E-03
      -0.3529E-03
       0.3327E-03
       0.6676E-04
      -0.2737E-03
       0.3051E-04
      -0.3557E-03
       0.8255E-04
      -0.6918E-04
      -0.5723E-03
       0.1675E-03
       0.1578E-03
       0.4067E-03
      -0.8374E-03
       0.2017E-02
      -0.5620E-03
       0.7372E-03
       0.2451E-03
       0.3308E-03
      -0.2197E-03
      -0.6065E-04
       0.4374E-03
      -0.5381E-03
       0.6401E-04
       0.4480E-03
      -0.7689E-04
      -0.4626E-05
       0.3377E-02
       0.1848E-03
       0.4443E-04
      -0.7035E-03
      -0.5324E-04
      -0.4387E-04
      -0.1755E-04
      -0.1354E-03
      -0.1314E-04
       0.5960E-05
      -0.9207E-04
      -0.4446E-03
      -0.2667E-03
       0.2206E-03
       0.7058E-05
       0.3648E-03
       0.1385E-03
       0.1213E-03
      -0.2426E-03
      -0.6506E-03
      -0.2341E-03
       0.9944E-03
      -0.1702E-03
       0.9598E-04
       0.1633E-02
       0.8219E-03
      -0.3069E-03
      -0.1263E-03
      -0.1477E-03
      -0.8324E-03
       0.3202E-02
      -0.1081E-02
      -0.7816E-04
      -0.1051E-03
       0.3726E-03
       0.4315E-03
      -0.2157E-04
       0.1106E-03
       0.2880E-04
       0.4887E-03
      -0.2903E-03
       0.2642E-03
      -0.2121E-03
       0.2214E-03
       0.6264E-03
       0.6975E-04
      -0.2861E-03
      -0.1051E-04
      -0.7393E-04
       0.1438E-03
      -0.3372E-04
      -0.2767E-03
      -0.6803E-03
      -0.1697E-05
      -0.5264E-03
      -0.5351E-03
       0.1747E-03
       0.8518E-04
      -0.3913E-03
       0.1456E-05
      -0.2317E-03
      -0.1777E-03
       0.8284E-04
      -0.5247E-04
      -0.1101E-03
      -0.5979E-03
       0.4198E-03
      -0.3696E-04
      -0.4692E-04
       0.4915E-03
      -0.9597E-04
      -0.4495E-03
      -0.6386E-03
      -0.3275E-03
       0.2338E-04
       0.9222E-03
      -0.4112E-03
      -0.6517E-04
       0.3805E-04
      -0.2501E-04
      -0.3351E-04
      -0.4189E-03
      -0.5703E-03
      -0.4022E-03
       0.9330E-03
       0.1031E-04
      -0.1979E-03
       0.2672E-04
      -0.5224E-03
       0.1903E-03
       0.2475E-02
       0.1502E-02
       0.1470E-03
       0.9805E-04
      -0.2600E-03
       0.5532E-03
      -0.2401E-03
      -0.2282E-04
       0.5176E-03
       0.2860E-03
       0.1220E-03
      -0.4002E-04
       0.4905E-04
      -0.6279E-03
       0.2646E-03
      -0.1095E-03
      -0.1818E-03
      -0.4116E-04
      -0.5214E-04
      -0.1805E-04
      -0.7503E-04
      -0.3844E-04
       0.1348E-02
       0.1347E-02
      -0.8265E-03
      -0.6758E-03
      -0.1183E-03
       0.9345E-03
      -0.3132E-04
       0.2703E-03
      -0.2698E-03
      -0.7186E-05
       0.2992E-03
      -0.4322E-05
      -0.3411E-06
       0.2118E-03
       0.1636E-03
      -0.3050E-04
      -0.1876E-04
      -0.4730E-05
       0.4264E-04
      -0.3003E-03
       0.3060E-04
       0.2657E-03
       0.1379E-02
       0.4881E-03
      -0.7301E-04
       0.1898E-03
       0.2596E-02
      -0.1763E-03
      -0.3884E-03
      -0.2083E-03
      -0.4333E-03
      -0.6503E-03
       0.9677E-03
       0.9625E-06
       0.8612E-06
       0.1739E-03
      -0.9161E-04
       0.1435E-03
       0.5956E-03
      -0.4606E-03
      -0.4585E-03
       0.4546E-03
      -0.2265E-03
      -0.3685E-03
       0.5025E-04
       0.1171E-02
       0.1464E-03
      -0.2358E-04
       0.2081E-05
      -0.2653E-03
      -0.2584E-03
       0.6646E-03
       0.3928E-03
      -0.6582E-03
       0.1407E-03
       0.1187E-02
       0.9695E-03
       0.1826E-02
       0.6205E-03
       0.4340E-03
       0.1004E-02
       0.1703E-02
      -0.3116E-03
       0.1456E-02
      -0.5503E-03
      -0.2549E-03
       0.4444E-04
      -0.7193E-04
       0.9000E-04
      -0.2812E-03
       0.1113E-05
      -0.5921E-03
      -0.1676E-03
       0.1270E-03
       0.4413E-03
      -0.4300E-04
      -0.6412E-04
       0.9234E-04
       0.4122E-03
       0.1442E-03
       0.1220E-03
       0.6954E-04
      -0.7038E-04
      -0.2149E-03
      -0.4969E-03
       0.2438E-04
       0.1085E-04
      -0.7299E-03
      -0.1964E-03
       0.1440E-03
      -0.2444E-03
      -0.1154E-04
      -0.2177E-03
       0.1726E-03
       0.8327E-04
       0.1584E-03
      -0.6832E-03
      -0.8630E-03
       0.2331E-03
       0.4960E-04
      -0.2051E-03
      -0.1400E-02
       0.1321E-04
      -0.4857E-04
      -0.4740E-03
      -0.3754E-03
      -0.2159E-03
      -0.8351E-03
       0.1340E-04
      -0.1267E-03
       0.3215E-03
      -0.2980E-03
      -0.1323E-03
      -0.3707E-03
      -0.7399E-04
      -0.3110E-03
      -0.7986E-03
      -0.4739E-03
      -0.7242E-04
      -0.2836E-03
      -0.2522E-03
      -0.5778E-04
      -0.1920E-03
      -0.2094E-03
      -0.6821E-03
      -0.1251E-03
       0.6043E-03
      -0.3300E-03
      -0.4170E-03
      -0.1261E-02
      -0.2404E-02
      -0.5949E-04
      -0.6606E-04
      -0.1669E-03
       0.2301E-02
      -0.3911E-05
       0.1812E-03
       0.3548E-03
       0.6791E-04
       0.6924E-04
      -0.2681E-03
       0.5827E-03
      -0.5037E-04
       0.4433E-03
      -0.6654E-03
      -0.1590E-03
      -0.5645E-03
       0.1697E-02
      -0.2632E-03
       0.1329E-02
       0.2543E-03
       0.3493E-03
       0.4121E-04
      -0.1004E-03
      -0.1179E-03
       0.6559E-04
       0.4704E-03
      -0.2797E-02
       0.3969E-04
      -0.1051E-03
      -0.1876E-04
       0.8590E-04
      -0.2003E-03
      -0.2399E-03
       0.2016E-02
       0.8833E-03
       0.6085E-03
       0.2514E-04
      -0.1134E-03
      -0.6165E-03
       0.3440E-03
       0.3241E-04
       0.7139E-03
       0.1039E-02
       0.1810E-03
      -0.8504E-04
       0.2792E-03
       0.8553E-03
      -0.6553E-03
       0.3609E-03
      -0.8041E-03
      -0.5980E-03
       0.5398E-03
       0.1385E-05
       0.9358E-04
      -0.3372E-03
      -0.8862E-03
      -0.4059E-04
      -0.1539E-03
      -0.2200E-03
       0.6155E-03
      -0.1626E-04
       0.1737E-03
      -0.6209E-03
       0.3831E-03
      -0.2942E-03
       0.2310E-03
      -0.5219E-03
      -0.2021E-02
      -0.1652E-03
      -0.9406E-04
       0.1101E-04
       0.1366E-03
       0.8495E-03
       0.3739E-04
       0.1271E-03
      -0.2914E-03
      -0.6363E-03
      -0.8104E-04
       0.4443E-03
       0.3402E-02
      -0.1833E-03
      -0.4828E-04
      -0.1970E-03
      -0.2939E-04
      -0.1707E-03
       0.3628E-03
       0.6780E-04
      -0.7575E-04
       0.1137E-02
      -0.1220E-03
      -0.2206E-03
      -0.2253E-03
      -0.1640E-03
       0.3863E-03
       0.9053E-03
      -0.3295E-04
       0.2001E-04
