       0.0000E+00
       0.3188E-02
       0.2227E-01
       0.2967E-01
       0.3140E-01
       0.3142E-01
       0.6473E-01
       0.1021E+00
       0.8042E-01
       0.7616E-01
       0.7848E-01
       0.7742E-01
       0.7686E-01
       0.7409E-01
       0.7978E-01
       0.7299E-01
       0.7177E-01
       0.7098E-01
       0.7284E-01
       0.7672E-01
       0.7378E-01
       0.7496E-01
       0.7382E-01
       0.7135E-01
       0.7253E-01
       0.7195E-01
       0.7347E-01
       0.7361E-01
       0.7341E-01
       0.1624E+00
       0.1537E+00
       0.1445E+00
       0.1438E+00
       0.1381E+00
       0.1277E+00
       0.1222E+00
       0.1204E+00
       0.1164E+00
       0.1172E+00
       0.1118E+00
       0.1117E+00
       0.1077E+00
       0.1074E+00
       0.1312E+00
       0.1845E+00
       0.2172E+00
       0.2073E+00
       0.1971E+00
       0.1811E+00
       0.1759E+00
       0.2366E+00
       0.2235E+00
       0.2036E+00
       0.2517E+00
       0.2289E+00
       0.2126E+00
       0.2003E+00
       0.2015E+00
       0.2300E+00
       0.2183E+00
       0.2152E+00
       0.2359E+00
       0.2439E+00
       0.2354E+00
       0.2375E+00
       0.2271E+00
       0.2153E+00
       0.2065E+00
       0.2063E+00
       0.2053E+00
       0.2016E+00
       0.2074E+00
       0.2119E+00
       0.2151E+00
       0.2053E+00
       0.2015E+00
       0.1999E+00
       0.2016E+00
       0.1920E+00
       0.1880E+00
       0.1849E+00
       0.1857E+00
       0.1875E+00
       0.1875E+00
       0.1918E+00
       0.1892E+00
       0.1928E+00
       0.1985E+00
       0.1976E+00
       0.2034E+00
       0.2058E+00
       0.2065E+00
       0.2112E+00
       0.2114E+00
       0.2151E+00
       0.2102E+00
       0.2088E+00
       0.2084E+00
       0.2121E+00
       0.2112E+00
       0.2121E+00
       0.2121E+00
       0.2122E+00
       0.2125E+00
       0.2120E+00
       0.2120E+00
       0.2120E+00
       0.2118E+00
       0.2117E+00
       0.2115E+00
       0.2109E+00
       0.2113E+00
       0.2114E+00
       0.2116E+00
       0.2117E+00
       0.2112E+00
       0.2110E+00
       0.2111E+00
       0.2111E+00
       0.2110E+00
       0.2115E+00
       0.2116E+00
       0.2115E+00
       0.2119E+00
       0.2121E+00
       0.2121E+00
       0.2121E+00
       0.2116E+00
       0.2115E+00
       0.2113E+00
       0.2113E+00
       0.2114E+00
       0.2114E+00
       0.2111E+00
       0.2112E+00
       0.2115E+00
       0.2116E+00
       0.2118E+00
       0.2117E+00
       0.2115E+00
       0.2116E+00
       0.2117E+00
       0.2117E+00
       0.2115E+00
       0.2115E+00
       0.2120E+00
       0.2121E+00
       0.2117E+00
       0.2116E+00
       0.2115E+00
       0.2107E+00
       0.2107E+00
       0.2108E+00
       0.2105E+00
       0.2102E+00
       0.2102E+00
       0.2100E+00
       0.2099E+00
       0.2098E+00
       0.2104E+00
       0.2103E+00
       0.2102E+00
       0.2102E+00
       0.2101E+00
       0.2103E+00
       0.2102E+00
       0.2103E+00
       0.2100E+00
       0.2098E+00
       0.2097E+00
       0.2095E+00
       0.2092E+00
       0.2092E+00
       0.2092E+00
       0.2094E+00
       0.2093E+00
       0.2089E+00
       0.2091E+00
       0.2087E+00
       0.2090E+00
       0.2084E+00
       0.2080E+00
       0.2078E+00
       0.2078E+00
       0.2077E+00
       0.2076E+00
       0.2081E+00
       0.2079E+00
       0.2078E+00
       0.2078E+00
       0.2081E+00
       0.2079E+00
       0.2083E+00
       0.2086E+00
       0.2086E+00
       0.2084E+00
       0.2082E+00
       0.2082E+00
       0.2082E+00
       0.2083E+00
       0.2081E+00
       0.2083E+00
       0.2081E+00
       0.2081E+00
       0.2082E+00
       0.2082E+00
       0.2080E+00
       0.2076E+00
       0.2072E+00
       0.2069E+00
       0.2069E+00
       0.2069E+00
       0.2070E+00
       0.2072E+00
       0.2072E+00
       0.2074E+00
       0.2075E+00
       0.2072E+00
       0.2071E+00
       0.2066E+00
       0.2068E+00
       0.2068E+00
       0.2067E+00
       0.2063E+00
       0.2062E+00
       0.2063E+00
       0.2066E+00
       0.2065E+00
       0.2061E+00
       0.2060E+00
       0.2063E+00
       0.2057E+00
       0.2059E+00
       0.2055E+00
       0.2052E+00
       0.2055E+00
       0.2057E+00
       0.2056E+00
       0.2057E+00
       0.2056E+00
       0.2054E+00
       0.2055E+00
       0.2054E+00
       0.2057E+00
       0.2051E+00
       0.2053E+00
       0.2057E+00
       0.2058E+00
       0.2058E+00
       0.2061E+00
       0.2059E+00
       0.2059E+00
       0.2061E+00
       0.2059E+00
       0.2065E+00
       0.2062E+00
       0.2062E+00
       0.2066E+00
       0.2067E+00
       0.2062E+00
       0.2062E+00
       0.2060E+00
       0.2064E+00
       0.2061E+00
       0.2063E+00
       0.2065E+00
       0.2064E+00
       0.2060E+00
       0.2059E+00
       0.2055E+00
       0.2055E+00
       0.2058E+00
       0.2054E+00
       0.2051E+00
       0.2050E+00
       0.2048E+00
       0.2049E+00
       0.2051E+00
       0.2053E+00
       0.2056E+00
       0.2066E+00
       0.2068E+00
       0.2068E+00
       0.2067E+00
       0.2071E+00
       0.2076E+00
       0.2072E+00
       0.2064E+00
       0.2072E+00
       0.2071E+00
       0.2070E+00
       0.2070E+00
       0.2069E+00
       0.2069E+00
       0.2068E+00
       0.2070E+00
       0.2069E+00
       0.2069E+00
       0.2067E+00
       0.2065E+00
       0.2066E+00
       0.2064E+00
       0.2065E+00
       0.2068E+00
       0.2067E+00
       0.2059E+00
       0.2062E+00
       0.2061E+00
       0.2060E+00
       0.2064E+00
       0.2069E+00
       0.2067E+00
       0.2067E+00
       0.2062E+00
       0.2063E+00
       0.2061E+00
       0.2059E+00
       0.2058E+00
       0.2056E+00
       0.2051E+00
       0.2049E+00
       0.2051E+00
       0.2049E+00
       0.2047E+00
       0.2047E+00
       0.2050E+00
       0.2049E+00
       0.2053E+00
       0.2048E+00
       0.2045E+00
       0.2042E+00
       0.2041E+00
       0.2037E+00
       0.2036E+00
       0.2037E+00
       0.2039E+00
       0.2042E+00
       0.2043E+00
       0.2047E+00
       0.2050E+00
       0.2047E+00
       0.2048E+00
       0.2048E+00
       0.2051E+00
       0.2054E+00
       0.2050E+00
       0.2047E+00
       0.2050E+00
       0.2043E+00
       0.2044E+00
       0.2043E+00
       0.2046E+00
       0.2052E+00
       0.2049E+00
       0.2055E+00
       0.2057E+00
       0.2059E+00
       0.2062E+00
       0.2055E+00
       0.2056E+00
       0.2051E+00
       0.2051E+00
       0.2055E+00
       0.2055E+00
       0.2054E+00
       0.2056E+00
       0.2057E+00
       0.2059E+00
       0.2060E+00
       0.2060E+00
       0.2059E+00
       0.2055E+00
       0.2059E+00
       0.2062E+00
       0.2061E+00
       0.2060E+00
       0.2060E+00
       0.2057E+00
       0.2059E+00
       0.2063E+00
       0.2062E+00
       0.2061E+00
       0.2055E+00
       0.2051E+00
       0.2052E+00
       0.2055E+00
       0.2059E+00
       0.2058E+00
       0.2054E+00
       0.2059E+00
       0.2059E+00
       0.2058E+00
       0.2055E+00
       0.2055E+00
       0.2055E+00
       0.2055E+00
       0.2052E+00
       0.2059E+00
       0.2056E+00
       0.2051E+00
       0.2047E+00
       0.2048E+00
       0.2045E+00
       0.2050E+00
       0.2043E+00
       0.2042E+00
       0.2042E+00
       0.2043E+00
       0.2041E+00
       0.2044E+00
       0.2042E+00
       0.2044E+00
       0.2044E+00
       0.2042E+00
       0.2043E+00
       0.2037E+00
       0.2035E+00
       0.2033E+00
       0.2046E+00
       0.2048E+00
       0.2048E+00
       0.2049E+00
       0.2048E+00
       0.2049E+00
       0.2053E+00
       0.2049E+00
       0.2052E+00
       0.2050E+00
       0.2047E+00
       0.2043E+00
       0.2047E+00
       0.2046E+00
       0.2046E+00
       0.2045E+00
       0.2050E+00
       0.2053E+00
       0.2054E+00
       0.2052E+00
       0.2052E+00
       0.2056E+00
       0.2060E+00
       0.2058E+00
       0.2065E+00
       0.2066E+00
       0.2066E+00
       0.2067E+00
       0.2067E+00
       0.2067E+00
       0.2060E+00
       0.2061E+00
       0.2063E+00
       0.2058E+00
       0.2062E+00
       0.2067E+00
       0.2072E+00
       0.2060E+00
       0.2060E+00
       0.2065E+00
       0.2066E+00
       0.2070E+00
       0.2069E+00
       0.2068E+00
       0.2067E+00
       0.2069E+00
       0.2071E+00
       0.2073E+00
       0.2072E+00
       0.2075E+00
       0.2071E+00
       0.2068E+00
       0.2060E+00
       0.2056E+00
       0.2054E+00
       0.2049E+00
       0.2053E+00
       0.2051E+00
       0.2053E+00
       0.2056E+00
       0.2054E+00
       0.2054E+00
       0.2055E+00
       0.2048E+00
       0.2048E+00
       0.2052E+00
       0.2051E+00
       0.2053E+00
       0.2052E+00
       0.2050E+00
       0.2048E+00
       0.2047E+00
       0.2048E+00
       0.2043E+00
       0.2041E+00
       0.2043E+00
       0.2039E+00
       0.2035E+00
       0.2031E+00
       0.2028E+00
       0.2029E+00
       0.2030E+00
       0.2031E+00
       0.2028E+00
       0.2032E+00
       0.2035E+00
       0.2032E+00
       0.2033E+00
       0.2036E+00
       0.2033E+00
       0.2037E+00
       0.2035E+00
       0.2034E+00
       0.2034E+00
       0.2032E+00
       0.2037E+00
       0.2038E+00
       0.2038E+00
       0.2038E+00
       0.2034E+00
       0.2032E+00
       0.2031E+00
       0.2031E+00
       0.2028E+00
       0.2033E+00
       0.2041E+00
       0.2038E+00
       0.2040E+00
       0.2040E+00
       0.2038E+00
       0.2040E+00
       0.2040E+00
       0.2040E+00
       0.2036E+00
       0.2037E+00
       0.2035E+00
       0.2035E+00
       0.2033E+00
       0.2033E+00
       0.2038E+00
       0.2036E+00
       0.2034E+00
       0.2038E+00
       0.2039E+00
       0.2041E+00
       0.2043E+00
       0.2039E+00
       0.2034E+00
       0.2035E+00
       0.2035E+00
       0.2033E+00
       0.2036E+00
       0.2037E+00
       0.2042E+00
       0.2039E+00
       0.2042E+00
       0.2042E+00
       0.2039E+00
       0.2041E+00
       0.2042E+00
       0.2041E+00
       0.2044E+00
       0.2041E+00
       0.2040E+00
       0.2040E+00
       0.2039E+00
       0.2041E+00
       0.2048E+00
       0.2054E+00
       0.2060E+00
       0.2054E+00
       0.2055E+00
       0.2056E+00
       0.2055E+00
       0.2057E+00
       0.2057E+00
       0.2063E+00
       0.2063E+00
       0.2063E+00
       0.2064E+00
       0.2066E+00
       0.2066E+00
       0.2063E+00
       0.2058E+00
       0.2060E+00
       0.2063E+00
       0.2062E+00
       0.2062E+00
       0.2063E+00
       0.2064E+00
       0.2062E+00
       0.2061E+00
       0.2066E+00
       0.2062E+00
       0.2058E+00
       0.2057E+00
       0.2056E+00
       0.2054E+00
       0.2055E+00
       0.2057E+00
       0.2056E+00
       0.2058E+00
       0.2060E+00
       0.2058E+00
       0.2064E+00
       0.2067E+00
       0.2066E+00
       0.2068E+00
       0.2068E+00
       0.2069E+00
       0.2071E+00
       0.2071E+00
       0.2071E+00
       0.2069E+00
       0.2069E+00
       0.2064E+00
       0.2063E+00
       0.2060E+00
       0.2060E+00
       0.2060E+00
       0.2056E+00
       0.2049E+00
       0.2051E+00
       0.2048E+00
       0.2045E+00
       0.2043E+00
       0.2043E+00
       0.2041E+00
       0.2038E+00
       0.2042E+00
       0.2043E+00
       0.2043E+00
       0.2043E+00
       0.2043E+00
       0.2045E+00
       0.2050E+00
       0.2048E+00
       0.2047E+00
       0.2046E+00
       0.2043E+00
       0.2042E+00
       0.2042E+00
       0.2044E+00
       0.2045E+00
       0.2036E+00
       0.2035E+00
       0.2035E+00
       0.2034E+00
       0.2036E+00
       0.2037E+00
       0.2035E+00
       0.2039E+00
       0.2040E+00
       0.2043E+00
       0.2037E+00
       0.2035E+00
       0.2034E+00
       0.2033E+00
       0.2037E+00
       0.2040E+00
       0.2045E+00
       0.2048E+00
       0.2048E+00
       0.2044E+00
       0.2045E+00
       0.2047E+00
       0.2042E+00
       0.2042E+00
       0.2041E+00
       0.2041E+00
       0.2043E+00
       0.2045E+00
       0.2048E+00
       0.2048E+00
       0.2046E+00
       0.2048E+00
       0.2048E+00
       0.2045E+00
       0.2046E+00
       0.2045E+00
       0.2043E+00
       0.2043E+00
       0.2044E+00
       0.2042E+00
       0.2042E+00
       0.2042E+00
       0.2045E+00
       0.2047E+00
       0.2051E+00
       0.2056E+00
       0.2053E+00
       0.2053E+00
       0.2052E+00
       0.2051E+00
       0.2052E+00
       0.2052E+00
       0.2047E+00
       0.2047E+00
       0.2046E+00
       0.2043E+00
       0.2041E+00
       0.2040E+00
       0.2040E+00
       0.2039E+00
       0.2041E+00
       0.2032E+00
       0.2031E+00
       0.2031E+00
       0.2036E+00
       0.2035E+00
       0.2034E+00
       0.2034E+00
       0.2037E+00
       0.2034E+00
       0.2032E+00
       0.2028E+00
       0.2025E+00
       0.2022E+00
       0.2030E+00
       0.2028E+00
       0.2031E+00
       0.2031E+00
       0.2034E+00
       0.2032E+00
       0.2034E+00
       0.2034E+00
       0.2035E+00
       0.2036E+00
       0.2036E+00
       0.2037E+00
       0.2039E+00
       0.2039E+00
       0.2039E+00
       0.2036E+00
       0.2032E+00
       0.2041E+00
       0.2038E+00
       0.2037E+00
       0.2036E+00
       0.2036E+00
       0.2040E+00
       0.2045E+00
       0.2045E+00
       0.2041E+00
       0.2043E+00
       0.2043E+00
       0.2043E+00
       0.2041E+00
       0.2042E+00
       0.2044E+00
       0.2045E+00
       0.2046E+00
       0.2047E+00
       0.2048E+00
       0.2052E+00
       0.2055E+00
       0.2055E+00
       0.2052E+00
       0.2052E+00
       0.2049E+00
       0.2051E+00
       0.2052E+00
       0.2053E+00
       0.2053E+00
       0.2052E+00
       0.2053E+00
       0.2059E+00
       0.2056E+00
       0.2053E+00
       0.2057E+00
       0.2052E+00
       0.2053E+00
       0.2055E+00
       0.2055E+00
       0.2055E+00
       0.2054E+00
       0.2055E+00
       0.2050E+00
       0.2059E+00
       0.2060E+00
       0.2057E+00
       0.2058E+00
       0.2056E+00
       0.2058E+00
       0.2055E+00
       0.2059E+00
       0.2068E+00
       0.2068E+00
       0.2067E+00
       0.2071E+00
       0.2069E+00
       0.2067E+00
       0.2065E+00
       0.2066E+00
       0.2065E+00
       0.2063E+00
       0.2064E+00
       0.2065E+00
       0.2067E+00
       0.2071E+00
       0.2070E+00
       0.2067E+00
       0.2070E+00
       0.2066E+00
       0.2068E+00
       0.2069E+00
       0.2070E+00
       0.2072E+00
       0.2072E+00
       0.2078E+00
       0.2079E+00
       0.2078E+00
       0.2072E+00
       0.2069E+00
       0.2070E+00
       0.2070E+00
       0.2070E+00
       0.2074E+00
       0.2076E+00
       0.2073E+00
       0.2073E+00
       0.2075E+00
       0.2079E+00
       0.2083E+00
       0.2084E+00
       0.2092E+00
       0.2094E+00
       0.2092E+00
       0.2098E+00
       0.2090E+00
       0.2088E+00
       0.2087E+00
       0.2090E+00
       0.2089E+00
       0.2088E+00
       0.2089E+00
       0.2088E+00
       0.2093E+00
       0.2092E+00
       0.2090E+00
       0.2088E+00
       0.2084E+00
       0.2088E+00
       0.2091E+00
       0.2095E+00
       0.2097E+00
       0.2096E+00
       0.2093E+00
       0.2091E+00
       0.2088E+00
       0.2089E+00
       0.2089E+00
       0.2090E+00
       0.2091E+00
       0.2092E+00
       0.2090E+00
       0.2088E+00
       0.2090E+00
       0.2087E+00
       0.2086E+00
       0.2088E+00
       0.2087E+00
       0.2089E+00
       0.2090E+00
       0.2090E+00
       0.2088E+00
       0.2086E+00
       0.2088E+00
       0.2092E+00
       0.2090E+00
       0.2088E+00
       0.2087E+00
       0.2085E+00
       0.2086E+00
       0.2088E+00
       0.2083E+00
       0.2078E+00
       0.2078E+00
       0.2088E+00
       0.2086E+00
       0.2086E+00
       0.2088E+00
       0.2091E+00
       0.2087E+00
       0.2085E+00
       0.2085E+00
       0.2081E+00
       0.2084E+00
       0.2079E+00
       0.2080E+00
       0.2071E+00
       0.2070E+00
       0.2069E+00
       0.2059E+00
       0.2062E+00
       0.2067E+00
       0.2067E+00
       0.2063E+00
       0.2066E+00
       0.2062E+00
       0.2063E+00
       0.2063E+00
       0.2058E+00
       0.2055E+00
       0.2058E+00
       0.2055E+00
       0.2053E+00
       0.2056E+00
       0.2058E+00
       0.2057E+00
       0.2058E+00
       0.2056E+00
       0.2056E+00
       0.2054E+00
       0.2054E+00
       0.2052E+00
       0.2054E+00
       0.2064E+00
       0.2061E+00
       0.2062E+00
       0.2055E+00
       0.2055E+00
       0.2060E+00
       0.2063E+00
       0.2060E+00
       0.2060E+00
       0.2059E+00
       0.2060E+00
       0.2061E+00
       0.2065E+00
       0.2059E+00
       0.2064E+00
       0.2063E+00
       0.2062E+00
       0.2061E+00
       0.2062E+00
       0.2062E+00
       0.2064E+00
       0.2061E+00
       0.2062E+00
       0.2058E+00
       0.2055E+00
       0.2055E+00
       0.2055E+00
       0.2057E+00
       0.2062E+00
       0.2056E+00
       0.2056E+00
       0.2057E+00
       0.2057E+00
       0.2050E+00
       0.2051E+00
       0.2052E+00
       0.2050E+00
       0.2048E+00
       0.2047E+00
       0.2040E+00
       0.2037E+00
       0.2036E+00
       0.2036E+00
       0.2033E+00
       0.2034E+00
       0.2039E+00
       0.2036E+00
       0.2035E+00
       0.2036E+00
       0.2035E+00
       0.2037E+00
       0.2038E+00
       0.2040E+00
       0.2039E+00
       0.2039E+00
       0.2036E+00
       0.2040E+00
       0.2040E+00
       0.2042E+00
       0.2042E+00
       0.2042E+00
       0.2043E+00
       0.2043E+00
       0.2043E+00
       0.2041E+00
       0.2043E+00
       0.2044E+00
       0.2049E+00
       0.2047E+00
       0.2049E+00
       0.2047E+00
       0.2042E+00
       0.2041E+00
       0.2041E+00
       0.2045E+00
       0.2046E+00
       0.2046E+00
       0.2046E+00
       0.2045E+00
       0.2046E+00
       0.2047E+00
       0.2043E+00
       0.2042E+00
       0.2043E+00
       0.2044E+00
       0.2046E+00
       0.2043E+00
       0.2046E+00
       0.2048E+00
       0.2047E+00
       0.2038E+00
       0.2038E+00
       0.2038E+00
       0.2036E+00
       0.2037E+00
       0.2036E+00
       0.2036E+00
       0.2035E+00
       0.2035E+00
       0.2033E+00
       0.2032E+00
       0.2034E+00
       0.2033E+00
       0.2037E+00
       0.2034E+00
       0.2032E+00
       0.2033E+00
       0.2032E+00
       0.2035E+00
       0.2034E+00
       0.2034E+00
       0.2033E+00
       0.2034E+00
       0.2036E+00
       0.2036E+00
       0.2041E+00
       0.2048E+00
       0.2048E+00
       0.2049E+00
       0.2044E+00
       0.2043E+00
       0.2043E+00
       0.2042E+00
       0.2046E+00
       0.2043E+00
       0.2046E+00
       0.2045E+00
       0.2042E+00
       0.2043E+00
       0.2046E+00
       0.2046E+00
       0.2046E+00
       0.2045E+00
       0.2047E+00
       0.2052E+00
       0.2051E+00
       0.2050E+00
       0.2049E+00
       0.2049E+00
       0.2048E+00
       0.2052E+00
       0.2049E+00
       0.2052E+00
       0.2051E+00
       0.2053E+00
       0.2054E+00
       0.2052E+00
       0.2054E+00
       0.2053E+00
       0.2049E+00
       0.2048E+00
       0.2048E+00
       0.2048E+00
       0.2043E+00
       0.2042E+00
       0.2041E+00
       0.2046E+00
       0.2047E+00
       0.2048E+00
       0.2046E+00
       0.2045E+00
       0.2044E+00
       0.2046E+00
       0.2039E+00
       0.2038E+00
       0.2035E+00
       0.2035E+00
       0.2037E+00
       0.2032E+00
       0.2026E+00
       0.2023E+00
       0.2022E+00
       0.2027E+00
       0.2025E+00
       0.2026E+00
       0.2032E+00
       0.2032E+00
       0.2032E+00
       0.2031E+00
       0.2031E+00
       0.2030E+00
       0.2028E+00
       0.2027E+00
       0.2029E+00
       0.2036E+00
       0.2038E+00
       0.2043E+00
       0.2045E+00
       0.2044E+00
       0.2044E+00
       0.2044E+00
       0.2045E+00
       0.2042E+00
       0.2043E+00
       0.2046E+00
       0.2040E+00
       0.2039E+00
       0.2038E+00
       0.2036E+00
       0.2037E+00
       0.2037E+00
       0.2034E+00
       0.2035E+00
       0.2032E+00
       0.2034E+00
       0.2036E+00
       0.2038E+00
       0.2037E+00
       0.2041E+00
       0.2042E+00
       0.2041E+00
       0.2041E+00
       0.2041E+00
       0.2039E+00
       0.2041E+00
       0.2046E+00
       0.2051E+00
       0.2052E+00
       0.2051E+00
       0.2052E+00
       0.2048E+00
       0.2047E+00
       0.2049E+00
       0.2050E+00
       0.2049E+00
       0.2049E+00
       0.2048E+00
       0.2054E+00
       0.2054E+00
       0.2053E+00
       0.2050E+00
       0.2047E+00
       0.2045E+00
       0.2049E+00
       0.2035E+00
       0.2036E+00
       0.2037E+00
       0.2037E+00
       0.2036E+00
       0.2036E+00
       0.2033E+00
       0.2032E+00
       0.2028E+00
       0.2027E+00
       0.2032E+00
       0.2037E+00
       0.2037E+00
       0.2043E+00
       0.2043E+00
       0.2042E+00
       0.2038E+00
       0.2040E+00
       0.2039E+00
       0.2039E+00
       0.2041E+00
       0.2044E+00
       0.2038E+00
       0.2045E+00
       0.2045E+00
       0.2043E+00
       0.2041E+00
       0.2039E+00
       0.2039E+00
       0.2038E+00
       0.2039E+00
       0.2036E+00
       0.2037E+00
       0.2038E+00
       0.2035E+00
       0.2032E+00
       0.2031E+00
       0.2027E+00
       0.2024E+00
       0.2028E+00
       0.2028E+00
       0.2028E+00
       0.2027E+00
       0.2033E+00
       0.2031E+00
       0.2027E+00
       0.2028E+00
       0.2028E+00
       0.2025E+00
       0.2024E+00
       0.2021E+00
       0.2022E+00
       0.2024E+00
       0.2024E+00
       0.2023E+00
       0.2024E+00
       0.2030E+00
       0.2030E+00
       0.2033E+00
       0.2030E+00
       0.2030E+00
       0.2030E+00
       0.2034E+00
       0.2038E+00
       0.2034E+00
       0.2032E+00
       0.2031E+00
       0.2033E+00
       0.2035E+00
       0.2038E+00
       0.2039E+00
       0.2038E+00
       0.2036E+00
       0.2040E+00
       0.2039E+00
       0.2041E+00
       0.2040E+00
       0.2040E+00
       0.2038E+00
       0.2044E+00
       0.2044E+00
       0.2043E+00
       0.2044E+00
       0.2044E+00
       0.2044E+00
       0.2044E+00
       0.2045E+00
       0.2056E+00
       0.2046E+00
       0.2052E+00
       0.2053E+00
       0.2052E+00
       0.2053E+00
       0.2053E+00
       0.2054E+00
       0.2050E+00
       0.2052E+00
       0.2053E+00
       0.2053E+00
       0.2050E+00
       0.2052E+00
       0.2050E+00
       0.2049E+00
       0.2053E+00
       0.2052E+00
       0.2051E+00
       0.2050E+00
       0.2054E+00
       0.2053E+00
       0.2054E+00
       0.2058E+00
       0.2054E+00
       0.2048E+00
       0.2041E+00
       0.2040E+00
       0.2040E+00
       0.2038E+00
       0.2035E+00
       0.2037E+00
       0.2037E+00
       0.2037E+00
       0.2035E+00
       0.2032E+00
       0.2033E+00
       0.2031E+00
       0.2034E+00
       0.2035E+00
       0.2035E+00
       0.2033E+00
       0.2036E+00
       0.2034E+00
       0.2035E+00
       0.2034E+00
       0.2034E+00
       0.2034E+00
       0.2037E+00
       0.2037E+00
       0.2038E+00
       0.2043E+00
       0.2042E+00
       0.2043E+00
       0.2045E+00
       0.2042E+00
       0.2040E+00
       0.2041E+00
       0.2040E+00
       0.2041E+00
       0.2042E+00
       0.2044E+00
       0.2044E+00
       0.2045E+00
       0.2045E+00
       0.2045E+00
       0.2046E+00
       0.2046E+00
       0.2043E+00
       0.2044E+00
       0.2043E+00
       0.2043E+00
       0.2041E+00
       0.2046E+00
       0.2049E+00
       0.2046E+00
       0.2053E+00
       0.2052E+00
       0.2056E+00
       0.2058E+00
       0.2056E+00
       0.2054E+00
       0.2055E+00
       0.2058E+00
       0.2055E+00
       0.2050E+00
       0.2051E+00
       0.2050E+00
       0.2050E+00
       0.2050E+00
       0.2049E+00
       0.2048E+00
       0.2052E+00
       0.2051E+00
       0.2046E+00
       0.2048E+00
       0.2050E+00
       0.2051E+00
       0.2051E+00
       0.2054E+00
       0.2060E+00
       0.2059E+00
       0.2058E+00
       0.2064E+00
       0.2064E+00
       0.2063E+00
       0.2065E+00
       0.2061E+00
       0.2060E+00
       0.2059E+00
       0.2057E+00
       0.2061E+00
       0.2057E+00
       0.2052E+00
       0.2049E+00
       0.2048E+00
       0.2048E+00
       0.2047E+00
       0.2048E+00
       0.2048E+00
       0.2049E+00
       0.2048E+00
       0.2048E+00
       0.2049E+00
       0.2050E+00
       0.2054E+00
       0.2056E+00
       0.2049E+00
       0.2050E+00
       0.2049E+00
       0.2047E+00
       0.2045E+00
       0.2042E+00
       0.2041E+00
       0.2046E+00
       0.2043E+00
       0.2047E+00
       0.2047E+00
       0.2045E+00
       0.2047E+00
       0.2042E+00
       0.2052E+00
       0.2050E+00
       0.2050E+00
       0.2052E+00
       0.2056E+00
       0.2053E+00
       0.2052E+00
       0.2048E+00
       0.2051E+00
       0.2049E+00
       0.2050E+00
       0.2052E+00
       0.2050E+00
       0.2053E+00
       0.2053E+00
       0.2052E+00
       0.2052E+00
       0.2053E+00
       0.2054E+00
       0.2059E+00
       0.2058E+00
       0.2061E+00
       0.2057E+00
       0.2057E+00
       0.2057E+00
       0.2057E+00
       0.2058E+00
       0.2060E+00
       0.2056E+00
       0.2056E+00
       0.2058E+00
       0.2058E+00
       0.2058E+00
       0.2058E+00
       0.2054E+00
       0.2054E+00
       0.2048E+00
       0.2049E+00
       0.2051E+00
       0.2047E+00
       0.2048E+00
       0.2044E+00
       0.2047E+00
       0.2051E+00
       0.2042E+00
       0.2046E+00
       0.2044E+00
       0.2044E+00
       0.2047E+00
       0.2047E+00
       0.2048E+00
       0.2050E+00
       0.2046E+00
       0.2048E+00
       0.2048E+00
       0.2051E+00
       0.2051E+00
       0.2051E+00
       0.2052E+00
       0.2053E+00
       0.2052E+00
       0.2051E+00
       0.2051E+00
       0.2050E+00
       0.2058E+00
       0.2056E+00
       0.2053E+00
       0.2054E+00
       0.2056E+00
       0.2055E+00
       0.2051E+00
       0.2057E+00
       0.2055E+00
       0.2055E+00
       0.2054E+00
       0.2053E+00
       0.2050E+00
       0.2048E+00
       0.2046E+00
       0.2044E+00
       0.2046E+00
       0.2049E+00
       0.2042E+00
       0.2044E+00
       0.2039E+00
       0.2039E+00
       0.2036E+00
       0.2039E+00
       0.2044E+00
       0.2037E+00
       0.2035E+00
       0.2035E+00
       0.2034E+00
       0.2035E+00
       0.2036E+00
       0.2036E+00
       0.2038E+00
       0.2041E+00
       0.2040E+00
       0.2041E+00
       0.2042E+00
       0.2042E+00
       0.2035E+00
       0.2039E+00
       0.2036E+00
       0.2036E+00
       0.2037E+00
       0.2037E+00
       0.2045E+00
       0.2047E+00
       0.2048E+00
       0.2047E+00
       0.2045E+00
       0.2049E+00
       0.2049E+00
       0.2048E+00
       0.2049E+00
       0.2048E+00
       0.2047E+00
       0.2050E+00
       0.2048E+00
       0.2050E+00
       0.2054E+00
       0.2054E+00
       0.2057E+00
       0.2056E+00
       0.2058E+00
       0.2055E+00
       0.2059E+00
       0.2058E+00
       0.2056E+00
       0.2056E+00
       0.2052E+00
       0.2052E+00
       0.2050E+00
       0.2050E+00
       0.2053E+00
       0.2053E+00
       0.2052E+00
       0.2049E+00
       0.2048E+00
       0.2050E+00
       0.2048E+00
       0.2049E+00
       0.2046E+00
       0.2051E+00
       0.2045E+00
       0.2046E+00
       0.2055E+00
       0.2050E+00
       0.2048E+00
       0.2046E+00
       0.2043E+00
       0.2047E+00
       0.2044E+00
       0.2040E+00
       0.2037E+00
       0.2035E+00
       0.2032E+00
       0.2030E+00
       0.2029E+00
       0.2034E+00
       0.2034E+00
       0.2031E+00
       0.2031E+00
       0.2028E+00
       0.2026E+00
       0.2026E+00
       0.2025E+00
       0.2025E+00
       0.2029E+00
       0.2034E+00
       0.2036E+00
       0.2046E+00
       0.2045E+00
       0.2041E+00
       0.2042E+00
       0.2043E+00
       0.2043E+00
       0.2044E+00
       0.2046E+00
       0.2039E+00
       0.2042E+00
       0.2043E+00
       0.2046E+00
       0.2046E+00
       0.2047E+00
       0.2052E+00
       0.2049E+00
       0.2055E+00
       0.2055E+00
       0.2056E+00
       0.2055E+00
       0.2059E+00
       0.2060E+00
       0.2060E+00
       0.2054E+00
       0.2053E+00
       0.2049E+00
       0.2049E+00
       0.2047E+00
       0.2051E+00
       0.2051E+00
       0.2046E+00
       0.2047E+00
       0.2044E+00
       0.2048E+00
       0.2046E+00
       0.2042E+00
       0.2045E+00
       0.2042E+00
       0.2044E+00
       0.2046E+00
       0.2045E+00
       0.2043E+00
       0.2047E+00
       0.2053E+00
       0.2048E+00
       0.2049E+00
       0.2050E+00
       0.2052E+00
       0.2050E+00
       0.2051E+00
       0.2048E+00
       0.2048E+00
       0.2045E+00
       0.2045E+00
       0.2049E+00
       0.2049E+00
       0.2052E+00
       0.2049E+00
       0.2051E+00
       0.2040E+00
       0.2042E+00
       0.2043E+00
       0.2043E+00
       0.2045E+00
       0.2047E+00
       0.2046E+00
       0.2049E+00
       0.2042E+00
       0.2046E+00
       0.2046E+00
       0.2045E+00
       0.2052E+00
       0.2051E+00
       0.2056E+00
       0.2057E+00
       0.2058E+00
       0.2059E+00
       0.2060E+00
       0.2060E+00
       0.2059E+00
       0.2059E+00
       0.2056E+00
       0.2061E+00
       0.2060E+00
       0.2055E+00
       0.2057E+00
       0.2053E+00
       0.2059E+00
       0.2059E+00
       0.2060E+00
       0.2060E+00
       0.2059E+00
       0.2060E+00
       0.2057E+00
       0.2056E+00
       0.2055E+00
       0.2056E+00
       0.2063E+00
       0.2062E+00
       0.2063E+00
       0.2067E+00
       0.2070E+00
       0.2079E+00
       0.2079E+00
       0.2081E+00
       0.2081E+00
       0.2079E+00
       0.2080E+00
       0.2085E+00
       0.2084E+00
       0.2084E+00
       0.2084E+00
       0.2079E+00
       0.2076E+00
       0.2077E+00
       0.2075E+00
       0.2073E+00
       0.2073E+00
       0.2071E+00
       0.2076E+00
       0.2077E+00
       0.2077E+00
       0.2072E+00
       0.2067E+00
       0.2067E+00
       0.2065E+00
       0.2072E+00
       0.2071E+00
       0.2073E+00
       0.2074E+00
       0.2075E+00
       0.2072E+00
       0.2069E+00
       0.2073E+00
       0.2074E+00
       0.2075E+00
       0.2077E+00
       0.2079E+00
       0.2084E+00
       0.2080E+00
       0.2081E+00
       0.2081E+00
       0.2080E+00
       0.2081E+00
       0.2079E+00
       0.2078E+00
       0.2077E+00
       0.2077E+00
       0.2083E+00
       0.2084E+00
       0.2083E+00
       0.2086E+00
       0.2087E+00
       0.2088E+00
       0.2087E+00
       0.2088E+00
       0.2086E+00
       0.2086E+00
       0.2086E+00
       0.2086E+00
       0.2085E+00
       0.2087E+00
       0.2085E+00
       0.2082E+00
       0.2079E+00
       0.2080E+00
       0.2078E+00
       0.2077E+00
       0.2077E+00
       0.2074E+00
       0.2075E+00
       0.2075E+00
       0.2074E+00
       0.2075E+00
       0.2075E+00
       0.2076E+00
       0.2074E+00
       0.2075E+00
       0.2069E+00
       0.2070E+00
       0.2069E+00
       0.2070E+00
       0.2070E+00
       0.2074E+00
       0.2077E+00
       0.2072E+00
       0.2069E+00
       0.2065E+00
       0.2069E+00
       0.2066E+00
       0.2066E+00
       0.2070E+00
       0.2071E+00
       0.2068E+00
       0.2066E+00
       0.2069E+00
       0.2067E+00
       0.2068E+00
       0.2067E+00
       0.2069E+00
       0.2064E+00
       0.2070E+00
       0.2068E+00
       0.2067E+00
       0.2068E+00
       0.2070E+00
       0.2072E+00
       0.2077E+00
       0.2078E+00
       0.2074E+00
       0.2074E+00
       0.2071E+00
       0.2072E+00
       0.2072E+00
       0.2070E+00
       0.2063E+00
       0.2061E+00
       0.2061E+00
       0.2058E+00
       0.2058E+00
       0.2059E+00
       0.2058E+00
       0.2061E+00
       0.2060E+00
       0.2066E+00
       0.2062E+00
       0.2064E+00
       0.2063E+00
       0.2059E+00
       0.2058E+00
       0.2053E+00
       0.2054E+00
       0.2055E+00
       0.2055E+00
       0.2052E+00
       0.2050E+00
       0.2049E+00
       0.2046E+00
       0.2046E+00
       0.2049E+00
       0.2049E+00
       0.2049E+00
       0.2047E+00
       0.2048E+00
       0.2047E+00
       0.2050E+00
       0.2052E+00
       0.2051E+00
       0.2050E+00
       0.2052E+00
       0.2048E+00
       0.2046E+00
       0.2045E+00
       0.2048E+00
       0.2044E+00
       0.2039E+00
       0.2038E+00
       0.2037E+00
       0.2040E+00
       0.2038E+00
       0.2037E+00
       0.2038E+00
       0.2039E+00
       0.2039E+00
       0.2038E+00
       0.2036E+00
       0.2036E+00
       0.2033E+00
       0.2032E+00
       0.2032E+00
       0.2031E+00
       0.2033E+00
       0.2030E+00
       0.2032E+00
       0.2031E+00
       0.2032E+00
       0.2030E+00
       0.2030E+00
       0.2029E+00
       0.2033E+00
       0.2038E+00
       0.2040E+00
       0.2042E+00
       0.2043E+00
       0.2042E+00
       0.2045E+00
       0.2041E+00
       0.2043E+00
       0.2041E+00
       0.2038E+00
       0.2040E+00
       0.2040E+00
       0.2045E+00
       0.2045E+00
       0.2039E+00
       0.2044E+00
       0.2043E+00
       0.2044E+00
       0.2042E+00
       0.2042E+00
       0.2043E+00
       0.2041E+00
       0.2039E+00
       0.2039E+00
       0.2042E+00
       0.2037E+00
       0.2040E+00
       0.2041E+00
       0.2036E+00
       0.2035E+00
       0.2036E+00
       0.2036E+00
       0.2039E+00
       0.2039E+00
       0.2037E+00
       0.2039E+00
       0.2039E+00
       0.2039E+00
       0.2045E+00
       0.2041E+00
       0.2043E+00
       0.2044E+00
       0.2042E+00
       0.2039E+00
       0.2038E+00
       0.2044E+00
       0.2044E+00
       0.2045E+00
       0.2045E+00
       0.2045E+00
       0.2049E+00
       0.2047E+00
       0.2047E+00
       0.2047E+00
       0.2046E+00
       0.2046E+00
       0.2047E+00
       0.2049E+00
       0.2050E+00
       0.2045E+00
       0.2046E+00
       0.2045E+00
       0.2046E+00
       0.2048E+00
       0.2048E+00
       0.2055E+00
       0.2055E+00
       0.2055E+00
       0.2054E+00
       0.2055E+00
       0.2053E+00
       0.2051E+00
       0.2052E+00
       0.2052E+00
       0.2052E+00
       0.2053E+00
       0.2053E+00
       0.2047E+00
       0.2049E+00
       0.2049E+00
       0.2054E+00
       0.2054E+00
       0.2054E+00
       0.2058E+00
       0.2057E+00
       0.2058E+00
       0.2062E+00
       0.2058E+00
       0.2059E+00
       0.2058E+00
       0.2060E+00
       0.2058E+00
       0.2062E+00
       0.2062E+00
       0.2066E+00
       0.2060E+00
       0.2063E+00
       0.2063E+00
       0.2064E+00
       0.2065E+00
       0.2065E+00
       0.2070E+00
       0.2069E+00
       0.2065E+00
       0.2069E+00
       0.2068E+00
       0.2068E+00
       0.2069E+00
       0.2067E+00
       0.2072E+00
       0.2076E+00
       0.2076E+00
       0.2075E+00
       0.2073E+00
       0.2076E+00
       0.2074E+00
       0.2076E+00
       0.2071E+00
       0.2074E+00
       0.2076E+00
       0.2077E+00
       0.2077E+00
       0.2075E+00
       0.2075E+00
       0.2072E+00
       0.2071E+00
       0.2065E+00
       0.2062E+00
       0.2061E+00
       0.2061E+00
       0.2064E+00
       0.2061E+00
       0.2066E+00
       0.2065E+00
       0.2063E+00
       0.2063E+00
       0.2059E+00
       0.2061E+00
       0.2063E+00
       0.2063E+00
       0.2063E+00
       0.2064E+00
       0.2062E+00
       0.2062E+00
       0.2062E+00
       0.2064E+00
       0.2061E+00
       0.2061E+00
       0.2064E+00
       0.2059E+00
       0.2070E+00
       0.2072E+00
       0.2071E+00
       0.2072E+00
       0.2072E+00
       0.2069E+00
       0.2065E+00
       0.2066E+00
       0.2069E+00
       0.2065E+00
       0.2062E+00
       0.2064E+00
       0.2065E+00
       0.2065E+00
       0.2067E+00
       0.2064E+00
       0.2068E+00
       0.2067E+00
       0.2070E+00
       0.2069E+00
       0.2067E+00
       0.2067E+00
       0.2070E+00
       0.2072E+00
       0.2072E+00
       0.2071E+00
       0.2067E+00
       0.2069E+00
       0.2069E+00
       0.2068E+00
       0.2062E+00
       0.2061E+00
       0.2064E+00
       0.2068E+00
       0.2068E+00
       0.2064E+00
       0.2066E+00
       0.2066E+00
       0.2065E+00
       0.2064E+00
       0.2060E+00
       0.2059E+00
       0.2062E+00
       0.2069E+00
       0.2076E+00
       0.2075E+00
       0.2076E+00
       0.2076E+00
       0.2075E+00
       0.2071E+00
       0.2073E+00
       0.2072E+00
       0.2069E+00
       0.2072E+00
       0.2069E+00
       0.2065E+00
       0.2071E+00
       0.2071E+00
       0.2071E+00
       0.2069E+00
       0.2067E+00
       0.2065E+00
       0.2071E+00
       0.2071E+00
       0.2074E+00
       0.2072E+00
       0.2067E+00
       0.2072E+00
       0.2074E+00
       0.2078E+00
       0.2077E+00
       0.2078E+00
       0.2077E+00
       0.2077E+00
       0.2078E+00
       0.2078E+00
       0.2078E+00
       0.2076E+00
       0.2074E+00
       0.2072E+00
       0.2072E+00
       0.2068E+00
       0.2066E+00
       0.2067E+00
       0.2066E+00
       0.2066E+00
       0.2064E+00
       0.2063E+00
       0.2061E+00
       0.2060E+00
       0.2061E+00
       0.2053E+00
       0.2052E+00
       0.2051E+00
       0.2052E+00
       0.2048E+00
       0.2051E+00
       0.2050E+00
       0.2049E+00
       0.2055E+00
       0.2052E+00
       0.2051E+00
       0.2044E+00
       0.2045E+00
       0.2047E+00
       0.2045E+00
       0.2047E+00
       0.2044E+00
       0.2045E+00
       0.2043E+00
       0.2043E+00
       0.2046E+00
       0.2048E+00
       0.2053E+00
       0.2045E+00
       0.2044E+00
       0.2045E+00
       0.2048E+00
       0.2048E+00
       0.2050E+00
       0.2055E+00
       0.2049E+00
       0.2045E+00
       0.2046E+00
       0.2046E+00
       0.2040E+00
       0.2036E+00
       0.2035E+00
       0.2036E+00
       0.2038E+00
       0.2038E+00
       0.2036E+00
       0.2033E+00
       0.2033E+00
       0.2033E+00
       0.2030E+00
       0.2035E+00
       0.2036E+00
       0.2037E+00
       0.2037E+00
       0.2033E+00
       0.2033E+00
       0.2034E+00
       0.2033E+00
       0.2037E+00
       0.2038E+00
       0.2039E+00
       0.2039E+00
       0.2041E+00
       0.2042E+00
       0.2038E+00
       0.2037E+00
       0.2034E+00
       0.2033E+00
       0.2033E+00
       0.2034E+00
       0.2033E+00
       0.2032E+00
       0.2031E+00
       0.2031E+00
       0.2032E+00
       0.2039E+00
       0.2039E+00
       0.2031E+00
       0.2036E+00
       0.2034E+00
       0.2038E+00
       0.2036E+00
       0.2038E+00
       0.2035E+00
       0.2033E+00
       0.2035E+00
       0.2033E+00
       0.2032E+00
       0.2029E+00
       0.2030E+00
       0.2031E+00
       0.2031E+00
       0.2027E+00
       0.2031E+00
       0.2029E+00
       0.2028E+00
       0.2025E+00
       0.2028E+00
       0.2028E+00
       0.2024E+00
       0.2027E+00
       0.2026E+00
       0.2024E+00
       0.2021E+00
       0.2021E+00
       0.2021E+00
       0.2023E+00
       0.2026E+00
       0.2027E+00
       0.2024E+00
       0.2024E+00
       0.2022E+00
       0.2021E+00
       0.2023E+00
       0.2025E+00
       0.2025E+00
       0.2026E+00
       0.2024E+00
       0.2025E+00
       0.2015E+00
       0.2017E+00
       0.2022E+00
       0.2022E+00
       0.2025E+00
       0.2029E+00
       0.2032E+00
       0.2027E+00
       0.2027E+00
       0.2027E+00
       0.2030E+00
       0.2029E+00
       0.2026E+00
       0.2023E+00
       0.2028E+00
       0.2032E+00
       0.2030E+00
       0.2030E+00
       0.2032E+00
       0.2036E+00
       0.2033E+00
       0.2034E+00
       0.2037E+00
       0.2035E+00
       0.2033E+00
       0.2041E+00
       0.2035E+00
       0.2040E+00
       0.2042E+00
       0.2044E+00
       0.2048E+00
       0.2053E+00
       0.2046E+00
       0.2049E+00
       0.2048E+00
       0.2039E+00
       0.2030E+00
       0.2034E+00
       0.2035E+00
       0.2033E+00
       0.2033E+00
       0.2036E+00
       0.2036E+00
       0.2038E+00
       0.2040E+00
       0.2039E+00
       0.2038E+00
       0.2040E+00
       0.2041E+00
       0.2044E+00
       0.2043E+00
       0.2046E+00
       0.2043E+00
       0.2042E+00
       0.2042E+00
       0.2042E+00
       0.2039E+00
       0.2044E+00
       0.2040E+00
       0.2042E+00
       0.2042E+00
       0.2040E+00
       0.2040E+00
       0.2034E+00
       0.2032E+00
       0.2030E+00
       0.2030E+00
       0.2031E+00
       0.2028E+00
       0.2028E+00
       0.2028E+00
       0.2027E+00
       0.2026E+00
       0.2027E+00
       0.2027E+00
       0.2030E+00
       0.2028E+00
       0.2029E+00
       0.2028E+00
       0.2026E+00
       0.2024E+00
       0.2025E+00
       0.2021E+00
       0.2020E+00
       0.2019E+00
       0.2025E+00
       0.2025E+00
       0.2029E+00
       0.2031E+00
       0.2031E+00
       0.2030E+00
       0.2031E+00
       0.2034E+00
       0.2032E+00
       0.2036E+00
       0.2038E+00
       0.2038E+00
       0.2038E+00
       0.2037E+00
       0.2043E+00
       0.2044E+00
       0.2044E+00
       0.2041E+00
       0.2041E+00
       0.2039E+00
       0.2039E+00
       0.2040E+00
       0.2039E+00
       0.2036E+00
       0.2031E+00
       0.2030E+00
       0.2035E+00
       0.2030E+00
       0.2027E+00
       0.2026E+00
       0.2028E+00
       0.2032E+00
       0.2035E+00
       0.2035E+00
       0.2036E+00
       0.2036E+00
       0.2035E+00
       0.2035E+00
       0.2035E+00
       0.2034E+00
       0.2032E+00
       0.2031E+00
       0.2036E+00
       0.2035E+00
       0.2034E+00
       0.2035E+00
       0.2032E+00
       0.2032E+00
       0.2038E+00
       0.2037E+00
       0.2033E+00
       0.2033E+00
       0.2034E+00
       0.2035E+00
       0.2034E+00
       0.2031E+00
       0.2034E+00
       0.2031E+00
       0.2029E+00
       0.2032E+00
       0.2032E+00
       0.2035E+00
       0.2033E+00
       0.2035E+00
       0.2037E+00
       0.2038E+00
       0.2037E+00
       0.2039E+00
       0.2038E+00
       0.2040E+00
       0.2045E+00
       0.2045E+00
       0.2045E+00
       0.2045E+00
       0.2037E+00
       0.2037E+00
       0.2029E+00
       0.2032E+00
       0.2027E+00
       0.2026E+00
       0.2025E+00
       0.2025E+00
       0.2026E+00
       0.2021E+00
       0.2020E+00
       0.2022E+00
       0.2023E+00
       0.2028E+00
       0.2031E+00
       0.2030E+00
       0.2034E+00
       0.2038E+00
       0.2038E+00
       0.2038E+00
       0.2038E+00
       0.2042E+00
       0.2041E+00
       0.2036E+00
       0.2034E+00
       0.2026E+00
       0.2037E+00
       0.2041E+00
       0.2041E+00
       0.2038E+00
       0.2038E+00
       0.2037E+00
       0.2035E+00
       0.2040E+00
       0.2039E+00
       0.2037E+00
       0.2036E+00
       0.2040E+00
       0.2045E+00
       0.2044E+00
       0.2047E+00
       0.2046E+00
       0.2043E+00
       0.2043E+00
       0.2040E+00
       0.2039E+00
       0.2040E+00
       0.2044E+00
       0.2039E+00
       0.2036E+00
       0.2036E+00
       0.2030E+00
       0.2032E+00
       0.2033E+00
       0.2033E+00
       0.2036E+00
       0.2035E+00
       0.2038E+00
       0.2037E+00
       0.2039E+00
       0.2038E+00
       0.2037E+00
       0.2033E+00
       0.2036E+00
       0.2038E+00
       0.2037E+00
       0.2034E+00
       0.2033E+00
       0.2033E+00
       0.2037E+00
       0.2034E+00
       0.2036E+00
       0.2036E+00
       0.2042E+00
       0.2045E+00
       0.2041E+00
       0.2034E+00
       0.2034E+00
       0.2034E+00
       0.2032E+00
       0.2038E+00
       0.2041E+00
       0.2037E+00
       0.2038E+00
       0.2042E+00
       0.2043E+00
       0.2042E+00
       0.2041E+00
       0.2042E+00
       0.2040E+00
       0.2041E+00
       0.2045E+00
       0.2043E+00
       0.2041E+00
       0.2038E+00
       0.2038E+00
       0.2036E+00
       0.2037E+00
       0.2036E+00
       0.2036E+00
       0.2035E+00
       0.2031E+00
       0.2029E+00
       0.2022E+00
       0.2021E+00
       0.2020E+00
       0.2020E+00
       0.2019E+00
       0.2021E+00
       0.2026E+00
       0.2023E+00
       0.2024E+00
       0.2027E+00
       0.2024E+00
       0.2031E+00
       0.2030E+00
       0.2028E+00
       0.2026E+00
       0.2033E+00
       0.2034E+00
       0.2033E+00
       0.2036E+00
       0.2042E+00
       0.2037E+00
       0.2038E+00
       0.2039E+00
       0.2038E+00
       0.2036E+00
       0.2036E+00
       0.2041E+00
       0.2036E+00
       0.2036E+00
       0.2036E+00
       0.2035E+00
       0.2037E+00
       0.2038E+00
       0.2039E+00
       0.2042E+00
       0.2041E+00
       0.2042E+00
       0.2043E+00
       0.2040E+00
       0.2043E+00
       0.2042E+00
       0.2041E+00
       0.2039E+00
       0.2040E+00
       0.2046E+00
       0.2050E+00
       0.2051E+00
       0.2050E+00
       0.2047E+00
       0.2049E+00
       0.2044E+00
       0.2043E+00
       0.2044E+00
       0.2039E+00
       0.2040E+00
       0.2045E+00
       0.2046E+00
       0.2042E+00
       0.2040E+00
       0.2043E+00
       0.2044E+00
       0.2042E+00
       0.2042E+00
       0.2042E+00
       0.2043E+00
       0.2044E+00
       0.2042E+00
       0.2041E+00
       0.2040E+00
       0.2040E+00
       0.2041E+00
       0.2041E+00
       0.2042E+00
       0.2042E+00
       0.2041E+00
       0.2044E+00
       0.2044E+00
       0.2043E+00
       0.2041E+00
       0.2045E+00
       0.2043E+00
       0.2045E+00
       0.2046E+00
       0.2043E+00
       0.2041E+00
       0.2039E+00
       0.2040E+00
       0.2037E+00
       0.2037E+00
       0.2036E+00
       0.2034E+00
       0.2030E+00
       0.2032E+00
       0.2029E+00
       0.2033E+00
       0.2031E+00
       0.2033E+00
       0.2033E+00
       0.2036E+00
       0.2030E+00
       0.2031E+00
       0.2029E+00
       0.2024E+00
       0.2031E+00
       0.2028E+00
       0.2029E+00
       0.2032E+00
       0.2030E+00
       0.2031E+00
       0.2030E+00
       0.2035E+00
       0.2034E+00
       0.2036E+00
       0.2033E+00
       0.2034E+00
       0.2030E+00
       0.2032E+00
       0.2033E+00
       0.2029E+00
       0.2027E+00
       0.2026E+00
       0.2025E+00
       0.2026E+00
       0.2026E+00
       0.2024E+00
       0.2023E+00
       0.2021E+00
       0.2019E+00
       0.2020E+00
       0.2024E+00
       0.2023E+00
       0.2023E+00
       0.2021E+00
       0.2026E+00
       0.2024E+00
       0.2025E+00
       0.2025E+00
       0.2028E+00
       0.2030E+00
       0.2034E+00
       0.2035E+00
       0.2036E+00
       0.2036E+00
       0.2033E+00
       0.2036E+00
       0.2036E+00
       0.2033E+00
       0.2031E+00
       0.2035E+00
       0.2037E+00
       0.2038E+00
       0.2034E+00
       0.2035E+00
       0.2035E+00
       0.2033E+00
       0.2036E+00
       0.2040E+00
       0.2042E+00
       0.2039E+00
       0.2040E+00
       0.2041E+00
       0.2046E+00
       0.2044E+00
       0.2044E+00
       0.2042E+00
       0.2042E+00
       0.2039E+00
       0.2040E+00
       0.2041E+00
       0.2039E+00
       0.2036E+00
       0.2035E+00
       0.2034E+00
       0.2037E+00
       0.2034E+00
       0.2037E+00
       0.2044E+00
       0.2043E+00
       0.2042E+00
       0.2044E+00
       0.2046E+00
       0.2046E+00
       0.2048E+00
       0.2049E+00
       0.2051E+00
       0.2052E+00
       0.2054E+00
       0.2053E+00
       0.2053E+00
       0.2053E+00
       0.2053E+00
       0.2053E+00
       0.2052E+00
       0.2053E+00
       0.2054E+00
       0.2053E+00
       0.2056E+00
       0.2058E+00
       0.2054E+00
       0.2057E+00
       0.2062E+00
       0.2062E+00
       0.2060E+00
       0.2063E+00
       0.2058E+00
       0.2058E+00
       0.2056E+00
       0.2056E+00
       0.2052E+00
       0.2055E+00
       0.2055E+00
       0.2055E+00
       0.2055E+00
       0.2054E+00
       0.2051E+00
       0.2049E+00
       0.2045E+00
       0.2045E+00
       0.2045E+00
       0.2048E+00
       0.2049E+00
       0.2048E+00
       0.2046E+00
       0.2046E+00
       0.2046E+00
       0.2046E+00
       0.2042E+00
       0.2046E+00
       0.2047E+00
       0.2047E+00
       0.2049E+00
       0.2048E+00
       0.2048E+00
       0.2047E+00
       0.2054E+00
       0.2056E+00
       0.2057E+00
       0.2053E+00
       0.2049E+00
       0.2047E+00
       0.2046E+00
       0.2047E+00
       0.2049E+00
       0.2039E+00
       0.2035E+00
       0.2036E+00
       0.2043E+00
       0.2042E+00
       0.2039E+00
       0.2041E+00
       0.2039E+00
       0.2038E+00
       0.2043E+00
       0.2040E+00
       0.2042E+00
       0.2048E+00
       0.2049E+00
       0.2046E+00
       0.2046E+00
       0.2049E+00
       0.2049E+00
       0.2045E+00
       0.2049E+00
       0.2047E+00
       0.2046E+00
       0.2042E+00
       0.2043E+00
       0.2040E+00
       0.2046E+00
       0.2041E+00
       0.2040E+00
       0.2041E+00
       0.2035E+00
       0.2035E+00
       0.2033E+00
       0.2036E+00
       0.2035E+00
       0.2032E+00
       0.2032E+00
       0.2030E+00
       0.2030E+00
       0.2031E+00
       0.2034E+00
       0.2036E+00
       0.2038E+00
       0.2040E+00
       0.2041E+00
       0.2042E+00
       0.2037E+00
       0.2035E+00
       0.2034E+00
       0.2033E+00
       0.2033E+00
       0.2034E+00
       0.2032E+00
       0.2034E+00
       0.2035E+00
       0.2041E+00
       0.2043E+00
       0.2043E+00
       0.2043E+00
       0.2045E+00
       0.2045E+00
       0.2045E+00
       0.2045E+00
       0.2045E+00
       0.2045E+00
       0.2044E+00
       0.2044E+00
       0.2043E+00
       0.2046E+00
       0.2043E+00
       0.2043E+00
       0.2042E+00
       0.2041E+00
       0.2036E+00
       0.2037E+00
       0.2035E+00
       0.2034E+00
       0.2037E+00
       0.2038E+00
       0.2039E+00
       0.2043E+00
       0.2040E+00
       0.2034E+00
       0.2036E+00
       0.2034E+00
       0.2041E+00
       0.2043E+00
       0.2039E+00
       0.2040E+00
       0.2033E+00
       0.2033E+00
       0.2033E+00
       0.2034E+00
       0.2033E+00
       0.2032E+00
       0.2034E+00
       0.2036E+00
       0.2040E+00
       0.2044E+00
       0.2045E+00
       0.2045E+00
       0.2044E+00
       0.2044E+00
       0.2042E+00
       0.2048E+00
       0.2048E+00
       0.2047E+00
       0.2051E+00
       0.2053E+00
       0.2052E+00
       0.2052E+00
       0.2050E+00
       0.2052E+00
       0.2053E+00
       0.2052E+00
       0.2048E+00
       0.2048E+00
       0.2049E+00
       0.2046E+00
       0.2049E+00
       0.2051E+00
       0.2043E+00
       0.2047E+00
       0.2047E+00
       0.2038E+00
       0.2035E+00
       0.2038E+00
       0.2036E+00
       0.2030E+00
       0.2036E+00
       0.2036E+00
       0.2037E+00
       0.2036E+00
       0.2035E+00
       0.2036E+00
       0.2040E+00
       0.2040E+00
       0.2043E+00
       0.2043E+00
       0.2041E+00
       0.2037E+00
       0.2036E+00
       0.2040E+00
       0.2038E+00
       0.2036E+00
       0.2037E+00
       0.2036E+00
       0.2038E+00
       0.2035E+00
       0.2037E+00
       0.2034E+00
       0.2034E+00
       0.2030E+00
       0.2028E+00
       0.2028E+00
       0.2027E+00
       0.2031E+00
       0.2028E+00
       0.2029E+00
       0.2029E+00
       0.2029E+00
       0.2036E+00
       0.2039E+00
       0.2040E+00
       0.2038E+00
       0.2035E+00
       0.2034E+00
       0.2035E+00
       0.2036E+00
       0.2039E+00
       0.2039E+00
       0.2039E+00
       0.2040E+00
       0.2037E+00
       0.2038E+00
       0.2039E+00
       0.2040E+00
       0.2040E+00
       0.2040E+00
       0.2040E+00
       0.2043E+00
       0.2045E+00
       0.2046E+00
       0.2046E+00
       0.2048E+00
       0.2050E+00
       0.2050E+00
       0.2045E+00
       0.2043E+00
       0.2043E+00
       0.2043E+00
       0.2046E+00
       0.2044E+00
       0.2048E+00
       0.2050E+00
       0.2048E+00
       0.2044E+00
       0.2046E+00
       0.2045E+00
       0.2045E+00
       0.2042E+00
       0.2037E+00
       0.2038E+00
       0.2038E+00
       0.2037E+00
       0.2034E+00
       0.2035E+00
       0.2035E+00
       0.2039E+00
       0.2040E+00
       0.2042E+00
       0.2044E+00
       0.2045E+00
       0.2045E+00
       0.2044E+00
       0.2047E+00
       0.2037E+00
       0.2039E+00
       0.2038E+00
       0.2037E+00
       0.2040E+00
       0.2041E+00
       0.2040E+00
       0.2043E+00
       0.2045E+00
       0.2047E+00
       0.2046E+00
       0.2045E+00
       0.2042E+00
       0.2041E+00
       0.2040E+00
       0.2039E+00
       0.2045E+00
       0.2048E+00
       0.2050E+00
       0.2049E+00
       0.2044E+00
       0.2046E+00
       0.2048E+00
       0.2054E+00
       0.2058E+00
       0.2058E+00
       0.2056E+00
       0.2052E+00
       0.2048E+00
       0.2044E+00
       0.2049E+00
       0.2049E+00
       0.2048E+00
       0.2051E+00
       0.2051E+00
       0.2051E+00
       0.2051E+00
       0.2060E+00
       0.2056E+00
       0.2058E+00
       0.2058E+00
       0.2060E+00
       0.2062E+00
       0.2063E+00
       0.2064E+00
       0.2066E+00
       0.2067E+00
       0.2067E+00
       0.2073E+00
       0.2066E+00
       0.2062E+00
       0.2064E+00
       0.2063E+00
       0.2061E+00
       0.2058E+00
       0.2062E+00
       0.2061E+00
       0.2060E+00
       0.2065E+00
       0.2065E+00
       0.2060E+00
       0.2058E+00
       0.2062E+00
       0.2062E+00
       0.2056E+00
       0.2057E+00
       0.2055E+00
       0.2057E+00
       0.2059E+00
       0.2054E+00
       0.2058E+00
       0.2060E+00
       0.2061E+00
       0.2063E+00
       0.2061E+00
       0.2064E+00
       0.2065E+00
       0.2073E+00
       0.2071E+00
       0.2072E+00
       0.2071E+00
       0.2066E+00
       0.2065E+00
       0.2063E+00
       0.2059E+00
       0.2060E+00
       0.2057E+00
       0.2055E+00
       0.2061E+00
       0.2062E+00
       0.2064E+00
       0.2065E+00
       0.2064E+00
       0.2063E+00
       0.2064E+00
       0.2059E+00
       0.2062E+00
       0.2065E+00
       0.2068E+00
       0.2068E+00
       0.2062E+00
       0.2059E+00
       0.2055E+00
       0.2055E+00
       0.2056E+00
       0.2055E+00
       0.2059E+00
       0.2056E+00
       0.2056E+00
       0.2055E+00
       0.2054E+00
       0.2054E+00
       0.2052E+00
       0.2052E+00
       0.2055E+00
       0.2058E+00
       0.2055E+00
       0.2060E+00
       0.2060E+00
       0.2057E+00
       0.2057E+00
       0.2057E+00
       0.2055E+00
       0.2056E+00
       0.2058E+00
       0.2058E+00
       0.2058E+00
       0.2061E+00
       0.2061E+00
       0.2061E+00
       0.2057E+00
       0.2051E+00
       0.2051E+00
       0.2053E+00
       0.2051E+00
       0.2050E+00
       0.2051E+00
       0.2051E+00
       0.2047E+00
       0.2047E+00
       0.2053E+00
       0.2053E+00
       0.2051E+00
       0.2050E+00
       0.2051E+00
       0.2056E+00
       0.2055E+00
       0.2055E+00
       0.2059E+00
       0.2058E+00
       0.2057E+00
       0.2058E+00
       0.2057E+00
       0.2060E+00
       0.2055E+00
       0.2055E+00
       0.2055E+00
       0.2055E+00
       0.2056E+00
       0.2052E+00
       0.2053E+00
       0.2053E+00
       0.2053E+00
       0.2051E+00
       0.2053E+00
       0.2054E+00
       0.2057E+00
       0.2055E+00
       0.2056E+00
       0.2054E+00
       0.2054E+00
       0.2053E+00
       0.2054E+00
       0.2055E+00
       0.2050E+00
       0.2052E+00
       0.2051E+00
       0.2049E+00
       0.2042E+00
       0.2041E+00
       0.2038E+00
       0.2038E+00
       0.2034E+00
       0.2030E+00
       0.2029E+00
       0.2030E+00
       0.2029E+00
       0.2034E+00
       0.2032E+00
       0.2032E+00
       0.2034E+00
       0.2031E+00
       0.2032E+00
       0.2037E+00
       0.2039E+00
       0.2041E+00
       0.2040E+00
       0.2038E+00
       0.2036E+00
       0.2034E+00
       0.2039E+00
       0.2040E+00
       0.2042E+00
       0.2041E+00
       0.2040E+00
       0.2039E+00
       0.2040E+00
       0.2042E+00
       0.2042E+00
       0.2041E+00
       0.2040E+00
       0.2041E+00
       0.2040E+00
       0.2040E+00
       0.2040E+00
       0.2041E+00
       0.2040E+00
       0.2042E+00
       0.2042E+00
       0.2044E+00
       0.2042E+00
       0.2041E+00
       0.2042E+00
       0.2042E+00
       0.2039E+00
       0.2037E+00
       0.2038E+00
       0.2037E+00
       0.2036E+00
       0.2033E+00
       0.2035E+00
       0.2036E+00
       0.2034E+00
       0.2033E+00
       0.2036E+00
       0.2036E+00
       0.2034E+00
       0.2035E+00
       0.2035E+00
       0.2036E+00
       0.2037E+00
       0.2037E+00
       0.2039E+00
       0.2035E+00
       0.2034E+00
       0.2032E+00
       0.2032E+00
       0.2027E+00
       0.2031E+00
       0.2036E+00
       0.2035E+00
       0.2040E+00
       0.2041E+00
       0.2038E+00
       0.2041E+00
       0.2042E+00
       0.2041E+00
       0.2042E+00
       0.2043E+00
       0.2044E+00
       0.2045E+00
       0.2043E+00
       0.2042E+00
       0.2044E+00
       0.2044E+00
       0.2037E+00
       0.2041E+00
       0.2042E+00
       0.2044E+00
       0.2046E+00
       0.2050E+00
       0.2050E+00
       0.2047E+00
       0.2046E+00
       0.2048E+00
       0.2043E+00
       0.2043E+00
       0.2043E+00
       0.2044E+00
       0.2043E+00
       0.2046E+00
       0.2047E+00
       0.2049E+00
       0.2052E+00
       0.2056E+00
       0.2050E+00
       0.2052E+00
       0.2050E+00
       0.2043E+00
       0.2049E+00
       0.2049E+00
       0.2049E+00
       0.2049E+00
       0.2049E+00
       0.2047E+00
       0.2052E+00
       0.2055E+00
       0.2056E+00
       0.2054E+00
       0.2051E+00
       0.2051E+00
       0.2051E+00
       0.2051E+00
       0.2051E+00
       0.2050E+00
       0.2052E+00
       0.2054E+00
       0.2049E+00
       0.2049E+00
       0.2050E+00
       0.2051E+00
       0.2049E+00
       0.2050E+00
       0.2052E+00
       0.2049E+00
       0.2046E+00
       0.2044E+00
       0.2052E+00
       0.2052E+00
       0.2052E+00
       0.2053E+00
       0.2054E+00
       0.2057E+00
       0.2060E+00
       0.2060E+00
       0.2058E+00
       0.2062E+00
       0.2061E+00
       0.2061E+00
       0.2065E+00
       0.2060E+00
       0.2060E+00
       0.2057E+00
       0.2055E+00
       0.2061E+00
       0.2060E+00
       0.2059E+00
       0.2058E+00
       0.2059E+00
       0.2058E+00
       0.2057E+00
       0.2059E+00
       0.2062E+00
       0.2068E+00
       0.2067E+00
       0.2066E+00
       0.2062E+00
       0.2063E+00
       0.2062E+00
       0.2062E+00
       0.2064E+00
       0.2061E+00
       0.2062E+00
       0.2062E+00
       0.2063E+00
       0.2058E+00
       0.2055E+00
       0.2053E+00
       0.2056E+00
       0.2052E+00
       0.2054E+00
       0.2056E+00
       0.2061E+00
       0.2058E+00
       0.2058E+00
       0.2058E+00
       0.2062E+00
       0.2061E+00
       0.2062E+00
       0.2060E+00
       0.2054E+00
       0.2055E+00
       0.2059E+00
       0.2060E+00
       0.2056E+00
       0.2048E+00
       0.2050E+00
       0.2050E+00
       0.2051E+00
       0.2051E+00
       0.2054E+00
       0.2051E+00
       0.2049E+00
       0.2048E+00
       0.2050E+00
       0.2052E+00
       0.2051E+00
       0.2052E+00
       0.2049E+00
       0.2048E+00
       0.2049E+00
       0.2050E+00
       0.2053E+00
       0.2050E+00
       0.2046E+00
       0.2040E+00
       0.2037E+00
       0.2036E+00
       0.2036E+00
       0.2034E+00
       0.2034E+00
       0.2035E+00
       0.2034E+00
       0.2042E+00
       0.2041E+00
       0.2037E+00
       0.2032E+00
       0.2035E+00
       0.2035E+00
       0.2034E+00
       0.2033E+00
       0.2031E+00
       0.2030E+00
       0.2027E+00
       0.2024E+00
       0.2032E+00
       0.2039E+00
       0.2035E+00
       0.2034E+00
       0.2038E+00
       0.2037E+00
       0.2033E+00
       0.2037E+00
       0.2039E+00
       0.2040E+00
       0.2040E+00
       0.2038E+00
       0.2036E+00
       0.2037E+00
       0.2036E+00
       0.2038E+00
       0.2038E+00
       0.2040E+00
       0.2038E+00
       0.2039E+00
       0.2040E+00
       0.2039E+00
       0.2040E+00
       0.2041E+00
       0.2039E+00
       0.2042E+00
       0.2041E+00
       0.2043E+00
       0.2043E+00
       0.2042E+00
       0.2039E+00
       0.2042E+00
       0.2043E+00
       0.2043E+00
       0.2044E+00
       0.2040E+00
       0.2041E+00
       0.2045E+00
       0.2045E+00
       0.2046E+00
       0.2045E+00
       0.2047E+00
       0.2052E+00
       0.2057E+00
       0.2056E+00
       0.2049E+00
       0.2047E+00
       0.2050E+00
       0.2051E+00
       0.2051E+00
       0.2051E+00
       0.2051E+00
       0.2044E+00
       0.2047E+00
       0.2046E+00
       0.2040E+00
       0.2033E+00
       0.2035E+00
       0.2038E+00
       0.2036E+00
       0.2033E+00
       0.2030E+00
       0.2030E+00
       0.2029E+00
       0.2025E+00
       0.2024E+00
       0.2032E+00
       0.2033E+00
       0.2033E+00
       0.2038E+00
       0.2036E+00
       0.2036E+00
       0.2038E+00
       0.2041E+00
       0.2043E+00
       0.2045E+00
       0.2045E+00
       0.2047E+00
       0.2047E+00
       0.2049E+00
       0.2050E+00
       0.2051E+00
       0.2052E+00
       0.2053E+00
       0.2052E+00
       0.2048E+00
       0.2047E+00
       0.2050E+00
       0.2047E+00
       0.2050E+00
       0.2049E+00
       0.2050E+00
       0.2050E+00
       0.2048E+00
       0.2045E+00
       0.2045E+00
       0.2043E+00
       0.2044E+00
       0.2047E+00
       0.2043E+00
       0.2043E+00
       0.2044E+00
       0.2044E+00
       0.2043E+00
       0.2044E+00
       0.2043E+00
       0.2041E+00
       0.2037E+00
       0.2040E+00
       0.2040E+00
       0.2045E+00
       0.2044E+00
       0.2044E+00
       0.2043E+00
       0.2046E+00
       0.2050E+00
       0.2053E+00
       0.2054E+00
       0.2051E+00
       0.2055E+00
       0.2049E+00
       0.2044E+00
       0.2048E+00
       0.2047E+00
       0.2048E+00
       0.2046E+00
       0.2046E+00
       0.2045E+00
       0.2047E+00
       0.2044E+00
       0.2044E+00
       0.2045E+00
       0.2038E+00
       0.2041E+00
       0.2040E+00
       0.2041E+00
       0.2042E+00
       0.2041E+00
       0.2042E+00
       0.2039E+00
       0.2045E+00
       0.2048E+00
       0.2047E+00
       0.2048E+00
       0.2045E+00
       0.2045E+00
       0.2042E+00
       0.2045E+00
       0.2045E+00
       0.2046E+00
       0.2045E+00
       0.2045E+00
       0.2045E+00
       0.2049E+00
       0.2051E+00
       0.2051E+00
       0.2050E+00
       0.2054E+00
       0.2054E+00
       0.2049E+00
       0.2049E+00
       0.2046E+00
       0.2041E+00
       0.2043E+00
       0.2042E+00
       0.2045E+00
       0.2043E+00
       0.2047E+00
       0.2047E+00
       0.2046E+00
       0.2048E+00
       0.2048E+00
       0.2042E+00
       0.2047E+00
       0.2047E+00
       0.2045E+00
       0.2049E+00
       0.2049E+00
       0.2053E+00
       0.2055E+00
       0.2054E+00
       0.2054E+00
       0.2057E+00
       0.2051E+00
       0.2055E+00
       0.2055E+00
       0.2054E+00
       0.2051E+00
       0.2051E+00
       0.2051E+00
       0.2051E+00
       0.2052E+00
       0.2053E+00
       0.2058E+00
       0.2059E+00
       0.2062E+00
       0.2064E+00
       0.2066E+00
       0.2064E+00
       0.2064E+00
       0.2065E+00
       0.2066E+00
       0.2066E+00
       0.2068E+00
       0.2066E+00
       0.2064E+00
       0.2071E+00
       0.2068E+00
       0.2068E+00
       0.2059E+00
       0.2064E+00
       0.2064E+00
       0.2064E+00
       0.2064E+00
       0.2065E+00
       0.2065E+00
       0.2061E+00
       0.2061E+00
       0.2062E+00
       0.2059E+00
       0.2058E+00
       0.2059E+00
       0.2060E+00
       0.2063E+00
       0.2061E+00
       0.2062E+00
       0.2064E+00
       0.2063E+00
       0.2064E+00
       0.2065E+00
       0.2069E+00
       0.2065E+00
       0.2067E+00
       0.2069E+00
       0.2069E+00
       0.2070E+00
       0.2071E+00
       0.2069E+00
       0.2067E+00
       0.2064E+00
       0.2063E+00
       0.2062E+00
       0.2052E+00
       0.2052E+00
       0.2057E+00
       0.2057E+00
       0.2055E+00
       0.2057E+00
       0.2055E+00
       0.2058E+00
       0.2057E+00
       0.2057E+00
       0.2055E+00
       0.2053E+00
       0.2057E+00
       0.2056E+00
       0.2059E+00
       0.2058E+00
       0.2062E+00
       0.2060E+00
       0.2057E+00
       0.2056E+00
       0.2055E+00
       0.2058E+00
       0.2054E+00
       0.2054E+00
       0.2054E+00
       0.2053E+00
       0.2054E+00
       0.2055E+00
       0.2056E+00
       0.2058E+00
       0.2061E+00
       0.2060E+00
       0.2059E+00
       0.2061E+00
       0.2061E+00
       0.2061E+00
       0.2064E+00
       0.2062E+00
       0.2063E+00
       0.2063E+00
       0.2070E+00
       0.2071E+00
       0.2068E+00
       0.2065E+00
       0.2068E+00
       0.2068E+00
       0.2070E+00
       0.2068E+00
       0.2067E+00
       0.2067E+00
       0.2068E+00
       0.2067E+00
       0.2066E+00
       0.2068E+00
       0.2067E+00
       0.2065E+00
       0.2065E+00
       0.2066E+00
       0.2065E+00
       0.2070E+00
       0.2067E+00
       0.2064E+00
       0.2060E+00
       0.2063E+00
       0.2068E+00
       0.2067E+00
       0.2067E+00
       0.2063E+00
       0.2061E+00
       0.2061E+00
       0.2058E+00
       0.2059E+00
       0.2055E+00
       0.2055E+00
       0.2053E+00
       0.2052E+00
       0.2054E+00
       0.2052E+00
       0.2058E+00
       0.2056E+00
       0.2061E+00
       0.2058E+00
       0.2060E+00
       0.2058E+00
       0.2061E+00
       0.2065E+00
       0.2066E+00
       0.2072E+00
       0.2069E+00
       0.2070E+00
       0.2070E+00
       0.2066E+00
       0.2066E+00
       0.2066E+00
       0.2066E+00
       0.2067E+00
       0.2069E+00
       0.2072E+00
       0.2068E+00
       0.2066E+00
       0.2066E+00
       0.2066E+00
       0.2066E+00
       0.2059E+00
       0.2063E+00
       0.2064E+00
       0.2063E+00
       0.2066E+00
       0.2064E+00
       0.2065E+00
       0.2066E+00
       0.2070E+00
       0.2065E+00
       0.2063E+00
       0.2065E+00
       0.2066E+00
       0.2064E+00
       0.2066E+00
       0.2066E+00
       0.2065E+00
       0.2064E+00
       0.2063E+00
       0.2060E+00
       0.2059E+00
       0.2058E+00
       0.2057E+00
       0.2055E+00
       0.2050E+00
       0.2051E+00
       0.2048E+00
       0.2047E+00
       0.2046E+00
       0.2045E+00
       0.2050E+00
       0.2050E+00
       0.2046E+00
       0.2047E+00
       0.2043E+00
       0.2038E+00
       0.2035E+00
       0.2034E+00
       0.2033E+00
       0.2039E+00
       0.2034E+00
       0.2035E+00
       0.2032E+00
       0.2030E+00
       0.2030E+00
       0.2032E+00
       0.2028E+00
       0.2029E+00
       0.2028E+00
       0.2029E+00
       0.2031E+00
       0.2031E+00
       0.2030E+00
       0.2026E+00
       0.2026E+00
       0.2027E+00
       0.2025E+00
       0.2025E+00
       0.2025E+00
       0.2028E+00
       0.2033E+00
       0.2030E+00
       0.2030E+00
       0.2025E+00
       0.2035E+00
       0.2036E+00
       0.2033E+00
       0.2035E+00
       0.2036E+00
       0.2034E+00
       0.2031E+00
       0.2029E+00
       0.2031E+00
       0.2032E+00
       0.2030E+00
       0.2030E+00
       0.2031E+00
       0.2025E+00
       0.2028E+00
       0.2026E+00
       0.2031E+00
       0.2030E+00
       0.2030E+00
       0.2029E+00
       0.2023E+00
       0.2023E+00
       0.2022E+00
       0.2021E+00
       0.2021E+00
       0.2024E+00
       0.2025E+00
       0.2033E+00
       0.2030E+00
       0.2029E+00
       0.2029E+00
       0.2031E+00
       0.2029E+00
       0.2028E+00
       0.2027E+00
       0.2024E+00
       0.2023E+00
       0.2024E+00
       0.2023E+00
       0.2021E+00
       0.2025E+00
       0.2024E+00
       0.2024E+00
       0.2025E+00
       0.2026E+00
       0.2026E+00
       0.2025E+00
       0.2023E+00
       0.2023E+00
       0.2025E+00
       0.2023E+00
       0.2026E+00
       0.2024E+00
       0.2021E+00
       0.2028E+00
       0.2028E+00
       0.2026E+00
       0.2026E+00
       0.2026E+00
       0.2022E+00
       0.2023E+00
       0.2021E+00
       0.2025E+00
       0.2025E+00
       0.2027E+00
       0.2032E+00
       0.2033E+00
       0.2029E+00
       0.2030E+00
       0.2029E+00
       0.2029E+00
       0.2033E+00
       0.2034E+00
       0.2035E+00
       0.2035E+00
       0.2043E+00
       0.2044E+00
       0.2045E+00
       0.2045E+00
       0.2049E+00
       0.2052E+00
       0.2050E+00
       0.2052E+00
       0.2055E+00
       0.2057E+00
       0.2060E+00
       0.2059E+00
       0.2057E+00
       0.2058E+00
       0.2057E+00
       0.2057E+00
       0.2058E+00
       0.2061E+00
       0.2059E+00
       0.2056E+00
       0.2058E+00
       0.2057E+00
       0.2056E+00
       0.2059E+00
       0.2056E+00
       0.2055E+00
       0.2052E+00
       0.2053E+00
       0.2050E+00
       0.2049E+00
       0.2047E+00
       0.2046E+00
       0.2047E+00
       0.2049E+00
       0.2049E+00
       0.2048E+00
       0.2050E+00
       0.2043E+00
       0.2044E+00
       0.2041E+00
       0.2039E+00
       0.2047E+00
       0.2040E+00
       0.2035E+00
       0.2036E+00
       0.2038E+00
       0.2034E+00
       0.2035E+00
       0.2034E+00
       0.2030E+00
       0.2028E+00
       0.2026E+00
       0.2024E+00
       0.2026E+00
       0.2025E+00
       0.2025E+00
       0.2029E+00
       0.2033E+00
       0.2032E+00
       0.2033E+00
       0.2033E+00
       0.2033E+00
       0.2039E+00
       0.2037E+00
       0.2037E+00
       0.2042E+00
       0.2043E+00
       0.2043E+00
       0.2043E+00
       0.2046E+00
       0.2045E+00
       0.2045E+00
       0.2047E+00
       0.2049E+00
       0.2051E+00
       0.2047E+00
       0.2051E+00
       0.2060E+00
       0.2061E+00
       0.2060E+00
       0.2063E+00
       0.2062E+00
       0.2065E+00
       0.2063E+00
       0.2058E+00
       0.2063E+00
       0.2063E+00
       0.2062E+00
       0.2065E+00
       0.2067E+00
       0.2068E+00
       0.2066E+00
       0.2065E+00
       0.2066E+00
       0.2066E+00
       0.2057E+00
       0.2056E+00
       0.2053E+00
       0.2054E+00
       0.2054E+00
       0.2053E+00
       0.2052E+00
       0.2050E+00
       0.2047E+00
       0.2043E+00
       0.2043E+00
       0.2042E+00
       0.2038E+00
       0.2042E+00
       0.2040E+00
       0.2040E+00
       0.2036E+00
       0.2036E+00
       0.2039E+00
       0.2037E+00
       0.2039E+00
       0.2040E+00
       0.2042E+00
       0.2040E+00
       0.2039E+00
       0.2040E+00
       0.2041E+00
       0.2041E+00
       0.2041E+00
       0.2039E+00
       0.2038E+00
       0.2036E+00
       0.2032E+00
       0.2031E+00
       0.2031E+00
       0.2028E+00
       0.2028E+00
       0.2029E+00
       0.2029E+00
       0.2024E+00
       0.2027E+00
       0.2026E+00
       0.2032E+00
       0.2032E+00
       0.2031E+00
       0.2028E+00
       0.2030E+00
       0.2032E+00
       0.2036E+00
       0.2039E+00
       0.2039E+00
       0.2038E+00
       0.2039E+00
       0.2039E+00
       0.2039E+00
       0.2039E+00
       0.2037E+00
       0.2040E+00
       0.2039E+00
       0.2040E+00
       0.2045E+00
       0.2043E+00
       0.2041E+00
       0.2043E+00
       0.2040E+00
       0.2043E+00
       0.2046E+00
       0.2041E+00
       0.2045E+00
       0.2045E+00
       0.2044E+00
       0.2043E+00
       0.2040E+00
       0.2037E+00
       0.2036E+00
       0.2036E+00
       0.2037E+00
       0.2030E+00
       0.2030E+00
       0.2029E+00
       0.2038E+00
       0.2042E+00
       0.2040E+00
       0.2044E+00
       0.2046E+00
       0.2045E+00
       0.2045E+00
       0.2046E+00
       0.2047E+00
       0.2047E+00
       0.2048E+00
       0.2048E+00
       0.2046E+00
       0.2047E+00
       0.2045E+00
       0.2045E+00
       0.2045E+00
       0.2045E+00
       0.2046E+00
       0.2045E+00
       0.2045E+00
       0.2045E+00
       0.2047E+00
       0.2048E+00
       0.2048E+00
       0.2051E+00
       0.2048E+00
       0.2048E+00
       0.2046E+00
       0.2044E+00
       0.2047E+00
       0.2047E+00
       0.2049E+00
       0.2052E+00
       0.2057E+00
       0.2061E+00
       0.2064E+00
       0.2055E+00
       0.2053E+00
       0.2057E+00
       0.2059E+00
       0.2057E+00
       0.2052E+00
       0.2050E+00
       0.2048E+00
       0.2059E+00
       0.2059E+00
       0.2062E+00
       0.2063E+00
       0.2065E+00
       0.2069E+00
       0.2069E+00
       0.2067E+00
       0.2070E+00
       0.2070E+00
       0.2072E+00
       0.2068E+00
       0.2066E+00
       0.2066E+00
       0.2069E+00
       0.2069E+00
       0.2067E+00
       0.2066E+00
       0.2064E+00
       0.2068E+00
       0.2065E+00
       0.2065E+00
       0.2067E+00
       0.2069E+00
       0.2066E+00
       0.2065E+00
       0.2070E+00
       0.2065E+00
       0.2064E+00
       0.2063E+00
       0.2065E+00
       0.2065E+00
       0.2062E+00
       0.2062E+00
       0.2063E+00
       0.2071E+00
       0.2070E+00
       0.2074E+00
       0.2072E+00
       0.2074E+00
       0.2073E+00
       0.2076E+00
       0.2077E+00
       0.2083E+00
       0.2081E+00
       0.2083E+00
       0.2085E+00
       0.2082E+00
       0.2083E+00
       0.2080E+00
       0.2081E+00
       0.2080E+00
       0.2077E+00
       0.2073E+00
       0.2069E+00
       0.2069E+00
       0.2068E+00
       0.2067E+00
       0.2060E+00
       0.2065E+00
       0.2062E+00
       0.2064E+00
       0.2062E+00
       0.2059E+00
       0.2063E+00
       0.2062E+00
       0.2067E+00
       0.2066E+00
       0.2064E+00
       0.2064E+00
       0.2064E+00
       0.2066E+00
       0.2068E+00
       0.2069E+00
       0.2065E+00
       0.2063E+00
       0.2068E+00
       0.2060E+00
       0.2061E+00
       0.2062E+00
       0.2062E+00
       0.2062E+00
       0.2062E+00
       0.2066E+00
       0.2067E+00
       0.2067E+00
       0.2066E+00
       0.2065E+00
       0.2067E+00
       0.2065E+00
       0.2065E+00
       0.2064E+00
       0.2064E+00
       0.2064E+00
       0.2059E+00
       0.2056E+00
       0.2056E+00
       0.2056E+00
       0.2057E+00
       0.2058E+00
       0.2061E+00
       0.2058E+00
       0.2056E+00
       0.2052E+00
       0.2057E+00
       0.2059E+00
       0.2060E+00
       0.2057E+00
       0.2056E+00
       0.2052E+00
       0.2060E+00
       0.2061E+00
       0.2059E+00
       0.2059E+00
       0.2053E+00
       0.2056E+00
       0.2056E+00
       0.2054E+00
       0.2053E+00
       0.2054E+00
       0.2055E+00
       0.2046E+00
       0.2043E+00
       0.2041E+00
       0.2042E+00
       0.2042E+00
       0.2042E+00
       0.2042E+00
       0.2039E+00
       0.2039E+00
       0.2041E+00
       0.2046E+00
       0.2046E+00
       0.2049E+00
       0.2047E+00
       0.2048E+00
       0.2047E+00
       0.2041E+00
       0.2043E+00
       0.2043E+00
       0.2046E+00
       0.2048E+00
       0.2047E+00
       0.2047E+00
       0.2047E+00
       0.2048E+00
       0.2049E+00
       0.2048E+00
       0.2048E+00
       0.2044E+00
       0.2052E+00
       0.2050E+00
       0.2052E+00
       0.2055E+00
       0.2054E+00
       0.2053E+00
       0.2054E+00
       0.2056E+00
       0.2054E+00
       0.2056E+00
       0.2056E+00
       0.2056E+00
       0.2056E+00
       0.2059E+00
       0.2067E+00
       0.2068E+00
       0.2069E+00
       0.2069E+00
       0.2068E+00
       0.2067E+00
       0.2067E+00
       0.2071E+00
       0.2072E+00
       0.2072E+00
       0.2070E+00
       0.2071E+00
       0.2070E+00
       0.2075E+00
       0.2074E+00
       0.2075E+00
       0.2075E+00
       0.2075E+00
       0.2078E+00
       0.2079E+00
       0.2080E+00
       0.2082E+00
       0.2085E+00
       0.2080E+00
       0.2077E+00
       0.2077E+00
       0.2077E+00
       0.2075E+00
       0.2078E+00
       0.2078E+00
       0.2077E+00
       0.2075E+00
       0.2071E+00
       0.2070E+00
       0.2065E+00
       0.2071E+00
       0.2072E+00
       0.2073E+00
       0.2070E+00
       0.2072E+00
       0.2070E+00
       0.2072E+00
       0.2073E+00
       0.2073E+00
       0.2073E+00
       0.2072E+00
       0.2069E+00
       0.2068E+00
       0.2065E+00
       0.2066E+00
       0.2067E+00
       0.2065E+00
       0.2064E+00
       0.2061E+00
       0.2062E+00
       0.2059E+00
       0.2062E+00
       0.2062E+00
       0.2063E+00
       0.2056E+00
       0.2056E+00
       0.2056E+00
       0.2056E+00
       0.2055E+00
       0.2055E+00
       0.2054E+00
       0.2050E+00
       0.2049E+00
       0.2046E+00
       0.2044E+00
       0.2044E+00
       0.2047E+00
       0.2045E+00
       0.2042E+00
       0.2045E+00
       0.2045E+00
       0.2048E+00
       0.2048E+00
       0.2047E+00
       0.2045E+00
       0.2048E+00
       0.2050E+00
       0.2045E+00
       0.2047E+00
       0.2049E+00
       0.2047E+00
       0.2049E+00
       0.2050E+00
       0.2047E+00
       0.2047E+00
       0.2055E+00
       0.2051E+00
       0.2048E+00
       0.2050E+00
       0.2052E+00
       0.2048E+00
       0.2043E+00
       0.2041E+00
       0.2046E+00
       0.2050E+00
       0.2051E+00
       0.2054E+00
       0.2051E+00
       0.2049E+00
       0.2048E+00
       0.2051E+00
       0.2050E+00
       0.2050E+00
       0.2052E+00
       0.2049E+00
       0.2044E+00
       0.2044E+00
       0.2045E+00
       0.2045E+00
       0.2045E+00
       0.2046E+00
       0.2048E+00
       0.2047E+00
       0.2050E+00
       0.2049E+00
       0.2050E+00
       0.2050E+00
       0.2051E+00
       0.2059E+00
       0.2046E+00
       0.2049E+00
       0.2049E+00
       0.2047E+00
       0.2047E+00
       0.2048E+00
       0.2050E+00
       0.2051E+00
       0.2052E+00
       0.2054E+00
       0.2048E+00
       0.2044E+00
       0.2043E+00
       0.2046E+00
       0.2045E+00
       0.2044E+00
       0.2047E+00
       0.2047E+00
       0.2049E+00
       0.2045E+00
       0.2048E+00
       0.2047E+00
       0.2047E+00
       0.2041E+00
       0.2041E+00
       0.2042E+00
       0.2046E+00
       0.2044E+00
       0.2043E+00
       0.2039E+00
       0.2042E+00
       0.2034E+00
       0.2038E+00
       0.2036E+00
       0.2039E+00
       0.2038E+00
       0.2027E+00
       0.2030E+00
       0.2037E+00
       0.2035E+00
       0.2036E+00
       0.2035E+00
       0.2032E+00
       0.2031E+00
       0.2033E+00
       0.2036E+00
       0.2040E+00
       0.2043E+00
       0.2045E+00
       0.2048E+00
       0.2050E+00
       0.2050E+00
       0.2052E+00
       0.2045E+00
       0.2045E+00
       0.2047E+00
       0.2045E+00
       0.2047E+00
       0.2048E+00
       0.2047E+00
       0.2049E+00
       0.2047E+00
       0.2047E+00
       0.2047E+00
       0.2049E+00
       0.2052E+00
       0.2051E+00
       0.2050E+00
       0.2051E+00
       0.2047E+00
       0.2046E+00
       0.2046E+00
       0.2045E+00
       0.2045E+00
       0.2042E+00
       0.2041E+00
       0.2037E+00
       0.2039E+00
       0.2039E+00
       0.2037E+00
       0.2038E+00
       0.2035E+00
       0.2035E+00
       0.2036E+00
       0.2038E+00
       0.2038E+00
       0.2038E+00
       0.2037E+00
       0.2042E+00
       0.2044E+00
       0.2044E+00
       0.2041E+00
       0.2039E+00
       0.2041E+00
       0.2031E+00
       0.2030E+00
       0.2028E+00
       0.2029E+00
       0.2031E+00
       0.2033E+00
       0.2034E+00
       0.2030E+00
       0.2032E+00
       0.2031E+00
       0.2032E+00
       0.2028E+00
       0.2024E+00
       0.2023E+00
       0.2024E+00
       0.2034E+00
       0.2033E+00
       0.2033E+00
       0.2037E+00
       0.2034E+00
       0.2036E+00
       0.2032E+00
       0.2032E+00
       0.2030E+00
       0.2032E+00
       0.2029E+00
       0.2030E+00
       0.2038E+00
       0.2041E+00
       0.2034E+00
       0.2033E+00
       0.2036E+00
       0.2035E+00
       0.2036E+00
       0.2040E+00
       0.2042E+00
       0.2040E+00
       0.2037E+00
       0.2041E+00
       0.2040E+00
       0.2038E+00
       0.2040E+00
       0.2043E+00
       0.2042E+00
       0.2042E+00
       0.2042E+00
       0.2037E+00
       0.2034E+00
       0.2031E+00
       0.2031E+00
       0.2032E+00
       0.2026E+00
       0.2025E+00
       0.2024E+00
       0.2027E+00
       0.2028E+00
       0.2027E+00
       0.2026E+00
       0.2025E+00
       0.2026E+00
       0.2029E+00
       0.2016E+00
       0.2024E+00
       0.2021E+00
       0.2017E+00
       0.2019E+00
       0.2021E+00
       0.2020E+00
       0.2021E+00
       0.2024E+00
       0.2023E+00
       0.2023E+00
       0.2025E+00
       0.2024E+00
       0.2024E+00
       0.2031E+00
       0.2027E+00
       0.2031E+00
       0.2031E+00
       0.2030E+00
       0.2027E+00
       0.2027E+00
       0.2034E+00
       0.2036E+00
       0.2035E+00
       0.2035E+00
       0.2034E+00
       0.2037E+00
       0.2039E+00
       0.2042E+00
       0.2042E+00
       0.2041E+00
       0.2038E+00
       0.2038E+00
       0.2038E+00
       0.2038E+00
       0.2037E+00
       0.2039E+00
       0.2039E+00
       0.2038E+00
       0.2039E+00
       0.2038E+00
       0.2039E+00
       0.2038E+00
       0.2039E+00
       0.2036E+00
       0.2033E+00
       0.2030E+00
       0.2032E+00
       0.2030E+00
       0.2028E+00
       0.2027E+00
       0.2025E+00
       0.2027E+00
       0.2026E+00
       0.2026E+00
       0.2029E+00
       0.2029E+00
       0.2033E+00
       0.2030E+00
       0.2030E+00
       0.2035E+00
       0.2037E+00
       0.2037E+00
       0.2041E+00
       0.2044E+00
       0.2047E+00
       0.2048E+00
       0.2046E+00
       0.2037E+00
       0.2040E+00
       0.2037E+00
       0.2039E+00
       0.2032E+00
       0.2034E+00
       0.2035E+00
       0.2036E+00
       0.2029E+00
       0.2029E+00
       0.2027E+00
       0.2025E+00
       0.2027E+00
       0.2025E+00
       0.2025E+00
       0.2034E+00
       0.2034E+00
       0.2038E+00
       0.2036E+00
       0.2035E+00
       0.2035E+00
       0.2032E+00
       0.2031E+00
       0.2036E+00
       0.2039E+00
       0.2042E+00
       0.2043E+00
       0.2045E+00
       0.2046E+00
       0.2046E+00
       0.2040E+00
       0.2039E+00
       0.2040E+00
       0.2044E+00
       0.2045E+00
       0.2042E+00
       0.2041E+00
       0.2041E+00
       0.2042E+00
       0.2040E+00
       0.2043E+00
       0.2043E+00
       0.2042E+00
       0.2041E+00
       0.2044E+00
       0.2042E+00
       0.2044E+00
       0.2042E+00
       0.2045E+00
       0.2043E+00
       0.2044E+00
       0.2045E+00
       0.2045E+00
       0.2045E+00
       0.2043E+00
       0.2045E+00
       0.2044E+00
       0.2040E+00
       0.2039E+00
       0.2038E+00
       0.2036E+00
       0.2035E+00
       0.2033E+00
       0.2029E+00
       0.2038E+00
       0.2047E+00
       0.2046E+00
       0.2047E+00
       0.2049E+00
       0.2052E+00
       0.2053E+00
       0.2048E+00
       0.2051E+00
       0.2053E+00
       0.2057E+00
       0.2058E+00
       0.2054E+00
       0.2054E+00
       0.2054E+00
       0.2058E+00
       0.2055E+00
       0.2052E+00
       0.2051E+00
       0.2055E+00
       0.2054E+00
       0.2056E+00
       0.2056E+00
       0.2055E+00
       0.2050E+00
       0.2050E+00
       0.2049E+00
       0.2044E+00
       0.2044E+00
       0.2042E+00
       0.2043E+00
       0.2042E+00
       0.2042E+00
       0.2039E+00
       0.2043E+00
       0.2042E+00
       0.2040E+00
       0.2040E+00
       0.2037E+00
       0.2039E+00
       0.2039E+00
       0.2040E+00
       0.2041E+00
       0.2042E+00
       0.2040E+00
       0.2038E+00
       0.2031E+00
       0.2032E+00
       0.2027E+00
       0.2029E+00
       0.2028E+00
       0.2026E+00
       0.2027E+00
       0.2025E+00
       0.2024E+00
       0.2025E+00
       0.2028E+00
       0.2027E+00
       0.2030E+00
       0.2029E+00
       0.2028E+00
       0.2027E+00
       0.2025E+00
       0.2022E+00
       0.2021E+00
       0.2024E+00
       0.2027E+00
       0.2026E+00
       0.2028E+00
       0.2029E+00
       0.2032E+00
       0.2031E+00
       0.2031E+00
       0.2033E+00
       0.2033E+00
       0.2032E+00
       0.2033E+00
       0.2034E+00
       0.2030E+00
       0.2029E+00
       0.2027E+00
       0.2026E+00
       0.2027E+00
       0.2028E+00
       0.2034E+00
       0.2037E+00
       0.2033E+00
       0.2036E+00
       0.2035E+00
       0.2036E+00
       0.2039E+00
       0.2042E+00
       0.2046E+00
       0.2041E+00
       0.2040E+00
       0.2042E+00
       0.2040E+00
       0.2039E+00
       0.2040E+00
       0.2039E+00
       0.2041E+00
       0.2043E+00
       0.2034E+00
       0.2038E+00
       0.2040E+00
       0.2042E+00
       0.2044E+00
       0.2046E+00
       0.2046E+00
       0.2045E+00
       0.2044E+00
       0.2044E+00
       0.2044E+00
       0.2044E+00
       0.2044E+00
       0.2048E+00
       0.2049E+00
       0.2049E+00
       0.2053E+00
       0.2053E+00
       0.2054E+00
       0.2056E+00
       0.2058E+00
       0.2056E+00
       0.2055E+00
       0.2056E+00
       0.2055E+00
       0.2056E+00
       0.2051E+00
       0.2054E+00
       0.2055E+00
       0.2060E+00
       0.2060E+00
       0.2061E+00
       0.2055E+00
       0.2058E+00
       0.2056E+00
       0.2054E+00
       0.2052E+00
       0.2052E+00
       0.2052E+00
       0.2057E+00
       0.2056E+00
       0.2055E+00
       0.2056E+00
       0.2057E+00
       0.2058E+00
       0.2058E+00
       0.2055E+00
       0.2060E+00
       0.2056E+00
       0.2051E+00
       0.2056E+00
       0.2053E+00
       0.2052E+00
       0.2050E+00
       0.2051E+00
       0.2049E+00
       0.2047E+00
       0.2043E+00
       0.2040E+00
       0.2046E+00
       0.2048E+00
       0.2051E+00
       0.2053E+00
       0.2054E+00
       0.2052E+00
       0.2050E+00
       0.2050E+00
       0.2051E+00
       0.2051E+00
       0.2050E+00
       0.2052E+00
       0.2055E+00
       0.2055E+00
       0.2055E+00
       0.2050E+00
       0.2057E+00
       0.2053E+00
       0.2054E+00
       0.2054E+00
       0.2052E+00
       0.2047E+00
       0.2047E+00
       0.2047E+00
       0.2043E+00
       0.2043E+00
       0.2043E+00
       0.2052E+00
       0.2044E+00
       0.2039E+00
       0.2041E+00
       0.2042E+00
       0.2043E+00
       0.2043E+00
       0.2042E+00
       0.2038E+00
       0.2042E+00
       0.2042E+00
       0.2043E+00
       0.2045E+00
       0.2047E+00
       0.2048E+00
       0.2052E+00
       0.2049E+00
       0.2053E+00
       0.2062E+00
       0.2059E+00
       0.2060E+00
       0.2060E+00
       0.2059E+00
       0.2059E+00
       0.2061E+00
       0.2062E+00
       0.2061E+00
       0.2060E+00
       0.2059E+00
       0.2056E+00
       0.2054E+00
       0.2055E+00
       0.2056E+00
       0.2058E+00
       0.2060E+00
       0.2061E+00
       0.2064E+00
       0.2062E+00
       0.2062E+00
       0.2061E+00
       0.2064E+00
       0.2064E+00
       0.2059E+00
       0.2062E+00
       0.2061E+00
       0.2060E+00
       0.2059E+00
       0.2063E+00
       0.2067E+00
       0.2066E+00
       0.2067E+00
       0.2067E+00
       0.2065E+00
       0.2065E+00
       0.2066E+00
       0.2068E+00
       0.2069E+00
       0.2067E+00
       0.2065E+00
       0.2067E+00
       0.2068E+00
       0.2064E+00
       0.2059E+00
       0.2058E+00
       0.2060E+00
       0.2059E+00
       0.2059E+00
       0.2059E+00
       0.2060E+00
       0.2060E+00
       0.2061E+00
       0.2063E+00
       0.2063E+00
       0.2063E+00
       0.2064E+00
       0.2064E+00
       0.2065E+00
       0.2067E+00
       0.2066E+00
       0.2064E+00
       0.2066E+00
       0.2063E+00
       0.2062E+00
       0.2057E+00
       0.2054E+00
       0.2055E+00
       0.2056E+00
       0.2058E+00
       0.2058E+00
       0.2058E+00
       0.2058E+00
       0.2058E+00
       0.2055E+00
       0.2055E+00
       0.2058E+00
       0.2056E+00
       0.2052E+00
       0.2048E+00
       0.2049E+00
       0.2052E+00
       0.2052E+00
       0.2057E+00
       0.2057E+00
       0.2053E+00
       0.2053E+00
       0.2050E+00
       0.2051E+00
       0.2052E+00
       0.2053E+00
       0.2051E+00
       0.2050E+00
       0.2046E+00
       0.2046E+00
       0.2044E+00
       0.2042E+00
       0.2035E+00
       0.2036E+00
       0.2036E+00
       0.2035E+00
       0.2035E+00
       0.2035E+00
       0.2038E+00
       0.2037E+00
       0.2037E+00
       0.2032E+00
       0.2030E+00
       0.2030E+00
       0.2025E+00
       0.2029E+00
       0.2033E+00
       0.2030E+00
       0.2029E+00
       0.2031E+00
       0.2033E+00
       0.2036E+00
       0.2032E+00
       0.2032E+00
       0.2032E+00
       0.2036E+00
       0.2036E+00
       0.2032E+00
       0.2032E+00
       0.2034E+00
       0.2029E+00
       0.2028E+00
       0.2023E+00
       0.2024E+00
       0.2026E+00
       0.2023E+00
       0.2023E+00
       0.2023E+00
       0.2020E+00
       0.2018E+00
       0.2019E+00
       0.2019E+00
       0.2016E+00
       0.2015E+00
       0.2021E+00
       0.2020E+00
       0.2018E+00
       0.2017E+00
       0.2015E+00
       0.2013E+00
       0.2015E+00
       0.2017E+00
       0.2015E+00
       0.2015E+00
       0.2017E+00
       0.2010E+00
       0.2009E+00
       0.2016E+00
       0.2018E+00
       0.2018E+00
       0.2023E+00
       0.2018E+00
       0.2019E+00
       0.2019E+00
       0.2015E+00
       0.2013E+00
       0.2013E+00
       0.2016E+00
       0.2017E+00
       0.2017E+00
       0.2018E+00
       0.2020E+00
       0.2023E+00
       0.2030E+00
       0.2032E+00
       0.2031E+00
       0.2024E+00
       0.2014E+00
       0.2013E+00
       0.2009E+00
       0.2007E+00
       0.2005E+00
       0.2008E+00
       0.2004E+00
       0.2007E+00
       0.2010E+00
       0.2015E+00
       0.2014E+00
       0.2013E+00
       0.2015E+00
       0.2023E+00
       0.2026E+00
       0.2023E+00
       0.2023E+00
       0.2026E+00
       0.2027E+00
       0.2027E+00
       0.2024E+00
       0.2029E+00
       0.2027E+00
       0.2030E+00
