3.833333333333334703e-01
4.166666666666665186e-01
4.333333333333334592e-01
5.666666666666649865e-01
3.833333333333334703e-01
5.333333333333349913e-01
6.500000000000000222e-01
6.166666666666650309e-01
6.166666666666650309e-01
6.833333333333350135e-01
5.666666666666649865e-01
6.833333333333350135e-01
6.166666666666650309e-01
6.500000000000000222e-01
6.666666666666650753e-01
6.999999999999999556e-01
6.333333333333349691e-01
8.166666666666649865e-01
6.666666666666650753e-01
6.833333333333350135e-01
7.166666666666650087e-01
6.666666666666650753e-01
6.666666666666650753e-01
6.500000000000000222e-01
7.833333333333349913e-01
7.833333333333349913e-01
6.666666666666650753e-01
8.333333333333349247e-01
8.833333333333349691e-01
7.833333333333349913e-01
6.666666666666650753e-01
7.333333333333349469e-01
7.833333333333349913e-01
7.833333333333349913e-01
7.833333333333349913e-01
8.166666666666649865e-01
8.333333333333349247e-01
8.333333333333349247e-01
8.166666666666649865e-01
7.833333333333349913e-01
7.666666666666650531e-01
8.499999999999999778e-01
7.333333333333349469e-01
7.833333333333349913e-01
8.166666666666649865e-01
8.499999999999999778e-01
8.666666666666650309e-01
8.333333333333349247e-01
8.666666666666650309e-01
8.333333333333349247e-01
8.000000000000000444e-01
8.833333333333349691e-01
8.333333333333349247e-01
8.333333333333349247e-01
8.166666666666649865e-01
8.499999999999999778e-01
8.166666666666649865e-01
8.833333333333349691e-01
8.333333333333349247e-01
8.666666666666650309e-01
8.333333333333349247e-01
8.166666666666649865e-01
8.499999999999999778e-01
8.333333333333349247e-01
8.666666666666650309e-01
8.499999999999999778e-01
7.500000000000000000e-01
7.666666666666650531e-01
9.000000000000000222e-01
8.166666666666649865e-01
8.833333333333349691e-01
8.499999999999999778e-01
7.666666666666650531e-01
8.333333333333349247e-01
8.666666666666650309e-01
8.333333333333349247e-01
8.666666666666650309e-01
9.166666666666650753e-01
8.666666666666650309e-01
8.499999999999999778e-01
9.000000000000000222e-01
8.333333333333349247e-01
8.499999999999999778e-01
8.666666666666650309e-01
8.333333333333349247e-01
7.833333333333349913e-01
8.166666666666649865e-01
7.833333333333349913e-01
8.833333333333349691e-01
8.833333333333349691e-01
8.666666666666650309e-01
8.833333333333349691e-01
8.499999999999999778e-01
8.499999999999999778e-01
8.666666666666650309e-01
8.499999999999999778e-01
7.833333333333349913e-01
8.333333333333349247e-01
8.499999999999999778e-01
8.833333333333349691e-01
8.499999999999999778e-01
8.666666666666650309e-01
8.000000000000000444e-01
7.833333333333349913e-01
8.333333333333349247e-01
8.833333333333349691e-01
8.666666666666650309e-01
9.333333333333350135e-01
8.833333333333349691e-01
8.833333333333349691e-01
9.000000000000000222e-01
9.333333333333350135e-01
8.666666666666650309e-01
8.499999999999999778e-01
8.000000000000000444e-01
8.666666666666650309e-01
8.499999999999999778e-01
9.000000000000000222e-01
8.166666666666649865e-01
8.666666666666650309e-01
9.000000000000000222e-01
9.000000000000000222e-01
7.833333333333349913e-01
8.333333333333349247e-01
8.166666666666649865e-01
8.833333333333349691e-01
9.000000000000000222e-01
8.166666666666649865e-01
8.333333333333349247e-01
8.166666666666649865e-01
9.000000000000000222e-01
9.000000000000000222e-01
9.333333333333350135e-01
8.499999999999999778e-01
8.499999999999999778e-01
8.666666666666650309e-01
8.833333333333349691e-01
8.333333333333349247e-01
8.499999999999999778e-01
8.666666666666650309e-01
9.000000000000000222e-01
9.166666666666650753e-01
8.833333333333349691e-01
8.333333333333349247e-01
8.333333333333349247e-01
8.499999999999999778e-01
8.499999999999999778e-01
8.499999999999999778e-01
8.333333333333349247e-01
8.666666666666650309e-01
8.666666666666650309e-01
8.166666666666649865e-01
8.833333333333349691e-01
8.833333333333349691e-01
8.666666666666650309e-01
8.166666666666649865e-01
8.666666666666650309e-01
8.000000000000000444e-01
8.833333333333349691e-01
8.333333333333349247e-01
8.666666666666650309e-01
8.666666666666650309e-01
8.499999999999999778e-01
8.499999999999999778e-01
8.166666666666649865e-01
8.833333333333349691e-01
8.833333333333349691e-01
8.833333333333349691e-01
8.666666666666650309e-01
8.166666666666649865e-01
8.000000000000000444e-01
8.833333333333349691e-01
9.000000000000000222e-01
8.666666666666650309e-01
8.166666666666649865e-01
8.000000000000000444e-01
9.000000000000000222e-01
8.499999999999999778e-01
9.000000000000000222e-01
8.333333333333349247e-01
8.333333333333349247e-01
8.333333333333349247e-01
9.000000000000000222e-01
8.166666666666649865e-01
8.499999999999999778e-01
8.499999999999999778e-01
8.499999999999999778e-01
8.499999999999999778e-01
8.166666666666649865e-01
8.833333333333349691e-01
8.499999999999999778e-01
9.333333333333350135e-01
8.333333333333349247e-01
9.000000000000000222e-01
8.333333333333349247e-01
8.333333333333349247e-01
8.166666666666649865e-01
8.833333333333349691e-01
8.499999999999999778e-01
8.333333333333349247e-01
8.833333333333349691e-01
8.666666666666650309e-01
8.833333333333349691e-01
8.666666666666650309e-01
8.833333333333349691e-01
8.499999999999999778e-01
8.666666666666650309e-01
8.333333333333349247e-01
8.666666666666650309e-01
9.166666666666650753e-01
8.666666666666650309e-01
8.166666666666649865e-01
8.666666666666650309e-01
9.000000000000000222e-01
8.499999999999999778e-01
9.000000000000000222e-01
8.666666666666650309e-01
9.000000000000000222e-01
9.000000000000000222e-01
8.333333333333349247e-01
9.166666666666650753e-01
8.333333333333349247e-01
8.666666666666650309e-01
9.000000000000000222e-01
9.000000000000000222e-01
8.166666666666649865e-01
8.499999999999999778e-01
8.499999999999999778e-01
9.166666666666650753e-01
8.000000000000000444e-01
8.499999999999999778e-01
8.666666666666650309e-01
9.000000000000000222e-01
8.499999999999999778e-01
9.000000000000000222e-01
8.666666666666650309e-01
8.333333333333349247e-01
9.166666666666650753e-01
8.499999999999999778e-01
8.666666666666650309e-01
8.833333333333349691e-01
9.000000000000000222e-01
9.000000000000000222e-01
8.833333333333349691e-01
8.499999999999999778e-01
8.499999999999999778e-01
8.833333333333349691e-01
8.833333333333349691e-01
8.499999999999999778e-01
8.333333333333349247e-01
8.833333333333349691e-01
8.666666666666650309e-01
8.499999999999999778e-01
9.000000000000000222e-01
9.000000000000000222e-01
8.333333333333349247e-01
8.833333333333349691e-01
8.333333333333349247e-01
8.666666666666650309e-01
8.833333333333349691e-01
9.333333333333350135e-01
8.666666666666650309e-01
8.833333333333349691e-01
9.000000000000000222e-01
8.833333333333349691e-01
8.833333333333349691e-01
9.166666666666650753e-01
8.499999999999999778e-01
8.333333333333349247e-01
8.666666666666650309e-01
9.000000000000000222e-01
8.166666666666649865e-01
8.666666666666650309e-01
9.000000000000000222e-01
9.000000000000000222e-01
9.000000000000000222e-01
8.666666666666650309e-01
8.166666666666649865e-01
8.499999999999999778e-01
8.499999999999999778e-01
8.333333333333349247e-01
9.000000000000000222e-01
8.166666666666649865e-01
9.000000000000000222e-01
8.666666666666650309e-01
8.333333333333349247e-01
8.499999999999999778e-01
8.333333333333349247e-01
9.333333333333350135e-01
9.000000000000000222e-01
8.833333333333349691e-01
9.000000000000000222e-01
9.000000000000000222e-01
9.000000000000000222e-01
8.833333333333349691e-01
9.000000000000000222e-01
8.833333333333349691e-01
9.166666666666650753e-01
8.666666666666650309e-01
9.166666666666650753e-01
8.833333333333349691e-01
9.000000000000000222e-01
9.000000000000000222e-01
9.000000000000000222e-01
8.499999999999999778e-01
8.333333333333349247e-01
8.833333333333349691e-01
8.833333333333349691e-01
9.333333333333350135e-01
8.833333333333349691e-01
8.833333333333349691e-01
8.666666666666650309e-01
9.166666666666650753e-01
8.333333333333349247e-01
8.666666666666650309e-01
8.833333333333349691e-01
8.666666666666650309e-01
8.333333333333349247e-01
9.166666666666650753e-01
8.499999999999999778e-01
9.166666666666650753e-01
9.000000000000000222e-01
8.833333333333349691e-01
8.666666666666650309e-01
8.333333333333349247e-01
8.833333333333349691e-01
8.666666666666650309e-01
8.666666666666650309e-01
8.833333333333349691e-01
9.499999999999999556e-01
8.499999999999999778e-01
9.000000000000000222e-01
8.499999999999999778e-01
8.499999999999999778e-01
8.666666666666650309e-01
9.166666666666650753e-01
8.666666666666650309e-01
9.000000000000000222e-01
9.000000000000000222e-01
8.666666666666650309e-01
8.000000000000000444e-01
8.166666666666649865e-01
8.666666666666650309e-01
9.499999999999999556e-01
8.666666666666650309e-01
8.000000000000000444e-01
9.166666666666650753e-01
8.499999999999999778e-01
8.666666666666650309e-01
8.499999999999999778e-01
8.666666666666650309e-01
8.499999999999999778e-01
9.166666666666650753e-01
9.000000000000000222e-01
8.833333333333349691e-01
8.666666666666650309e-01
9.166666666666650753e-01
9.000000000000000222e-01
9.333333333333350135e-01
8.499999999999999778e-01
8.666666666666650309e-01
9.166666666666650753e-01
8.333333333333349247e-01
8.833333333333349691e-01
8.499999999999999778e-01
8.333333333333349247e-01
8.333333333333349247e-01
8.666666666666650309e-01
8.833333333333349691e-01
8.000000000000000444e-01
8.666666666666650309e-01
8.833333333333349691e-01
8.666666666666650309e-01
8.499999999999999778e-01
8.333333333333349247e-01
9.666666666666650087e-01
9.000000000000000222e-01
8.499999999999999778e-01
9.166666666666650753e-01
8.666666666666650309e-01
8.666666666666650309e-01
8.833333333333349691e-01
8.499999999999999778e-01
8.833333333333349691e-01
8.666666666666650309e-01
9.166666666666650753e-01
8.166666666666649865e-01
8.833333333333349691e-01
8.666666666666650309e-01
8.666666666666650309e-01
8.166666666666649865e-01
9.166666666666650753e-01
8.666666666666650309e-01
9.000000000000000222e-01
8.666666666666650309e-01
8.499999999999999778e-01
8.833333333333349691e-01
8.499999999999999778e-01
9.000000000000000222e-01
9.000000000000000222e-01
9.333333333333350135e-01
8.833333333333349691e-01
8.833333333333349691e-01
8.833333333333349691e-01
8.333333333333349247e-01
8.499999999999999778e-01
8.000000000000000444e-01
8.666666666666650309e-01
9.333333333333350135e-01
9.000000000000000222e-01
9.166666666666650753e-01
8.666666666666650309e-01
9.000000000000000222e-01
8.333333333333349247e-01
8.499999999999999778e-01
8.666666666666650309e-01
8.666666666666650309e-01
8.000000000000000444e-01
9.166666666666650753e-01
9.166666666666650753e-01
8.833333333333349691e-01
8.499999999999999778e-01
9.166666666666650753e-01
9.333333333333350135e-01
9.000000000000000222e-01
8.499999999999999778e-01
9.000000000000000222e-01
8.499999999999999778e-01
8.666666666666650309e-01
8.833333333333349691e-01
8.666666666666650309e-01
8.666666666666650309e-01
9.000000000000000222e-01
8.499999999999999778e-01
8.833333333333349691e-01
8.333333333333349247e-01
9.000000000000000222e-01
9.666666666666650087e-01
8.833333333333349691e-01
9.000000000000000222e-01
8.333333333333349247e-01
8.833333333333349691e-01
8.833333333333349691e-01
8.499999999999999778e-01
8.333333333333349247e-01
8.666666666666650309e-01
9.000000000000000222e-01
8.666666666666650309e-01
8.833333333333349691e-01
9.499999999999999556e-01
9.166666666666650753e-01
8.333333333333349247e-01
8.666666666666650309e-01
9.000000000000000222e-01
8.000000000000000444e-01
9.000000000000000222e-01
9.166666666666650753e-01
8.333333333333349247e-01
9.166666666666650753e-01
8.833333333333349691e-01
8.833333333333349691e-01
8.833333333333349691e-01
8.499999999999999778e-01
8.833333333333349691e-01
8.833333333333349691e-01
9.333333333333350135e-01
9.000000000000000222e-01
9.166666666666650753e-01
8.833333333333349691e-01
9.000000000000000222e-01
8.333333333333349247e-01
8.833333333333349691e-01
9.000000000000000222e-01
9.166666666666650753e-01
8.833333333333349691e-01
9.000000000000000222e-01
8.333333333333349247e-01
8.666666666666650309e-01
8.666666666666650309e-01
8.833333333333349691e-01
8.666666666666650309e-01
8.166666666666649865e-01
9.333333333333350135e-01
9.166666666666650753e-01
8.833333333333349691e-01
9.166666666666650753e-01
8.666666666666650309e-01
8.000000000000000444e-01
8.499999999999999778e-01
8.666666666666650309e-01
8.333333333333349247e-01
8.166666666666649865e-01
9.000000000000000222e-01
8.499999999999999778e-01
8.833333333333349691e-01
9.000000000000000222e-01
9.000000000000000222e-01
8.666666666666650309e-01
8.000000000000000444e-01
8.166666666666649865e-01
9.000000000000000222e-01
9.000000000000000222e-01
9.166666666666650753e-01
8.333333333333349247e-01
9.333333333333350135e-01
8.499999999999999778e-01
8.833333333333349691e-01
9.166666666666650753e-01
8.666666666666650309e-01
9.166666666666650753e-01
9.000000000000000222e-01
9.000000000000000222e-01
8.666666666666650309e-01
8.333333333333349247e-01
9.166666666666650753e-01
9.166666666666650753e-01
8.666666666666650309e-01
8.666666666666650309e-01
8.333333333333349247e-01
9.000000000000000222e-01
8.666666666666650309e-01
8.833333333333349691e-01
8.499999999999999778e-01
9.166666666666650753e-01
8.833333333333349691e-01
9.499999999999999556e-01
8.666666666666650309e-01
8.000000000000000444e-01
9.166666666666650753e-01
9.166666666666650753e-01
8.833333333333349691e-01
8.666666666666650309e-01
9.000000000000000222e-01
9.166666666666650753e-01
8.833333333333349691e-01
8.333333333333349247e-01
8.333333333333349247e-01
9.000000000000000222e-01
8.833333333333349691e-01
9.166666666666650753e-01
8.833333333333349691e-01
8.499999999999999778e-01
8.666666666666650309e-01
8.499999999999999778e-01
8.499999999999999778e-01
8.833333333333349691e-01
9.333333333333350135e-01
8.333333333333349247e-01
9.166666666666650753e-01
8.833333333333349691e-01
8.833333333333349691e-01
8.666666666666650309e-01
9.333333333333350135e-01
8.833333333333349691e-01
8.666666666666650309e-01
9.000000000000000222e-01
9.000000000000000222e-01
8.833333333333349691e-01
8.666666666666650309e-01
8.666666666666650309e-01
8.333333333333349247e-01
8.499999999999999778e-01
8.666666666666650309e-01
8.166666666666649865e-01
8.833333333333349691e-01
8.666666666666650309e-01
9.000000000000000222e-01
9.000000000000000222e-01
9.166666666666650753e-01
8.666666666666650309e-01
9.166666666666650753e-01
8.666666666666650309e-01
9.000000000000000222e-01
9.333333333333350135e-01
8.499999999999999778e-01
8.333333333333349247e-01
8.499999999999999778e-01
9.000000000000000222e-01
8.666666666666650309e-01
9.000000000000000222e-01
8.499999999999999778e-01
9.333333333333350135e-01
9.166666666666650753e-01
8.333333333333349247e-01
9.333333333333350135e-01
8.666666666666650309e-01
9.000000000000000222e-01
8.333333333333349247e-01
9.000000000000000222e-01
9.000000000000000222e-01
8.000000000000000444e-01
8.833333333333349691e-01
8.833333333333349691e-01
8.333333333333349247e-01
9.000000000000000222e-01
8.833333333333349691e-01
9.000000000000000222e-01
8.833333333333349691e-01
8.833333333333349691e-01
8.833333333333349691e-01
8.666666666666650309e-01
8.666666666666650309e-01
8.666666666666650309e-01
8.333333333333349247e-01
9.166666666666650753e-01
8.666666666666650309e-01
8.833333333333349691e-01
8.666666666666650309e-01
8.833333333333349691e-01
9.166666666666650753e-01
9.166666666666650753e-01
8.833333333333349691e-01
9.333333333333350135e-01
9.000000000000000222e-01
9.333333333333350135e-01
8.166666666666649865e-01
8.666666666666650309e-01
8.666666666666650309e-01
9.000000000000000222e-01
9.000000000000000222e-01
8.833333333333349691e-01
8.499999999999999778e-01
9.000000000000000222e-01
8.666666666666650309e-01
8.666666666666650309e-01
8.666666666666650309e-01
9.000000000000000222e-01
8.833333333333349691e-01
8.833333333333349691e-01
9.166666666666650753e-01
9.000000000000000222e-01
9.000000000000000222e-01
9.000000000000000222e-01
8.499999999999999778e-01
8.499999999999999778e-01
8.333333333333349247e-01
8.166666666666649865e-01
9.333333333333350135e-01
8.833333333333349691e-01
9.333333333333350135e-01
8.833333333333349691e-01
8.666666666666650309e-01
9.000000000000000222e-01
9.000000000000000222e-01
8.833333333333349691e-01
8.833333333333349691e-01
8.833333333333349691e-01
8.499999999999999778e-01
8.833333333333349691e-01
8.499999999999999778e-01
8.833333333333349691e-01
9.333333333333350135e-01
8.666666666666650309e-01
9.000000000000000222e-01
8.833333333333349691e-01
9.000000000000000222e-01
8.833333333333349691e-01
8.499999999999999778e-01
9.000000000000000222e-01
9.333333333333350135e-01
9.166666666666650753e-01
8.833333333333349691e-01
9.000000000000000222e-01
9.166666666666650753e-01
8.333333333333349247e-01
8.833333333333349691e-01
8.499999999999999778e-01
8.833333333333349691e-01
9.000000000000000222e-01
9.000000000000000222e-01
8.666666666666650309e-01
8.833333333333349691e-01
9.000000000000000222e-01
9.166666666666650753e-01
9.000000000000000222e-01
9.000000000000000222e-01
8.666666666666650309e-01
8.833333333333349691e-01
9.499999999999999556e-01
8.833333333333349691e-01
9.000000000000000222e-01
8.499999999999999778e-01
9.000000000000000222e-01
8.666666666666650309e-01
9.166666666666650753e-01
9.166666666666650753e-01
8.833333333333349691e-01
8.833333333333349691e-01
8.499999999999999778e-01
9.000000000000000222e-01
8.499999999999999778e-01
9.166666666666650753e-01
9.166666666666650753e-01
9.166666666666650753e-01
9.333333333333350135e-01
8.666666666666650309e-01
8.666666666666650309e-01
8.166666666666649865e-01
9.166666666666650753e-01
8.499999999999999778e-01
8.666666666666650309e-01
8.833333333333349691e-01
8.833333333333349691e-01
8.499999999999999778e-01
9.000000000000000222e-01
8.666666666666650309e-01
8.833333333333349691e-01
8.666666666666650309e-01
9.166666666666650753e-01
8.833333333333349691e-01
8.333333333333349247e-01
9.166666666666650753e-01
9.499999999999999556e-01
8.499999999999999778e-01
8.833333333333349691e-01
9.166666666666650753e-01
8.666666666666650309e-01
9.000000000000000222e-01
8.333333333333349247e-01
8.833333333333349691e-01
9.000000000000000222e-01
9.333333333333350135e-01
8.833333333333349691e-01
8.666666666666650309e-01
8.666666666666650309e-01
8.666666666666650309e-01
8.833333333333349691e-01
8.499999999999999778e-01
9.000000000000000222e-01
8.666666666666650309e-01
8.499999999999999778e-01
9.000000000000000222e-01
8.499999999999999778e-01
9.000000000000000222e-01
9.166666666666650753e-01
9.000000000000000222e-01
8.666666666666650309e-01
8.666666666666650309e-01
8.333333333333349247e-01
8.166666666666649865e-01
9.000000000000000222e-01
9.166666666666650753e-01
8.499999999999999778e-01
9.666666666666650087e-01
9.166666666666650753e-01
8.666666666666650309e-01
8.499999999999999778e-01
8.833333333333349691e-01
8.833333333333349691e-01
8.666666666666650309e-01
9.166666666666650753e-01
8.333333333333349247e-01
9.166666666666650753e-01
8.666666666666650309e-01
9.166666666666650753e-01
8.499999999999999778e-01
9.166666666666650753e-01
8.666666666666650309e-01
8.833333333333349691e-01
8.499999999999999778e-01
8.666666666666650309e-01
9.166666666666650753e-01
8.666666666666650309e-01
9.000000000000000222e-01
8.833333333333349691e-01
8.833333333333349691e-01
8.833333333333349691e-01
9.166666666666650753e-01
8.499999999999999778e-01
8.333333333333349247e-01
8.166666666666649865e-01
9.499999999999999556e-01
9.000000000000000222e-01
8.833333333333349691e-01
8.166666666666649865e-01
8.499999999999999778e-01
8.833333333333349691e-01
9.166666666666650753e-01
9.166666666666650753e-01
9.000000000000000222e-01
8.833333333333349691e-01
9.166666666666650753e-01
8.166666666666649865e-01
8.166666666666649865e-01
8.666666666666650309e-01
9.499999999999999556e-01
9.333333333333350135e-01
8.666666666666650309e-01
8.833333333333349691e-01
9.166666666666650753e-01
9.000000000000000222e-01
8.833333333333349691e-01
8.666666666666650309e-01
8.333333333333349247e-01
9.000000000000000222e-01
9.166666666666650753e-01
8.333333333333349247e-01
9.000000000000000222e-01
8.666666666666650309e-01
8.666666666666650309e-01
9.333333333333350135e-01
9.166666666666650753e-01
8.666666666666650309e-01
8.833333333333349691e-01
9.000000000000000222e-01
8.499999999999999778e-01
9.166666666666650753e-01
8.833333333333349691e-01
8.833333333333349691e-01
9.000000000000000222e-01
9.000000000000000222e-01
9.000000000000000222e-01
8.333333333333349247e-01
8.833333333333349691e-01
9.166666666666650753e-01
8.499999999999999778e-01
9.166666666666650753e-01
9.333333333333350135e-01
9.833333333333349469e-01
8.499999999999999778e-01
8.833333333333349691e-01
9.000000000000000222e-01
9.000000000000000222e-01
9.000000000000000222e-01
9.000000000000000222e-01
9.166666666666650753e-01
8.499999999999999778e-01
9.166666666666650753e-01
8.666666666666650309e-01
8.499999999999999778e-01
8.166666666666649865e-01
9.000000000000000222e-01
9.333333333333350135e-01
8.833333333333349691e-01
8.333333333333349247e-01
9.166666666666650753e-01
9.166666666666650753e-01
9.333333333333350135e-01
9.000000000000000222e-01
8.833333333333349691e-01
8.833333333333349691e-01
9.000000000000000222e-01
9.333333333333350135e-01
9.000000000000000222e-01
8.666666666666650309e-01
8.666666666666650309e-01
8.666666666666650309e-01
8.499999999999999778e-01
8.666666666666650309e-01
9.000000000000000222e-01
9.166666666666650753e-01
8.833333333333349691e-01
8.833333333333349691e-01
8.833333333333349691e-01
9.000000000000000222e-01
8.666666666666650309e-01
8.333333333333349247e-01
9.166666666666650753e-01
8.666666666666650309e-01
8.833333333333349691e-01
8.833333333333349691e-01
8.833333333333349691e-01
9.333333333333350135e-01
8.833333333333349691e-01
9.166666666666650753e-01
9.333333333333350135e-01
8.833333333333349691e-01
8.833333333333349691e-01
8.833333333333349691e-01
8.333333333333349247e-01
9.333333333333350135e-01
9.333333333333350135e-01
9.000000000000000222e-01
8.666666666666650309e-01
9.333333333333350135e-01
9.166666666666650753e-01
8.666666666666650309e-01
8.666666666666650309e-01
9.000000000000000222e-01
8.833333333333349691e-01
9.499999999999999556e-01
9.166666666666650753e-01
9.000000000000000222e-01
9.000000000000000222e-01
9.166666666666650753e-01
8.833333333333349691e-01
8.666666666666650309e-01
8.833333333333349691e-01
9.000000000000000222e-01
9.000000000000000222e-01
9.166666666666650753e-01
8.666666666666650309e-01
8.833333333333349691e-01
8.499999999999999778e-01
9.166666666666650753e-01
8.666666666666650309e-01
9.166666666666650753e-01
8.833333333333349691e-01
9.499999999999999556e-01
8.499999999999999778e-01
9.000000000000000222e-01
8.833333333333349691e-01
8.666666666666650309e-01
8.499999999999999778e-01
8.833333333333349691e-01
8.833333333333349691e-01
8.833333333333349691e-01
9.166666666666650753e-01
9.166666666666650753e-01
9.166666666666650753e-01
8.833333333333349691e-01
9.166666666666650753e-01
9.333333333333350135e-01
9.333333333333350135e-01
9.000000000000000222e-01
8.666666666666650309e-01
8.333333333333349247e-01
8.666666666666650309e-01
8.666666666666650309e-01
9.166666666666650753e-01
8.499999999999999778e-01
9.333333333333350135e-01
8.666666666666650309e-01
9.166666666666650753e-01
8.833333333333349691e-01
9.000000000000000222e-01
9.166666666666650753e-01
9.166666666666650753e-01
9.000000000000000222e-01
8.166666666666649865e-01
9.333333333333350135e-01
9.000000000000000222e-01
9.000000000000000222e-01
8.666666666666650309e-01
8.499999999999999778e-01
9.000000000000000222e-01
8.666666666666650309e-01
9.333333333333350135e-01
9.000000000000000222e-01
9.000000000000000222e-01
9.000000000000000222e-01
8.833333333333349691e-01
9.000000000000000222e-01
9.333333333333350135e-01
9.000000000000000222e-01
8.666666666666650309e-01
9.333333333333350135e-01
9.000000000000000222e-01
8.833333333333349691e-01
9.000000000000000222e-01
8.499999999999999778e-01
8.666666666666650309e-01
9.166666666666650753e-01
9.333333333333350135e-01
9.333333333333350135e-01
9.333333333333350135e-01
8.833333333333349691e-01
9.166666666666650753e-01
8.666666666666650309e-01
8.499999999999999778e-01
8.833333333333349691e-01
8.666666666666650309e-01
9.166666666666650753e-01
8.666666666666650309e-01
9.000000000000000222e-01
9.000000000000000222e-01
8.666666666666650309e-01
9.499999999999999556e-01
9.000000000000000222e-01
8.833333333333349691e-01
8.833333333333349691e-01
8.833333333333349691e-01
8.666666666666650309e-01
8.833333333333349691e-01
8.833333333333349691e-01
8.499999999999999778e-01
9.000000000000000222e-01
8.333333333333349247e-01
8.666666666666650309e-01
8.666666666666650309e-01
9.499999999999999556e-01
9.000000000000000222e-01
9.000000000000000222e-01
8.833333333333349691e-01
9.166666666666650753e-01
9.333333333333350135e-01
8.833333333333349691e-01
8.833333333333349691e-01
9.166666666666650753e-01
9.000000000000000222e-01
9.166666666666650753e-01
9.000000000000000222e-01
9.333333333333350135e-01
8.833333333333349691e-01
9.166666666666650753e-01
9.166666666666650753e-01
8.833333333333349691e-01
8.833333333333349691e-01
8.333333333333349247e-01
8.666666666666650309e-01
8.833333333333349691e-01
