-1.132078199534779941e+02
-1.110839105453430022e+02
-1.117948394723819945e+02
-1.146409638728950000e+02
-1.133132854227950048e+02
-1.115320635265919975e+02
-1.120195941729979978e+02
-1.106898936358749950e+02
-1.103609191195500046e+02
-1.094660280381250033e+02
-1.133953865463590063e+02
-1.097184079873860014e+02
-1.125500943783879961e+02
-1.110380309069460054e+02
-1.100966425127780042e+02
-1.098924813112130039e+02
-1.108180123589179971e+02
-1.095699105454159934e+02
-1.114564391788290010e+02
-1.101493435088000012e+02
-1.087565560993469944e+02
-1.106133042880919959e+02
-1.100528325440109967e+02
-1.095426824426340033e+02
-1.097180288371440042e+02
-1.085679099467899960e+02
-1.104635494326170004e+02
-1.126356913692380033e+02
-1.124480024427950013e+02
-1.110976453449449934e+02
-1.112893397980640060e+02
-1.122234299888870055e+02
-1.088769539039229954e+02
-1.083997733761609936e+02
-1.085478561282690038e+02
-1.092946703289509998e+02
-1.103928143599320038e+02
-1.094852801712320058e+02
-1.093381256382189974e+02
-1.100295011042999960e+02
-1.101097270124100049e+02
-1.099750381894150024e+02
-1.090116742616090022e+02
-1.090811748509210020e+02
-1.120127172745149977e+02
-1.102774480165069946e+02
-1.092161774891870039e+02
-1.089994484517119986e+02
-1.111852357082990039e+02
-1.120861390542849989e+02
-1.100887513324269946e+02
-1.100570166676649961e+02
-1.118476217786270013e+02
-1.096168099414570065e+02
-1.090497062646779938e+02
-1.102851507837600025e+02
-1.080691465593330065e+02
-1.092767541491899976e+02
-1.131954527693980026e+02
-1.112816822707339952e+02
-1.111578564810349974e+02
-1.103723758242630026e+02
-1.087922630406749960e+02
-1.089754021579710042e+02
-1.117298293404510048e+02
-1.096324326525789985e+02
-1.105422366552160014e+02
-1.114435886227630021e+02
-1.096001277291969984e+02
-1.125504069861290048e+02
-1.081190082996560022e+02
-1.091361226640389930e+02
-1.090427642853859993e+02
-1.098119362247570052e+02
-1.123616941303349961e+02
-1.122623187771019957e+02
-1.092091687502429949e+02
-1.086075205461350066e+02
-1.086358822645279929e+02
-1.085596436669490004e+02
-1.109350178002700034e+02
-1.081389642707389953e+02
-1.094246937897979990e+02
-1.093035653121600035e+02
-1.086955061625940004e+02
-1.082745797937489982e+02
-1.122951572894669994e+02
-1.094777394985750050e+02
-1.103223851194979943e+02
-1.100769734840580014e+02
-1.109586629732490053e+02
-1.084697652662579941e+02
-1.093799190950039986e+02
-1.089294790057900002e+02
-1.085369480416869976e+02
-1.103807876322100014e+02
-1.097201866990079964e+02
-1.109409945585390034e+02
-1.079845882544900064e+02
-1.080422460417530033e+02
-1.092662694410479958e+02
-1.081042232176720006e+02
-1.128851877025650055e+02
-1.106372249295740033e+02
-1.115050344220869931e+02
-1.085843500962260038e+02
-1.090442407854209961e+02
-1.086673135458469943e+02
-1.095964584236770065e+02
-1.086491012467730002e+02
-1.125625286376340028e+02
-1.093771581965719975e+02
-1.094406544939320014e+02
-1.090357136363320052e+02
-1.082914937889599969e+02
-1.082987298401029932e+02
-1.105466630088539972e+02
-1.096374572904900049e+02
-1.124991814394509930e+02
-1.078874083573810054e+02
-1.098801789525700059e+02
-1.090437397635759993e+02
-1.094940546456480064e+02
-1.100848030342319959e+02
-1.083593491589169986e+02
-1.084842071539249986e+02
-1.106586531663910051e+02
-1.085625415404559959e+02
-1.089796729711450070e+02
-1.091168709401059971e+02
-1.095000792224730048e+02
-1.110952351865589947e+02
-1.099179010244779988e+02
-1.099377114843230032e+02
-1.110606868575689958e+02
-1.088450362915360046e+02
-1.095178087765389989e+02
-1.091008779810360068e+02
-1.095133106459099963e+02
-1.087965817500480057e+02
-1.112522805041109990e+02
-1.091894934433900062e+02
-1.101314615240240045e+02
-1.077073168529520046e+02
-1.095664921472120028e+02
-1.092764131760520030e+02
-1.097231001545080034e+02
-1.095487659882069948e+02
-1.092958941532180006e+02
-1.109085395825590012e+02
-1.084629550992959963e+02
-1.093501609797539942e+02
-1.093112401185370004e+02
-1.087996576032590070e+02
-1.108106735465830042e+02
-1.088594449542290050e+02
-1.102999866157060040e+02
-1.094994317889439941e+02
-1.089393058080650007e+02
-1.090761448140119967e+02
-1.115112911360249939e+02
-1.081780422216939996e+02
-1.115057370281299995e+02
-1.091957778501700034e+02
-1.115793306234509998e+02
-1.088102163526470036e+02
-1.121953524504340010e+02
-1.088009032885409937e+02
-1.095310053680809972e+02
-1.099130792826109939e+02
-1.104127994147430059e+02
-1.105874381080339930e+02
-1.094575489945689952e+02
-1.087994764183909950e+02
-1.089440390024609968e+02
-1.102819731404020018e+02
-1.100727316781089939e+02
-1.117368731055850049e+02
-1.096414177132860033e+02
-1.107608402947320059e+02
-1.081761699755920034e+02
-1.088071581326910007e+02
-1.086626945322950064e+02
-1.107917876686520060e+02
-1.081404231359239958e+02
-1.100341103759379990e+02
-1.079992660734690020e+02
-1.090758213238160010e+02
-1.086701467106490071e+02
-1.085937633442949988e+02
-1.102607468044229933e+02
-1.113409835876660026e+02
-1.102561457131219953e+02
-1.121702467089409936e+02
-1.092967564095200004e+02
-1.096569081752439985e+02
-1.084473616830619989e+02
-1.085713209369310022e+02
-1.098681218621940019e+02
-1.096735840827350046e+02
-1.097705026102789958e+02
-1.088742299725710012e+02
-1.082204748138329933e+02
-1.102306649407940000e+02
-1.080677386771550061e+02
-1.086861095518609943e+02
-1.101102344746160071e+02
-1.104226962027599939e+02
-1.098132256522529957e+02
-1.096576441676949969e+02
-1.078894733112690005e+02
-1.098829207231579943e+02
-1.083537441245709942e+02
-1.108951969521669980e+02
-1.094163404380490050e+02
-1.108429254116330043e+02
-1.094365730893370028e+02
-1.078935066440160000e+02
-1.096291167876070034e+02
-1.089813076562689957e+02
-1.114607092566610049e+02
-1.109791833563679972e+02
-1.102322885523669953e+02
-1.087157833576639945e+02
-1.109057189325239960e+02
-1.085324352665259937e+02
-1.089802656497210052e+02
-1.082298285924079977e+02
-1.087036268140719955e+02
-1.098204577383649934e+02
-1.087290175752399932e+02
-1.093952644663030043e+02
-1.081671042082570011e+02
-1.083706389427590011e+02
-1.096181332225429941e+02
-1.087792714053479983e+02
-1.096749589821399979e+02
-1.100202124404689954e+02
-1.088559157336279952e+02
-1.087781508915479947e+02
-1.087088022345849936e+02
-1.090687686043380040e+02
-1.084299724839210057e+02
-1.110300111910379997e+02
-1.102626274501860024e+02
-1.080314572508229958e+02
-1.113440355179590000e+02
-1.094470206676409987e+02
-1.087291680304659991e+02
-1.093017203796070049e+02
-1.086471405416560003e+02
-1.092182754753019935e+02
-1.090573760921119941e+02
-1.092524327013219931e+02
-1.101240489323020029e+02
-1.092790860127179968e+02
-1.095078559961300044e+02
-1.097839205488999994e+02
-1.095280353879140023e+02
-1.093484844902930035e+02
-1.092695722692999993e+02
-1.088049922018790028e+02
-1.090366712918110039e+02
-1.094369371835349938e+02
-1.104264379672069936e+02
-1.092161978355450032e+02
-1.086530258493060046e+02
-1.106885536481979955e+02
-1.083839505281549975e+02
-1.084398647670749938e+02
-1.099209002086780060e+02
-1.076282297698730019e+02
-1.129902030868990011e+02
-1.082171246195539993e+02
-1.102899694366030019e+02
-1.114961883199670041e+02
-1.094625176338669945e+02
-1.082710001922360021e+02
-1.088831925160399976e+02
-1.082492223238739939e+02
-1.090907255273060059e+02
-1.088269509461079991e+02
-1.100813793562689966e+02
-1.094331271686450009e+02
-1.087119894950519949e+02
-1.084351204083120024e+02
-1.081870859100369984e+02
-1.095713550420710050e+02
-1.094858369181540070e+02
-1.092163894604049972e+02
-1.099450389634010037e+02
-1.069588840795599936e+02
-1.072627577976860067e+02
-1.083741073460130053e+02
-1.079178267847390060e+02
-1.099058235039800024e+02
-1.099319041460220063e+02
-1.094543061726119930e+02
-1.111554446872110020e+02
-1.079782024774320064e+02
-1.095430659048609954e+02
-1.088068153362760029e+02
-1.095219671748780002e+02
-1.096201562439480028e+02
-1.097922327184180062e+02
-1.081537035707309968e+02
-1.085742629153420040e+02
-1.071753529393800051e+02
-1.093282772588949996e+02
-1.090944987219420028e+02
-1.106367949622389943e+02
-1.100177382027559929e+02
-1.091515507425339990e+02
-1.083691807744010021e+02
-1.079726360559709946e+02
-1.077702550076590029e+02
-1.102858144735390056e+02
-1.097991441138359932e+02
-1.100825186927259978e+02
-1.101325097113719949e+02
-1.081598783410299944e+02
-1.078803942789029975e+02
-1.086831456038199946e+02
-1.088822978437700044e+02
-1.093971104517940063e+02
-1.098088065876959973e+02
-1.093716087570469995e+02
-1.088645046803089969e+02
-1.089424392027899984e+02
-1.082734607334180055e+02
-1.079592591929250034e+02
-1.084908687232749998e+02
-1.089245151500920059e+02
-1.084819848079129940e+02
-1.106326331942070027e+02
-1.075356792082099986e+02
-1.096308336382160036e+02
-1.086494699462180051e+02
-1.079288445948150041e+02
-1.094828071797099938e+02
-1.097349461190599982e+02
-1.096990694643459960e+02
-1.081602619276589934e+02
-1.090634088335119998e+02
-1.106765715126809937e+02
-1.081007186077970061e+02
-1.112851501698129937e+02
-1.093445120285259975e+02
-1.095228229119740035e+02
-1.091063276937630064e+02
-1.068244052597219991e+02
-1.092712549487879983e+02
-1.083279526117020026e+02
-1.075733543865659954e+02
-1.092282669136699980e+02
-1.096671879456639971e+02
-1.088549704339420003e+02
-1.108116985262119982e+02
-1.094256032227240070e+02
-1.090236443023249961e+02
-1.094042756482100032e+02
-1.088321005043760010e+02
-1.090504816256320026e+02
-1.085750113558650014e+02
-1.090592725457180023e+02
-1.081129456760319982e+02
-1.078524080637249938e+02
-1.083877289413889997e+02
-1.085850992372079986e+02
-1.087122673754440001e+02
-1.103591061385699987e+02
-1.103430015166409959e+02
-1.096917069457859952e+02
-1.076083112561800021e+02
-1.087941350869819956e+02
-1.089505915855870057e+02
-1.074027545849669991e+02
-1.081470492431340062e+02
-1.084591339666960010e+02
-1.086241441805180017e+02
-1.076089299930119978e+02
-1.080302270401979996e+02
-1.079927573541159944e+02
-1.106901116361080000e+02
-1.085354039108499933e+02
-1.094364807940129936e+02
-1.091585545678230034e+02
-1.080294712534030026e+02
-1.080583661496350061e+02
-1.079395835035030018e+02
-1.085309126144200036e+02
-1.094682713120519963e+02
-1.086927062858569997e+02
-1.084690160188749957e+02
-1.080178916770530009e+02
-1.080708058620400038e+02
-1.074183581833950001e+02
-1.078130853062809962e+02
-1.087253938927040053e+02
-1.089360439680349941e+02
-1.086520033672990024e+02
-1.100001026844840055e+02
-1.077756846670839934e+02
-1.072938471653110071e+02
-1.084403277379390005e+02
-1.081617324383490057e+02
-1.090277274381830068e+02
-1.091368359419460035e+02
-1.087476527852389978e+02
-1.084138707687870067e+02
-1.078988798951710066e+02
-1.082315391900419996e+02
-1.083414373624910070e+02
-1.089056237304459955e+02
-1.092225129593779940e+02
-1.082176288145659981e+02
-1.088790117974269975e+02
-1.069014252371730009e+02
-1.077564647440009935e+02
-1.067563418779800060e+02
-1.079824704516630050e+02
-1.095489381985919977e+02
-1.088011681838519991e+02
-1.083837209988599994e+02
-1.091341710032589987e+02
-1.076852318340399961e+02
-1.081086640625530038e+02
-1.087787253338219955e+02
-1.092604673112799958e+02
-1.086410449766290043e+02
-1.076357835252349986e+02
-1.085620379485369966e+02
-1.077838649395829975e+02
-1.080835197372120007e+02
-1.081327671187940069e+02
-1.085919800085860061e+02
-1.097451926726709956e+02
-1.087250248969770041e+02
-1.085399275711960030e+02
-1.076082192273210012e+02
-1.073787767368749968e+02
-1.085054903122709931e+02
-1.126224103765650000e+02
-1.076657431068960022e+02
-1.099549264256880008e+02
-1.076279264678340013e+02
-1.082659858829400008e+02
-1.082352510335259979e+02
-1.085807392390310042e+02
-1.081447758663600069e+02
-1.093221165726710069e+02
-1.079575036584739962e+02
-1.092095809730119953e+02
-1.063157961803409961e+02
-1.086314414627260021e+02
-1.085337415788620063e+02
-1.084536115433800063e+02
-1.103707028813909972e+02
-1.085398066736750025e+02
-1.083778852216450019e+02
-1.078140197454659983e+02
-1.079439555509769946e+02
-1.072761222173109985e+02
-1.079762391436960058e+02
-1.086176946704130017e+02
-1.077635035689310001e+02
-1.089436239841409986e+02
-1.082965503638390032e+02
-1.081245584252140048e+02
-1.074098810097260071e+02
-1.091517710852819931e+02
-1.090738703044110025e+02
-1.087140001498380002e+02
-1.088026734779270015e+02
-1.099179834524070003e+02
-1.076983545190069975e+02
-1.081440369662939958e+02
-1.065697278658570042e+02
-1.091764500056840035e+02
-1.080696198065409988e+02
-1.090176580253630050e+02
-1.083125735166860011e+02
-1.094234574125489985e+02
-1.076994589121920001e+02
-1.067196942499329992e+02
-1.080076196988379991e+02
-1.084059618175750046e+02
-1.079206086718809985e+02
-1.088066295074700065e+02
-1.086256843242930046e+02
-1.087159475804830038e+02
-1.088478459692770031e+02
-1.077925890431740044e+02
-1.071663226547670007e+02
-1.077008925906280012e+02
-1.084339940973810030e+02
-1.083281165040649938e+02
-1.082964132355480018e+02
-1.082018856668379954e+02
-1.078134997829969990e+02
-1.068618569549909978e+02
-1.067783751385470055e+02
-1.076708074514150013e+02
-1.076616593137579940e+02
-1.082864779077570034e+02
-1.076006930927059955e+02
-1.071798075024209993e+02
-1.071738127083440020e+02
-1.074989620104490058e+02
-1.079987891303239991e+02
-1.092535315327079957e+02
-1.087694891238670039e+02
-1.087518005215890042e+02
-1.083573556335250032e+02
-1.063796526190139957e+02
-1.076177526504909991e+02
-1.083802086219200049e+02
-1.083036620873750024e+02
-1.087066977834389974e+02
-1.109014432021239998e+02
-1.083544281804410048e+02
-1.084896151041150034e+02
-1.060009829990300005e+02
-1.102661433401989939e+02
-1.076724218240599953e+02
-1.080325019251950067e+02
-1.083082605016009978e+02
-1.082808390396249933e+02
-1.075155519847150032e+02
-1.077648578496090011e+02
-1.074600250649850040e+02
-1.074645913533049963e+02
-1.065690081356430028e+02
-1.083177667777279964e+02
-1.090656244802169965e+02
-1.083122579822919960e+02
-1.079871198316480019e+02
-1.096787167656810027e+02
-1.060114715647330002e+02
-1.087741964988979930e+02
-1.085528020350759988e+02
-1.074054625276159953e+02
-1.064353098294230051e+02
-1.068080822799369969e+02
-1.065122689610540050e+02
-1.075646511784150050e+02
-1.070419933935410057e+02
-1.086632752695870039e+02
-1.061263281181010001e+02
-1.070645689542310066e+02
-1.083130673070699999e+02
-1.073298087032009960e+02
-1.077742385119919959e+02
-1.076208821634960060e+02
-1.090592759031439982e+02
-1.083782268557550026e+02
-1.083505852963329943e+02
-1.058229519242390069e+02
-1.070784115029990033e+02
-1.069566757488910014e+02
-1.076863142917489995e+02
-1.077251117485610052e+02
-1.075983227720020068e+02
-1.083179404070820055e+02
-1.082337008940969980e+02
-1.069162496482319966e+02
-1.070608816862440023e+02
-1.066536018825659937e+02
-1.070060629817409961e+02
-1.081480771339520004e+02
-1.081365332969159994e+02
-1.073782155173749970e+02
-1.072718848462159968e+02
-1.087329566871100042e+02
-1.073309532696519994e+02
-1.078600788966689947e+02
-1.086028692343799946e+02
-1.080065195341630044e+02
-1.097748840608829966e+02
-1.077016532079749993e+02
-1.073044820841639932e+02
-1.080107836864920046e+02
-1.094344636360799967e+02
-1.068196570113269956e+02
-1.087499784257339996e+02
-1.077900304083290024e+02
-1.083207604909579942e+02
-1.068313429369100049e+02
-1.067485364867300035e+02
-1.062990822202410044e+02
-1.078212064785790005e+02
-1.103557955461320006e+02
-1.080415971040300036e+02
-1.093673304824040002e+02
-1.077200783595230007e+02
-1.077562953941429953e+02
-1.065694196880150031e+02
-1.085904690515289985e+02
-1.078423668062769991e+02
-1.076532621402949985e+02
-1.087954332426990049e+02
-1.082614977896519974e+02
-1.082377391201030008e+02
-1.073888762629050007e+02
-1.069343852605619958e+02
-1.066154360553559997e+02
-1.071303298380250055e+02
-1.076348538430609949e+02
-1.093695156081259938e+02
-1.079635643117329948e+02
-1.067189233537909985e+02
-1.071530331580169957e+02
-1.074125439029409961e+02
-1.081585990642710016e+02
-1.081104852981290065e+02
-1.090258711353429959e+02
-1.084312897195629972e+02
-1.075181365785170016e+02
-1.077708913016410008e+02
-1.079084757920289945e+02
-1.072023441281360050e+02
-1.077266013356669987e+02
-1.078358982181379986e+02
-1.080213774030350038e+02
-1.082022661319630004e+02
-1.069195773835659935e+02
-1.065551433883029944e+02
-1.075754423715950026e+02
-1.076582429159060013e+02
-1.072402115570029935e+02
-1.074146510713240019e+02
-1.072434155507619948e+02
-1.079209739846699989e+02
-1.050049142778640032e+02
-1.076470488785560065e+02
-1.080090454733669958e+02
-1.081212652154659963e+02
-1.077350966499840013e+02
-1.083323481889620012e+02
-1.069306549464400007e+02
-1.082363289622280007e+02
-1.066272781111750021e+02
-1.077835308292220020e+02
-1.079865692083180022e+02
-1.083184499267169940e+02
-1.069227838772289942e+02
-1.076145424157989936e+02
-1.072451232919730018e+02
-1.064912598796369991e+02
-1.069859152943299989e+02
-1.071226778396180066e+02
-1.080756194395870011e+02
-1.078912805299430033e+02
-1.077253375213330031e+02
-1.080306831763030004e+02
-1.074877794716099970e+02
-1.081344938767669959e+02
-1.071400771757199948e+02
-1.080116307815229959e+02
-1.073141924608570008e+02
-1.065131806063010060e+02
-1.084814655148850022e+02
-1.074462583589019999e+02
-1.078300713815529974e+02
-1.078740018887669976e+02
-1.070107615881409941e+02
-1.078109389590690057e+02
-1.076723785107819964e+02
-1.067642954938749966e+02
-1.055159244376960004e+02
-1.072587976437699950e+02
-1.068707165643120049e+02
-1.084150686743069940e+02
-1.075983047498710050e+02
-1.079423566795679932e+02
-1.078351233336919961e+02
-1.055103403022939972e+02
-1.072366567182519930e+02
-1.063153557522160071e+02
-1.071417603401280019e+02
-1.077003712250329954e+02
-1.092234643350210064e+02
-1.083624870497619952e+02
-1.078279013744670038e+02
-1.071600788719800050e+02
-1.073686517268450018e+02
-1.062536740965239943e+02
-1.081369785083909960e+02
-1.074856301773759952e+02
-1.085576287301259981e+02
-1.075576794052270060e+02
-1.064338552259630006e+02
-1.059271425842709959e+02
-1.070566929949449957e+02
-1.073756158589879988e+02
-1.063026786235089958e+02
-1.073660727837639968e+02
-1.093738251046529939e+02
-1.071513604691260042e+02
-1.075447724638439979e+02
-1.067909685692669939e+02
-1.075394615047219986e+02
-1.081008473955020008e+02
-1.083512503057960004e+02
-1.084652033450410045e+02
-1.082332810673539996e+02
-1.081696736270969978e+02
-1.079143768246640036e+02
-1.069343670164819997e+02
-1.077926223991070032e+02
-1.073592183788869932e+02
-1.085043194774419959e+02
-1.058123591713749931e+02
-1.102967106980180034e+02
-1.066859057655010048e+02
-1.066285169164899997e+02
-1.072755983867580056e+02
-1.080941316022960024e+02
-1.065917568623000022e+02
-1.080834727110979969e+02
-1.064206154434139933e+02
-1.065168502205369947e+02
-1.071764618474250028e+02
-1.077388247431480011e+02
-1.072905256862279941e+02
-1.088354183566400053e+02
-1.073954558805770034e+02
-1.087239277950930045e+02
-1.066537928284350016e+02
-1.079589110568509938e+02
-1.079533147098580059e+02
-1.074621156238259942e+02
-1.066614820974150035e+02
-1.079598840807509958e+02
-1.070267088681320047e+02
-1.091664610139309985e+02
-1.063845469535270070e+02
-1.075926871965349960e+02
-1.085523242491159976e+02
-1.067006739549690053e+02
-1.074676441180789936e+02
-1.075709306271239996e+02
-1.074482081017639956e+02
-1.084306549345869968e+02
-1.062188017308569954e+02
-1.076591733130059936e+02
-1.074410152537329992e+02
-1.081844787540809989e+02
-1.083586550253630065e+02
-1.069715872942069979e+02
-1.079384672883380034e+02
-1.065073494053410030e+02
-1.072960423714499996e+02
-1.070412687721679958e+02
-1.076187599100150010e+02
-1.064817721191510032e+02
-1.087399719437940036e+02
-1.069645985476550010e+02
-1.068143114889160046e+02
-1.055877118953270042e+02
-1.061548650942410035e+02
-1.072929153248390008e+02
-1.084865384501499932e+02
-1.072753613848729941e+02
-1.073189527981519973e+02
-1.067272472093199980e+02
-1.066996351225389930e+02
-1.078464328057699930e+02
-1.070481340354599951e+02
-1.069773583991349994e+02
-1.087259335048129998e+02
-1.074677183741750071e+02
-1.084281961453850016e+02
-1.059425650957119984e+02
-1.070916035374609976e+02
-1.070330700233819954e+02
-1.077673418975020070e+02
-1.088528594358700019e+02
-1.073895242076019940e+02
-1.077537140906489981e+02
-1.066567383220509981e+02
-1.054721407876640029e+02
-1.071686426882859990e+02
-1.064825876674880050e+02
-1.085049743925959973e+02
-1.077702710298450057e+02
-1.069085920884990060e+02
-1.075006092937459954e+02
-1.075972195374479981e+02
-1.070925606779210000e+02
-1.067584762522230051e+02
-1.074876136312119996e+02
-1.082798190506269975e+02
-1.056724054571409965e+02
-1.067485681766980008e+02
-1.073104631513810006e+02
-1.064886678427120046e+02
-1.074165730768529983e+02
-1.070959687165040037e+02
-1.071136414422060028e+02
-1.069418371501519971e+02
-1.069604143548360042e+02
-1.060870776247769953e+02
-1.069071045159819988e+02
-1.070699013603150007e+02
-1.064841296550710013e+02
-1.084918439743459970e+02
-1.077685754284519959e+02
-1.067836904010160026e+02
-1.076878535645559936e+02
-1.072347088022030022e+02
-1.068248625026629952e+02
-1.076281913236840069e+02
-1.069906908600240030e+02
-1.068720916006290054e+02
-1.074679165933859935e+02
-1.070202835536679942e+02
-1.067657050197269939e+02
-1.059407760018609963e+02
-1.071466291836709956e+02
-1.074796378513549939e+02
-1.056736394063290021e+02
-1.062914884736409959e+02
-1.072687374247339989e+02
-1.066043113395480049e+02
-1.068233082819450033e+02
-1.062061816343409930e+02
-1.078081321943700033e+02
-1.075524035651470030e+02
-1.080207636101829962e+02
-1.077029697565919975e+02
-1.076544997325219981e+02
-1.073979796083360014e+02
-1.066540787724560033e+02
-1.060514184173949985e+02
-1.068382266542340062e+02
-1.076769934178619934e+02
-1.063745761275179973e+02
-1.074449305515200024e+02
-1.069244360560600029e+02
-1.061676326530029968e+02
-1.061645412332150045e+02
-1.064743771969800008e+02
-1.067274897522970036e+02
-1.064736696056489933e+02
-1.065349813029980055e+02
-1.065742655798860028e+02
-1.067851878069929938e+02
-1.055501519742900030e+02
-1.061512940889490011e+02
-1.060395928789690032e+02
-1.078902748115129953e+02
-1.071765538292710005e+02
-1.073189743801380018e+02
-1.064873927666850051e+02
-1.071062362855190031e+02
-1.056081924969039960e+02
-1.072253782189779940e+02
-1.072985488088449983e+02
-1.075360883358590058e+02
-1.064042983801519995e+02
-1.080431243544060038e+02
-1.052262079895400007e+02
-1.053402656747690003e+02
-1.064818048497219962e+02
-1.067320122370339988e+02
-1.079589447971890053e+02
-1.068007891195129986e+02
-1.060310212572940003e+02
-1.070277523122280030e+02
-1.065769773412650068e+02
-1.060075860777269980e+02
-1.070950861761299961e+02
-1.078774093859749996e+02
-1.085974107389770040e+02
-1.083115086991650031e+02
-1.055149857161629967e+02
-1.064010177549720026e+02
-1.057615988998449978e+02
-1.079159169628739932e+02
-1.062887148244259947e+02
-1.073379022804009963e+02
-1.067524476920220025e+02
-1.070762297527370066e+02
-1.056046206008740000e+02
-1.045933782798960010e+02
-1.072484460770780004e+02
-1.067166955681459939e+02
-1.077140311697589965e+02
-1.066013389352730059e+02
-1.061402745541700057e+02
-1.049015300146379985e+02
-1.060515668276489976e+02
-1.066018479722570049e+02
-1.057504482751839987e+02
-1.067485982005180034e+02
-1.085346647609549962e+02
-1.068780594162909949e+02
-1.062750746002670041e+02
-1.049481531806069938e+02
-1.075385684993379982e+02
-1.065718954192360002e+02
-1.066988985087310056e+02
-1.063795977466480025e+02
-1.072914305396920014e+02
-1.070475486245519932e+02
-1.054435267086389985e+02
-1.059332653562450020e+02
-1.063870836846290047e+02
-1.057313281634079942e+02
-1.080434394016349984e+02
-1.067999717967300057e+02
-1.080888292565540070e+02
-1.063325303151059984e+02
-1.065413773914600029e+02
-1.068392159088210036e+02
-1.065518545888040052e+02
-1.057682474825899988e+02
-1.079327866234209949e+02
-1.070609216139799997e+02
-1.078748319661760036e+02
-1.065669226391650000e+02
-1.069788884620160019e+02
-1.076334344100729936e+02
-1.068940886916209934e+02
-1.069153257392009948e+02
-1.063024221578610025e+02
-1.057798220662249946e+02
-1.076158096616809985e+02
-1.055249486034589950e+02
-1.058902584501419994e+02
-1.065006206199980028e+02
-1.050917615147709938e+02
-1.080374064649950014e+02
-1.061423048197359975e+02
-1.067820809771159958e+02
-1.065251752421339972e+02
-1.060724946215109981e+02
-1.065463923741040020e+02
-1.064179293736630001e+02
-1.077507450178320028e+02
-1.082225404496760035e+02
-1.071888801584459969e+02
-1.054941156280749937e+02
-1.060923953153260015e+02
-1.054646810580779999e+02
-1.069417699299879985e+02
-1.064287760218399939e+02
-1.068919424460359977e+02
-1.061226969142080065e+02
-1.069157725031950008e+02
-1.065598387116919952e+02
-1.064367954191060051e+02
-1.051211249565239996e+02
-1.072684397332409958e+02
-1.065340594226999968e+02
-1.077418684742140016e+02
-1.070306265096219960e+02
-1.063323244012239996e+02
-1.055021899868309987e+02
-1.059697835858199966e+02
-1.063473699582669951e+02
-1.074001050622670022e+02
-1.064908742999869986e+02
-1.058670291803489931e+02
-1.061543035671719934e+02
-1.061566460391880042e+02
-1.058037042885460011e+02
-1.069487092653340028e+02
-1.065756948893999976e+02
-1.073494787977490006e+02
-1.065889009698660033e+02
-1.059588734593090038e+02
-1.046657283069239952e+02
-1.054744249582760034e+02
-1.056726902335999938e+02
-1.062323802536629955e+02
-1.077232419412909934e+02
-1.066019121878429985e+02
-1.060025174395200054e+02
-1.067567598898250054e+02
-1.062939158177999985e+02
-1.054421517411950049e+02
-1.058919776116819946e+02
-1.064903596561949968e+02
-1.071223880792859973e+02
-1.059953577224959957e+02
-1.061606498117770059e+02
-1.051949175026790044e+02
-1.058765245893309981e+02
-1.050386664179469989e+02
-1.059857602125889997e+02
-1.074262880837819978e+02
-1.056400317296150035e+02
-1.055564932858480063e+02
-1.065099496714049963e+02
-1.055884609894309989e+02
-1.068089754001480003e+02
-1.062713538532420046e+02
-1.060047721777689986e+02
-1.082233220617520004e+02
