0.000000000000000000e+00 0.000000000000000000e+00 0.000000000000000000e+00
-4.901092832944519841e+02 -4.901092832944519841e+02 3.252826001769799219e-02
-1.259662944224719922e+03 -1.223128600745500080e+03 -1.499766104888669904e+00
-1.382612713424110098e+03 -1.293118301291269972e+03 -1.132674070918909948e+01
-2.064347057725489947e+02 -2.098598351052060025e+02 -4.063130258048190058e+01
-1.175439045035499930e+03 -1.074495025740149913e+03 -8.484679969109960496e+01
-8.139131542688879790e+02 -7.112947136272209718e+02 -1.297912962184460071e+02
-1.669018172409199906e+03 -1.530157782967809908e+03 -1.926715949172779858e+02
-1.696022853277359900e+03 -1.486924807764009984e+03 -2.586979617519879753e+02
-1.913758859164619935e+03 -1.477771094375380017e+03 -3.507888943821570251e+02
-1.192502232650080032e+03 -4.929109821106459890e+02 -4.605879282010910174e+02
-7.181388608987009547e+02 -6.821278469572259837e+02 -5.748154836377809715e+02
-1.069041363394070004e+03 -5.296106276776120012e+02 -7.119321997274180376e+02
-6.359190378871110170e+02 -5.582166298470230004e+02 -8.731265042851509861e+02
-7.454705793351120064e+02 -5.040756876495460119e+02 -9.905493357640880276e+02
-7.623673095917989713e+02 -5.065460546430559816e+02 -9.919573815736920324e+02
-6.007810539682619719e+02 -4.863141555238859723e+02 -8.670845222788140063e+02
-6.731610676251769974e+02 -5.022030066116610101e+02 -4.469779092287969888e+02
-6.765070668349110292e+02 -5.014356949698629933e+02 -6.120485047670690193e+01
-6.776118744621579708e+02 -5.056444193196359720e+02 -7.088766909284230167e+01
-6.771838880590710232e+02 -5.062220352816490276e+02 -8.071575061695919828e+01
-6.828622858567190406e+02 -5.155905352171749882e+02 -8.704729645783899628e+01
-6.978086143569289561e+02 -5.121355556804560365e+02 -8.688344733810720300e+01
-7.371456271225910086e+02 -5.113075226872759913e+02 -7.932589248547120064e+01
-6.321934204037615928e+02 -4.913573347172289800e+02 -7.558363365359249997e+01
-7.607704573591676080e+02 -5.241419875411120302e+02 -7.314815022709019843e+01
4.115805483133420353e+02 -5.591734458479589875e+02 -7.283865360073110651e+01
1.410512452067332106e+03 -5.487452522677890556e+02 -7.245620722764709853e+01
1.411085623464480932e+03 -5.676876244164000127e+02 -7.059794709742030250e+01
1.346664234530176145e+03 -2.099375817128109816e+02 -6.967018936048489763e+01
1.344403405273658109e+03 1.330817762278848022e+03 -7.303487017144600202e+01
1.309081344345142952e+03 1.367496913591234261e+03 -7.330611302128639295e+01
1.445124223917936888e+03 1.539115809160233084e+03 -8.018041169452270367e+01
1.379003187982925965e+03 1.367899914630232161e+03 -9.030672698602039361e+01
1.376022815660689048e+03 1.441644387306723956e+03 -9.724560514709220627e+01
1.402954123997071974e+03 1.404693509727921992e+03 -1.036425990844380038e+02
1.378043550503510005e+03 1.574565772513749152e+03 -1.117215829636990065e+02
1.176633384821579057e+03 1.270260939773653035e+03 -1.163171825773620043e+02
1.379118002660793081e+03 1.434116608317443934e+03 -1.231530558671280033e+02
1.044904823166619281e+03 1.127479435997393921e+03 -1.269214090013930019e+02
1.043096229021684167e+03 1.134819110381881046e+03 -1.285195746539619961e+02
1.377587801183622105e+03 1.436056745193742927e+03 -1.372729015527980039e+02
1.113274698363173002e+03 1.172972801249615941e+03 -1.375051232728760056e+02
1.112826953939997111e+03 1.161870083210249959e+03 -1.465153907035370082e+02
1.166746611685069183e+03 1.242864917270889919e+03 -1.505962387536499989e+02
1.243678901644320831e+03 1.280292812459368861e+03 -1.387376704708929935e+02
1.343790576313593192e+03 1.416242812744396133e+03 -1.354318533464119980e+02
1.175685447314599060e+03 1.236746781998512006e+03 -1.316411667690640002e+02
9.426998948525799733e+02 1.043296615436242064e+03 -1.434795519807680080e+02
1.242776031504517960e+03 1.350955488995097085e+03 -1.625938232509660111e+02
1.176046390541915116e+03 1.210935751539003149e+03 -1.709618948504349873e+02
1.009872973420978042e+03 1.039665866921249062e+03 -1.897367312764700102e+02
1.110268268591049946e+03 1.111889560537073748e+03 -2.054716232032280061e+02
1.011573434212293932e+03 1.044667430316135096e+03 -2.316204659279950135e+02
1.077710918853524845e+03 1.069876441659575221e+03 -2.542178181094249965e+02
1.208657902375889989e+03 1.267219901656672846e+03 -2.726198539743389802e+02
9.765816128852410429e+02 1.042377619038448984e+03 -2.801223035980269742e+02
9.449374732481940100e+02 1.006934446694864050e+03 -2.835754055297970240e+02
1.276802845739067834e+03 1.308600748505485853e+03 -3.027764689104919853e+02
1.010738293730477039e+03 1.052393785239946965e+03 -2.840715384751500210e+02
1.010862469059155956e+03 1.154307882364478019e+03 -3.399413355291230232e+02
7.068530657819669614e+02 7.852427860576900684e+02 -4.645386924753229891e+02
9.103406417399530710e+02 1.040451118622180047e+03 -7.060135537038829625e+02
1.143213045254251938e+03 1.251455369336357990e+03 -7.891528051768890464e+02
7.415789593661130539e+02 7.416950573769179300e+02 -1.033564436811979931e+03
9.442027523971969458e+02 9.787417835927659553e+02 -9.353204164117539676e+02
1.007898786519950022e+03 1.039987197590021879e+03 -1.018217958431200032e+03
9.724829907369570492e+02 1.035140570326594116e+03 -7.237996406501499678e+02
9.090940254441050001e+02 9.684431004523398769e+02 -4.870828434566159899e+02
1.042066554481606090e+03 1.073067617381618220e+03 -2.336321507266200115e+02
8.746877144562630519e+02 8.664687201437001249e+02 -1.757636294256010103e+02
9.429627727110229216e+02 9.354999092156740517e+02 -1.421208659394160065e+02
1.010727983844543019e+03 1.046139467166136001e+03 -1.395971666467449950e+02
7.731295944903390591e+02 8.132154432329390374e+02 -1.218959670190480011e+02
8.395263122703981935e+02 8.815486379092092193e+02 -1.310866944571569945e+02
7.761867960302860183e+02 8.171270713963900789e+02 -1.141906590775590047e+02
1.008128859162154981e+03 1.049281959774265943e+03 -1.145840275884719972e+02
1.107748549041489014e+03 1.147338943647811902e+03 -1.149046364820590043e+02
6.753733888943280590e+02 7.128401426715211073e+02 -1.124622481421120028e+02
9.743153016294530744e+02 1.011350796949945106e+03 -1.144129203715539944e+02
9.404382396096789307e+02 9.741438355223059489e+02 -1.229767951156320009e+02
7.422230491946760367e+02 7.720926215742580325e+02 -1.192118831224569959e+02
7.071600159369089624e+02 7.395124158362200433e+02 -1.250052308756060029e+02
9.083837076941780424e+02 9.431961388159779744e+02 -1.280916746086390106e+02
8.086024640320490562e+02 8.424201766235689774e+02 -1.359861893715410019e+02
8.066305892111749927e+02 8.442419279543209996e+02 -1.355967281545559899e+02
8.746680492839030876e+02 9.121341135597680250e+02 -1.426083135754570037e+02
8.086346813037520178e+02 8.795525607574991227e+02 -1.465993262814409945e+02
9.766451884331180509e+02 1.047636939461797965e+03 -1.523541308767100020e+02
7.403033428530100082e+02 8.126812281335401167e+02 -1.206114467016406593e+02
8.405519570526362259e+02 8.802567359602192028e+02 -1.579002468586440102e+02
1.008742714618970012e+03 1.079316133379547182e+03 -1.579467555525449995e+02
6.391511431370480523e+02 6.774739032831359964e+02 -1.298741174314156694e+02
8.053569833783319609e+02 8.396310298744230067e+02 -1.295048000135846564e+02
6.738008892046721030e+02 7.024280245637980897e+02 -1.001423190947303254e+02
6.741059925269840960e+02 7.673022218524440632e+02 -7.491343258736799271e+01
1.007195501541905060e+03 1.033501123389145960e+03 -1.718685862592139983e+02
7.414079528620840165e+02 7.691674765317910669e+02 -1.109900642811373217e+02
9.089444191067129850e+02 1.004014092961739038e+03 -4.130099206163666281e+01
8.445862005156151326e+02 8.760023222097111102e+02 -3.778824074255533105e+01
5.379819488854978999e+02 6.088896534305430350e+02 -3.408166661513834583e+01
9.412578742898999735e+02 9.792727792080089557e+02 -8.820949394367005425e+00
7.083070360609920044e+02 7.454866135149210322e+02 -1.553920943679009952e+02
2.732780682602859770e+02 3.768423115385939468e+02 -1.178143243036096521e+02
9.415462554530839725e+02 1.010140108442692053e+03 -1.256534586233733251e+02
7.400322148904710957e+02 7.757537484186990469e+02 -3.708752033622200202e+02
7.053801874340699669e+02 7.396888819980430299e+02 -4.159296867870290271e+02
1.008071633599069969e+03 1.042356262028846913e+03 -5.026818712732269887e+02
8.418725806982681661e+02 9.072360995402650587e+02 -4.879647248487812590e+02
8.398817547853541328e+02 8.707025461029031703e+02 -4.975946050419819926e+02
8.741250418405520577e+02 9.385949455812730093e+02 -6.146938160299249603e+02
6.397181730292810471e+02 7.061544162650770886e+02 -6.312788284184830445e+02
7.397504271627350363e+02 8.389820121062909948e+02 -5.537649945049760163e+02
6.417289157702180091e+02 7.077591374981191166e+02 -5.146454604416076108e+02
5.090152220908349818e+02 5.436916902765040049e+02 -5.288229517871469625e+02
5.756457630990290681e+02 6.120455040574050827e+02 -6.032839214078479699e+02
7.759178857160510461e+02 8.121145951236370593e+02 -4.968358840594950152e+02
5.753220740755880342e+02 6.458391447460130621e+02 -5.513448543232259453e+02
9.402239260846719162e+02 9.796866268175439245e+02 -5.344829878958760219e+02
7.063018565487159321e+02 7.779677146251210615e+02 -4.609130443165610131e+02
7.062462801794330289e+02 7.409385706558859965e+02 -4.379677771675779923e+02
6.759873219272750475e+02 7.092182549383510377e+02 -4.424226438396179901e+02
6.428774004333110952e+02 6.760187314044731011e+02 -5.222949999124330134e+02
8.070295237746290695e+02 8.400667878935080353e+02 -4.563943634183819995e+02
6.415145528716320769e+02 7.080082965933370360e+02 -4.153264365270877079e+02
5.094480900895860032e+02 5.418005523602439553e+02 -4.451118928965819919e+02
8.075574441833059609e+02 8.407373936508259931e+02 -4.529043831560829858e+02
7.429721396172189998e+02 7.769717978113289973e+02 -4.329431747664046952e+02
4.754155832861309818e+02 5.114862208353639517e+02 -4.539971719129246139e+02
8.082182184844040194e+02 8.451499626143860269e+02 -4.641200496734156786e+02
7.076029928673129916e+02 7.447194022767239403e+02 -3.862794115882859955e+02
6.431107420182780743e+02 6.787264352512830783e+02 -4.070332352017993003e+02
6.092268159712639317e+02 7.105040508100430543e+02 -4.443072256782106706e+02
4.743374483777189425e+02 5.415613240961499741e+02 -2.523815814791240086e+02
7.086916934192900044e+02 7.754395688810410547e+02 -3.939605859426067127e+02
8.754713041432160026e+02 9.086647238325880380e+02 -3.218429490470409746e+02
5.413122152693119915e+02 5.740458651686969915e+02 -5.882577173477500310e+01
7.754451772087040808e+02 8.066151651047171072e+02 -2.434081391855663128e+02
8.108988911559470125e+02 8.431352301523099868e+02 -1.411324664512301297e+01
6.077868025106020013e+02 6.415283436043689562e+02 4.322257236074649427e+02
8.776359816028050318e+02 9.113971759806350974e+02 9.879948200021098614e+01
5.763410160819680641e+02 6.439567425123680096e+02 2.797522464786520118e+02
5.408347990879178724e+02 5.763051144715918781e+02 6.072833786553200071e+02
7.104044464709729709e+02 7.787714939632480764e+02 2.444128573372090045e+02
6.417322251836350233e+02 7.110444944121491062e+02 4.167893596403949914e+02
5.091564577339059952e+02 5.444831232669509973e+02 5.865271542538901031e+02
7.427756191695760890e+02 7.775536151303430188e+02 3.222568678808589766e+02
6.439268334324880243e+02 6.771367017809070603e+02 6.175780961927559929e+02
7.438247872434070587e+02 7.775630832643070107e+02 4.904340428800319387e+02
6.777710443570970256e+02 7.095169047043000319e+02 4.541799355852419353e+02
5.105480465724490386e+02 5.758649686021328762e+02 5.217664082627079551e+02
7.421232805522340641e+02 7.753697490480531087e+02 7.581675488294830529e+02
5.754537457915610048e+02 6.099986387252400846e+02 7.227960747356879665e+02
5.421187133159639870e+02 5.753644713191189339e+02 7.891073092956120263e+02
6.429952576514660905e+02 6.772065136438191075e+02 9.875007219755480037e+02
4.110970084782550202e+02 4.450420333905499888e+02 1.124542787452925040e+03
6.092647875382699567e+02 6.452472746603689302e+02 1.224029417121239021e+03
8.427944987088961852e+02 8.781184992880141635e+02 7.882703616613559916e+02
5.099957856559599918e+02 5.441603770109900324e+02 1.255393979204092830e+03
5.103240418529130125e+02 5.435242889402400124e+02 1.122875028148800993e+03
7.440068790382880479e+02 7.779012815521170978e+02 1.221171872779458909e+03
4.775321578303769456e+02 5.110133497492339529e+02 1.386275063198012049e+03
6.762372500103410857e+02 7.083460812130350632e+02 1.254194103423209981e+03
5.433868391148998853e+02 6.092904078034880513e+02 1.247662761688754017e+03
6.780822285308061055e+02 7.093746124268210451e+02 1.412207045335637076e+03
8.110314344693690600e+02 8.421028030870589873e+02 1.314134849497412915e+03
4.112543404832059650e+02 4.773925667215069097e+02 1.511527956462673956e+03
5.116827218360430152e+02 5.443165793173759539e+02 1.541284604105161179e+03
8.447364796592831908e+02 8.787903942773681365e+02 1.409254847287041912e+03
7.451267753143119990e+02 7.774350829158070155e+02 1.274340085101909835e+03
8.447683555851431265e+02 8.786122849105991008e+02 1.272147939431483792e+03
7.099891823141090299e+02 7.438812081124060569e+02 1.269423453085418714e+03
5.430570999151109390e+02 5.763840971582390011e+02 1.168023664005901992e+03
7.118338970020810166e+02 7.468461688858319576e+02 1.464433732826590131e+03
6.758537547234710701e+02 7.104204456747130507e+02 1.198534973360068079e+03
7.082698171179839619e+02 7.423996503220230352e+02 1.094655025876123091e+03
7.126225847397810185e+02 7.118983664441680048e+02 1.392298541001676995e+03
4.778438782554509316e+02 5.092700053221169583e+02 1.323049063303630192e+03
7.784478935648280640e+02 8.099619276455321142e+02 1.218257422353026868e+03
9.469369954164478713e+02 9.446209991271259696e+02 1.176892214435632923e+03
4.460749971318219309e+02 4.775137125819529729e+02 9.809580763679369966e+02
7.450275983154730284e+02 7.781292894686330328e+02 1.243445576997801709e+03
6.121050653702919817e+02 6.455857842994339535e+02 1.205044548252285040e+03
5.464524148147629603e+02 5.800301126299539192e+02 1.036472980943828816e+03
6.443865580714340240e+02 6.782366151122430438e+02 8.860831482856109460e+02
6.452120981958601078e+02 6.454951933294510127e+02 1.092654559459630946e+03
5.445753628904129755e+02 5.788597603829209675e+02 1.088763529851147950e+03
7.119798577828960333e+02 7.456405452488039600e+02 1.154059078882366975e+03
5.456816473164849413e+02 5.785532007822329206e+02 9.219220238539580805e+02
8.775799331327740447e+02 8.779870907742460986e+02 9.146833289852440885e+02
7.800313018677660466e+02 8.119701253558509961e+02 9.767584537505831577e+02
6.462633406140540728e+02 6.448368055102689596e+02 9.605078595671941457e+02
4.782500037732749547e+02 5.109438734500799342e+02 7.966073182235730883e+02
7.466777015008800618e+02 7.463041026473130160e+02 8.670689324279719585e+02
6.793926484374539996e+02 7.115142488538610905e+02 8.119756231455919533e+02
8.460419758517962237e+02 8.784295204898241991e+02 9.109391316557059781e+02
5.783711983362541105e+02 6.121441629681620498e+02 8.034794368707159720e+02
6.470033844018050786e+02 6.798823140831510727e+02 7.910467129249200298e+02
9.115838518464090612e+02 9.120551067564020968e+02 9.249458763271271664e+02
7.453766985766270636e+02 7.796576418827870611e+02 8.176590438584719323e+02
6.133621290021060304e+02 6.472589164540260072e+02 6.256509524601560770e+02
8.780178707111331278e+02 8.779106865638441377e+02 7.304261434424161052e+02
5.450267989183499822e+02 5.455454481305380341e+02 7.756597402453419363e+02
8.145965555072939424e+02 8.145626807083320955e+02 6.071811646196490528e+02
7.782230582100720540e+02 8.116914762413560993e+02 6.701829041953350270e+02
5.131623562462090149e+02 5.113294118474729544e+02 6.561215755842119961e+02
7.500060143720930910e+02 7.805454049728660948e+02 6.299977397802050518e+02
8.435457142987321504e+02 8.778688866983261505e+02 9.010660355604002234e+02
6.766554276730640822e+02 7.108947692569760193e+02 6.651537222588440272e+02
6.806540346073441015e+02 7.144304170726960592e+02 7.521069759685469762e+02
5.785636723943480320e+02 6.131168433552300030e+02 7.925002175955179382e+02
7.113865896217710088e+02 7.452866068535270188e+02 7.564474581575830143e+02
8.466391345241041790e+02 8.802724610911811851e+02 9.294232817401468765e+02
4.795798394824739717e+02 5.116284795732869384e+02 7.680045729904330756e+02
8.104271933663329719e+02 8.443616089050319715e+02 8.162731598367669221e+02
6.789703838781360901e+02 7.124676849321160716e+02 8.961242038741739862e+02
6.114377181537290653e+02 6.459458372394909702e+02 6.692754549341360644e+02
7.793431188631350324e+02 8.124472264007090416e+02 9.651049738452318252e+02
5.780067935618041020e+02 6.103511940879520807e+02 7.589810402273020600e+02
3.780316549828959296e+02 3.788400262007739343e+02 4.605647171518010623e+02
9.463141818001839738e+02 9.463445269332260068e+02 8.616417428502261373e+02
7.468234396361880272e+02 7.791937665968550846e+02 7.922113327578840654e+02
6.784420237634240038e+02 6.789575403059710652e+02 7.571922207163911480e+02
6.791639746218860409e+02 6.793596553826071158e+02 1.021105380510505938e+03
7.124052868578879725e+02 7.459032803774649665e+02 9.008125491514440455e+02
7.436711545506980201e+02 7.779319145347089943e+02 7.346465498055199532e+02
6.793669448697810367e+02 7.124780665446030525e+02 1.076606848952334985e+03
4.103011755196999957e+02 4.449324052777579936e+02 5.915883541433580604e+02
9.778511335681050696e+02 1.011614340851942075e+03 1.102591796637929065e+03
6.788201174614951015e+02 6.797919014665981194e+02 8.085513252468081191e+02
7.113389341397750059e+02 7.793937415577449883e+02 7.144855827849620482e+02
8.107523769834770064e+02 8.442689010327089818e+02 8.874452377542019121e+02
5.764444428598120567e+02 6.106434589491020688e+02 8.197705035335160346e+02
6.126925252647390607e+02 6.454148683545629410e+02 6.895354778448370325e+02
6.756389003069810997e+02 7.092015827771460863e+02 8.913676973346209707e+02
4.456954928665799116e+02 4.783180879814609625e+02 5.610643432956910601e+02
6.795564933575170699e+02 7.130295652903840846e+02 9.613293494914719304e+02
9.104890580186140596e+02 9.444914177194769991e+02 9.991642078090342238e+02
7.104565948211400155e+02 7.773997214850620594e+02 8.651257000068260368e+02
7.133699754649479701e+02 7.468005776935349331e+02 8.664617169351870416e+02
7.780186390866930424e+02 8.108701931155439979e+02 9.325511617488270986e+02
7.442633590704840572e+02 7.776439328284950534e+02 8.034867049801201802e+02
9.113730081899519746e+02 9.463192083741520264e+02 1.001982333766819238e+03
5.429672915636359676e+02 5.770074181332850003e+02 5.350783600583949919e+02
6.437606585573059874e+02 6.766809981434021211e+02 6.000880293605770248e+02
8.123909492309650204e+02 8.458743560459929540e+02 9.710353522375679631e+02
5.427881561449898982e+02 5.760765717330430107e+02 7.342871799479510173e+02
7.110736931527650313e+02 7.430660656026859670e+02 8.047620490809222247e+02
5.135699503396390355e+02 5.461282687225840391e+02 9.017378923867809135e+02
6.764660664326440838e+02 7.108008709849400475e+02 7.054637189980330731e+02
6.769010175175101267e+02 7.101381683584140774e+02 8.068092544822321770e+02
6.460447315651861118e+02 6.782909509364430960e+02 8.052932988408441588e+02
6.760015683412830185e+02 7.105920932351750707e+02 7.399383697034340912e+02
5.789613918937820927e+02 6.114311380693230831e+02 9.398766041230290966e+02
7.769951227653540400e+02 8.446968373374339762e+02 7.710647181304640299e+02
6.439564202770460497e+02 6.777260811248690970e+02 8.053383809799641995e+02
6.100610199062400625e+02 6.445471216063319844e+02 8.081311263745421911e+02
6.446515882804400235e+02 6.775393942816369872e+02 8.046597400754961882e+02
7.786466516175551078e+02 8.107913804774680102e+02 7.400574401430790203e+02
5.455016953916999682e+02 5.789873275163809012e+02 8.741068223529980514e+02
5.107193384481770408e+02 5.780649400488749734e+02 7.412242325989479923e+02
6.106337882222319422e+02 6.430577098209330416e+02 8.388475914371861109e+02
6.448138661799160900e+02 6.778097360857000240e+02 7.743253478478400211e+02
6.780571464045880248e+02 7.115806425860810123e+02 8.743071257086170363e+02
7.098149360506330368e+02 7.431513592623549584e+02 8.084265908962431695e+02
4.776976772390319184e+02 5.116632411036269446e+02 7.050299195397760741e+02
6.448612378577570325e+02 6.793921793298970897e+02 8.032251102830120999e+02
8.439455577451161616e+02 9.125768404886450753e+02 9.713250622583440190e+02
6.112623806610040447e+02 6.444726732256459627e+02 8.070118477140272262e+02
5.795228267930760921e+02 6.125479172709481190e+02 8.058512716690971729e+02
7.418380083060760626e+02 7.758418498163630375e+02 1.006254461243210130e+03
7.104221291671290146e+02 7.454167334848290238e+02 7.081522730672500074e+02
8.789562196161321026e+02 9.129901052294690089e+02 9.038064376051700037e+02
5.433202940082869645e+02 5.767736014706439391e+02 7.363760080735860356e+02
5.451453712750129625e+02 5.785794294650509073e+02 6.354425963645570619e+02
6.783764543400620823e+02 7.124317632643101206e+02 7.691513625627960664e+02
6.455812181863329897e+02 6.775984078108630229e+02 7.379377295351171142e+02
4.752127495082009432e+02 5.100730095062249347e+02 7.705601677342519906e+02
7.780258589643710820e+02 8.129204398665381177e+02 9.693377129620180312e+02
5.439927656836159713e+02 5.782146785656349266e+02 7.683682177870809937e+02
6.101953091486980156e+02 6.438211038465899492e+02 7.999100340908181579e+02
7.781419068860360539e+02 8.133684749667560254e+02 9.350228426861390290e+02
5.102072487936039806e+02 5.449229444986559656e+02 4.685766739719149996e+02
7.446463486316811213e+02 7.785905445075410398e+02 7.040871862825410972e+02
9.127885192033220392e+02 9.467094425934969877e+02 9.342047780646740875e+02
4.442153733315949466e+02 5.115629531919749411e+02 4.976046481777889312e+02
7.793566526017571050e+02 8.125591178777860932e+02 8.670767606118059803e+02
6.445009389630019996e+02 6.777475979397841002e+02 7.659161479025559629e+02
6.777385541152010546e+02 7.111137318642799983e+02 7.667983830838500126e+02
7.771733922373590531e+02 8.119754052898980490e+02 9.359777508786930866e+02
4.438032473871099342e+02 5.122824778383369448e+02 7.323543876301740738e+02
7.110710762354419785e+02 7.434090958425920235e+02 7.335393237773620285e+02
7.126221078518759668e+02 7.793571425286310159e+02 7.678491612125700385e+02
6.440173155791430872e+02 6.787681136679930205e+02 5.641270016300120460e+02
6.463951990255470719e+02 6.797149425654390598e+02 6.726315238398460679e+02
5.784914859056241312e+02 6.123011703769730047e+02 8.640886026417249468e+02
4.115750278761159962e+02 4.451545402925160033e+02 5.379071032698610679e+02
1.044617374813661172e+03 1.078798942346101285e+03 1.004610103686769207e+03
7.119231092126719886e+02 7.460488670347980360e+02 6.717949540107370012e+02
5.138315314637039819e+02 5.461295419537999578e+02 5.692016035336209825e+02
8.459504199030432119e+02 8.793547995133611721e+02 8.378482875770970395e+02
7.457603066368640157e+02 7.792016816915760273e+02 8.682961973503629451e+02
5.121485772649820092e+02 5.455636178037780155e+02 6.047665200038280773e+02
7.773913983644069958e+02 8.106916274718510067e+02 8.649701178006059763e+02
6.468839525719370158e+02 6.796322600604980835e+02 5.645011490564639871e+02
9.137243283481509479e+02 9.470323781068640301e+02 8.352138715126380930e+02
7.439332411141070907e+02 7.786358194707090661e+02 6.679652170709300663e+02
5.134835528341869804e+02 5.469032257087660582e+02 4.694755933508449743e+02
6.456750046471150881e+02 6.791654671527660412e+02 6.764388345763239840e+02
7.453445275074971050e+02 7.780761899022560328e+02 8.404997592486799931e+02
7.462102131381820982e+02 7.786850700691700240e+02 7.112854809248520951e+02
8.805100550110851145e+02 9.129557444302749900e+02 8.368755508749870842e+02
5.796968356027290383e+02 6.119279920063230520e+02 6.379705845681030496e+02
7.131315995183130099e+02 7.780202235569599907e+02 6.367318376341570456e+02
8.143000371043119685e+02 8.462137818800299556e+02 7.101912799737369824e+02
4.123667981477919966e+02 4.441728462793930134e+02 5.705987971649740302e+02
4.779436930861609198e+02 5.110811918099109334e+02 6.343231397584770548e+02
6.797655193418170256e+02 7.117568351559490338e+02 6.750922434490230444e+02
4.803037136875499300e+02 5.117668729393909643e+02 5.702113924880210334e+02
8.465529335879022028e+02 8.787613124056891820e+02 8.313625607260660217e+02
6.788240527550210572e+02 7.114284177544960812e+02 7.412582971277540764e+02
5.133801772733739881e+02 5.466568476477450531e+02 5.770906152296290657e+02
8.138616974610849866e+02 8.134010238109100328e+02 8.141560739246201592e+02
6.802848957660950191e+02 7.128079628950440565e+02 6.832706968366319416e+02
5.150342667845070537e+02 5.465775013495309622e+02 5.831213037752810351e+02
8.805891098136590927e+02 9.137995258575480193e+02 7.205684074087409954e+02
4.807895649617759091e+02 5.123825908794959787e+02 6.173137009576100809e+02
6.122456310412060247e+02 6.440508331172039789e+02 5.503560997571280495e+02
7.817985879450460516e+02 7.810399459885600209e+02 8.483647145782450707e+02
6.800336317128570727e+02 6.782208485628390235e+02 5.856656251535180218e+02
6.812776806582030531e+02 7.134123190607100469e+02 8.836974125450719839e+02
8.830326531392840934e+02 9.151169156096320876e+02 8.777348733693349914e+02
2.815748520513100175e+02 3.126192226438170110e+02 5.635702812024160266e+02
9.136076517698429598e+02 9.460827454911189989e+02 6.645310167386001012e+02
6.144815883998860500e+02 6.476039938622590171e+02 7.958294515273989873e+02
4.701456892097789364e+02 5.133500232903738834e+02 5.641254377385540693e+02
8.475237975368271464e+02 8.804586993854791217e+02 8.932175605350149681e+02
5.162859446536330097e+02 5.484285757668219503e+02 4.882634662153419640e+02
6.462784004135810392e+02 6.133580229093720391e+02 8.819410804123849630e+02
8.481791817346402240e+02 8.795855646751581389e+02 1.045325000410285156e+03
5.156178689349719662e+02 5.483856714864340347e+02 6.403677305847190837e+02
7.466343017963849888e+02 7.789536430561820453e+02 7.441126702364440462e+02
6.821342404071690453e+02 7.128904574342291198e+02 7.808681865111880143e+02
7.474432725655950662e+02 7.796953795827171234e+02 7.588648657978120582e+02
8.478119621345751966e+02 8.801630709953951737e+02 7.645903848972010337e+02
6.128262878332919854e+02 6.458955883719070243e+02 5.591952759752899738e+02
5.488683407886969690e+02 5.809679551719079882e+02 5.935960640312630403e+02
8.153534468679299607e+02 8.468650450108200403e+02 8.234993771379199643e+02
7.810100531567291000e+02 8.135947576164630846e+02 7.640749325255640088e+02
6.150430557236389859e+02 6.461268124735059928e+02 8.381957438784770602e+02
7.489883009023790237e+02 7.816104610508840551e+02 9.648973637797309948e+02
6.815597542268020561e+02 7.139644551434140567e+02 6.668877810818889884e+02
8.155991966002339950e+02 8.150536069215320367e+02 1.143593922688379052e+03
6.817161960356880854e+02 7.144944957943321242e+02 8.042290479863150949e+02
5.805871184476320650e+02 6.128527705786640354e+02 5.445398985966489818e+02
9.142032926552840308e+02 9.456444445099150471e+02 9.793016921640529517e+02
6.823188809609210921e+02 6.810972543462989961e+02 7.186405366876500693e+02
6.478001765733120010e+02 6.804816364976550176e+02 7.894218406304480595e+02
8.840275583030830830e+02 9.151988926807350708e+02 7.874433364309410308e+02
4.813068326956379224e+02 5.134045994146099474e+02 6.204081937559320750e+02
6.804892145411220099e+02 6.799226995419070363e+02 7.899834073729000465e+02
1.016860024987971997e+03 1.048883976767486047e+03 9.985155234497799484e+02
6.140979372207569895e+02 6.472269503849660168e+02 6.602820570583990047e+02
6.490282847374251105e+02 6.823514095381310653e+02 7.693487165374100414e+02
6.505324211371030287e+02 6.827469061011140639e+02 7.632694273519359740e+02
7.154001806049640209e+02 7.465719494541230006e+02 6.246867246352120446e+02
7.481642701831930253e+02 7.818987373769460874e+02 7.747211436172859749e+02
6.159559842403109542e+02 6.489331860430460210e+02 5.060380714199069416e+02
7.467259973066860539e+02 7.475755960692599729e+02 8.754597298508780341e+02
8.474511386143101390e+02 8.799938071305891754e+02 9.094737301423101599e+02
6.482091303952480530e+02 6.820933129242810082e+02 7.033656713041560806e+02
8.823252707219040758e+02 9.137278125181140922e+02 9.805394098303789860e+02
7.134702863931620413e+02 7.463443952890900164e+02 8.428268240966950771e+02
7.486938576296390693e+02 7.801334242339900129e+02 7.191325045737220307e+02
6.153006094686439837e+02 6.486987711589820265e+02 8.095906308047320863e+02
6.488928987482300954e+02 6.807541838029280825e+02 8.127393549690060581e+02
6.825715092361081133e+02 7.151804160932620107e+02 5.696694092784380246e+02
7.150273896987059743e+02 7.472284521184079722e+02 8.747765566116889886e+02
7.805582381027430756e+02 8.137286911793720492e+02 9.497834125258360700e+02
6.475636739658621082e+02 6.800808130112141043e+02 7.800800971676590052e+02
6.139250002931099743e+02 6.457087645356809844e+02 6.908724779757010310e+02
6.470916310338030826e+02 6.798905389268730914e+02 9.517944673263521054e+02
8.165858672992790162e+02 8.484576462141710635e+02 1.084945399488686007e+03
5.470503872697458974e+02 6.127067083685130910e+02 7.136527748657940720e+02
6.139780723955990425e+02 6.459434098928439880e+02 6.493038354761490609e+02
6.489431890282480708e+02 6.136222012816340339e+02 8.091856498328160114e+02
8.805709410329450293e+02 9.138433753430870183e+02 8.843776086980569744e+02
6.143342456615280298e+02 6.470855005989029678e+02 7.496665812967630700e+02
7.485029190474070901e+02 7.803152655269120714e+02 8.568955900861550390e+02
7.815723139907690893e+02 8.151743782807300249e+02 8.198091894602190450e+02
7.479674112406140694e+02 7.808069941064591148e+02 7.216638364826440011e+02
7.492159597547380372e+02 7.817907642005370690e+02 8.527949619906810312e+02
6.132232331799440317e+02 6.474544070981879713e+02 7.524938159821140289e+02
5.832907956820811251e+02 6.154643979871600550e+02 8.529930993576140281e+02
8.491467714505841968e+02 8.816077081033691911e+02 9.525619448967230483e+02
7.123926213322090462e+02 7.451132331547239573e+02 6.848192190658010077e+02
6.475347665832090343e+02 6.798927778183231112e+02 7.522851186414690119e+02
7.147071262020299400e+02 7.471824445793760106e+02 7.911565363538710471e+02
5.474549576925949168e+02 5.790314008076569507e+02 7.219690250866340193e+02
8.814381444086820920e+02 9.140366715401110014e+02 1.082733710890308885e+03
6.816216264763390882e+02 6.813271222352429959e+02 7.524641121937320349e+02
6.129487420403539772e+02 6.461853415934149325e+02 7.853118481103859949e+02
7.818375044386140189e+02 8.141297976065500279e+02 9.798049230843280384e+02
7.478987903354041009e+02 7.790814293775090391e+02 8.561188291998751083e+02
6.463857112592310159e+02 6.803435465660650152e+02 7.890781542122999781e+02
6.469066606438150302e+02 6.803077692035350310e+02 7.839145608972570471e+02
6.144607424666869520e+02 6.469348727216539601e+02 5.876499659495079868e+02
8.461738492253562072e+02 8.794541528957611263e+02 7.905820813865650507e+02
6.476871083139400298e+02 7.133656559045930408e+02 7.217993627253390514e+02
4.482068799316589320e+02 4.805920618312549095e+02 5.529406590081429158e+02
8.138219584032079865e+02 8.802772410575362301e+02 8.223731551385239982e+02
6.122820118057270520e+02 6.441130331907389746e+02 9.198932129793561217e+02
6.816418565693930987e+02 7.462405043901339923e+02 7.200632130869340699e+02
7.814506938958320461e+02 8.133901693798720771e+02 1.023487748846409886e+03
5.135108968470179889e+02 5.477440396373199292e+02 6.536535283820451241e+02
4.800767704015629533e+02 5.145119926899909615e+02 8.182792806913990944e+02
8.471059656973661731e+02 8.799508154338191162e+02 8.555448001468600978e+02
6.462184312801230135e+02 6.792538409422910490e+02 7.564465083702210677e+02
6.470152937806250293e+02 6.806176184179530537e+02 7.528703901777790861e+02
6.472115708718010865e+02 6.808960369946910305e+02 7.559006233517420696e+02
7.156166967878830292e+02 7.820814989926971066e+02 7.881191417209149677e+02
8.147632818550539469e+02 8.474731188885730262e+02 9.226424796034491465e+02
6.790164502061400071e+02 7.462792186759450033e+02 8.903713551758210087e+02
7.142760667560639831e+02 7.810439021474220453e+02 8.206278116015970454e+02
7.475001739743240705e+02 7.479248232585930509e+02 1.021368479851350912e+03
5.796814610309440923e+02 6.129496800689810243e+02 5.539003716211680057e+02
7.812340435955950397e+02 8.148318894589390311e+02 6.880413002404490044e+02
6.471217196253010115e+02 6.808009029641040115e+02 9.224920051879411176e+02
5.826842816472731101e+02 6.468856143769689879e+02 6.505112967365270151e+02
8.809878368437410927e+02 9.146779389622950021e+02 8.231757787014209953e+02
5.814483641605330604e+02 6.150499881323330555e+02 8.550704388238250431e+02
6.124638452175389602e+02 7.467165757018849490e+02 6.229594067351349622e+02
8.141540900411639541e+02 8.489006376448410265e+02 8.570742252124480274e+02
7.145378745480160205e+02 8.145116874817530288e+02 8.554270249299170246e+02
5.788939574122371141e+02 6.133405216494001024e+02 7.866299905951509572e+02
6.810432062123130663e+02 7.132566720454930191e+02 6.883416566531609533e+02
4.482679926970449742e+02 4.810405501373469406e+02 6.533183019472360229e+02
7.779493618349940789e+02 8.123772875776320461e+02 7.210080320455330138e+02
7.790911291335320357e+02 8.132386906470680970e+02 9.561930363746790817e+02
5.150112980151239981e+02 5.482891012870460372e+02 5.568903525169279192e+02
7.795043491030440919e+02 8.135951921469400077e+02 8.558639771982910815e+02
7.797901381317290088e+02 8.135393104889931237e+02 1.023154141623119926e+03
7.153669880220170398e+02 7.493049989003320661e+02 8.505658062875390897e+02
8.143494136409179873e+02 8.473083942042660510e+02 1.057622120432514066e+03
6.138729869224920321e+02 6.475130803095719330e+02 7.524964736400780794e+02
8.146518582577440384e+02 8.473818282662689398e+02 9.234655398435991174e+02
7.818636857646170029e+02 8.151842006107890484e+02 8.862455988497230237e+02
6.126465208738320598e+02 6.474676812578750287e+02 4.892079442528880122e+02
4.809258158391559164e+02 5.143681435119889329e+02 5.560546832005429678e+02
8.154676757214809868e+02 8.498749445278920120e+02 9.545314219237510542e+02
7.145013951603029909e+02 7.477058686996069810e+02 6.553328662350880904e+02
7.135690938903319420e+02 7.482454031891460318e+02 7.906546360282320620e+02
7.140521514452009342e+02 7.476675956911260528e+02 9.866233997571770260e+02
6.821247053354860554e+02 7.146178434896870613e+02 6.916766282803159811e+02
8.500692648762251338e+02 8.814184591031031459e+02 8.207540565557239916e+02
6.795765751205670995e+02 7.134379801158120245e+02 1.022916108287049951e+03
5.840994867069840666e+02 6.165540921395490841e+02 5.557562131173119724e+02
6.791831858806990567e+02 7.135853144836510182e+02 9.178345441439821570e+02
7.141098168032390276e+02 7.481236085900490025e+02 7.231988411098600409e+02
8.816692238659700251e+02 9.159550506835970509e+02 7.221887144765120183e+02
8.482146236009531322e+02 8.814796422494871422e+02 7.559969248159070503e+02
6.813392056447930827e+02 7.151594578745790614e+02 6.210491162542089114e+02
8.150323410278670053e+02 8.501129565776640220e+02 6.569919375746250125e+02
9.491863210723229258e+02 9.834652308971609500e+02 8.552418151628330634e+02
3.468559208782149312e+02 4.134187176687649412e+02 4.868212507682999899e+02
7.808468604556251194e+02 8.153911049724430313e+02 7.231920632014680450e+02
7.500752371448800204e+02 7.841610638192680653e+02 7.883400701137879878e+02
4.789112003565629720e+02 5.137391744259429061e+02 6.539305167629130437e+02
7.478410303023900951e+02 7.813261251542270429e+02 7.882624903762680333e+02
5.482615993668359806e+02 5.813725921308869147e+02 4.876131861654449722e+02
6.156641175543689997e+02 6.491482210947319800e+02 6.555898549045730306e+02
9.490606986391499049e+02 9.822589960494539127e+02 1.087380705882141910e+03
6.165081011889719775e+02 6.493121973891639982e+02 6.885805397201900178e+02
6.831182100067430838e+02 7.152844239400430979e+02 6.554172450694480858e+02
8.163887343545879958e+02 8.496435052565050228e+02 8.528604602290420189e+02
6.165949799883210289e+02 6.505527010133509975e+02 5.189549223647179588e+02
7.823385606657570861e+02 8.152985356932690593e+02 8.221951647271240518e+02
7.817582283115340260e+02 8.154468878215330960e+02 7.910606270256680546e+02
5.808302882999740859e+02 6.160515163943640573e+02 5.543425329964300090e+02
7.164301176703040710e+02 7.492683125611760033e+02 1.023090785889913946e+03
5.838789643781420864e+02 6.151986539208860449e+02 8.197259400399120750e+02
5.821698752198070679e+02 6.163181030393300261e+02 7.530638258103210774e+02
7.155645513073519624e+02 7.159488957497140973e+02 9.183972517899981085e+02
7.174321180078170528e+02 7.494636877880669772e+02 8.208733219456440793e+02
6.520279958105491005e+02 6.841940660314530760e+02 7.240177010743710753e+02
7.481500581700080375e+02 7.815216795032949904e+02 9.223983846383011951e+02
5.487595088508359140e+02 5.827829484269580007e+02 6.532499303260160559e+02
7.841834462852580145e+02 8.168453108138280641e+02 8.872894087376020025e+02
7.177626478459400232e+02 7.506641064843579443e+02 8.215444015705670608e+02
3.838977912893939219e+02 4.174338626727299584e+02 6.549470142615280110e+02
7.171323229195029398e+02 7.501741056705200208e+02 7.866691147990560466e+02
7.160902969948249392e+02 7.488921277707470381e+02 7.547556357866890266e+02
6.186425976112980152e+02 6.502812242072400295e+02 8.877344128918300612e+02
8.510858606027231872e+02 8.844324114241192092e+02 8.897954564848730570e+02
7.151933572715520313e+02 7.484147370150110419e+02 8.557951178087650987e+02
6.511256563127590198e+02 6.841896061898401058e+02 8.860356246213000304e+02
7.841850540762060291e+02 8.173457168609420478e+02 6.886669386713949734e+02
6.489109019377390268e+02 6.821456857934330174e+02 8.545224224709380678e+02
8.178028800927099837e+02 8.509576082981220679e+02 7.548795970543750400e+02
6.839350940709160795e+02 7.166560329311780606e+02 7.555257590193510850e+02
4.845217080638989273e+02 5.170280572403709130e+02 7.228445947513260990e+02
