0.000000000000000000e+00 0.000000000000000000e+00 0.000000000000000000e+00
0.000000000000000000e+00 0.000000000000000000e+00 0.000000000000000000e+00
0.000000000000000000e+00 0.000000000000000000e+00 0.000000000000000000e+00
0.000000000000000000e+00 0.000000000000000000e+00 0.000000000000000000e+00
0.000000000000000000e+00 0.000000000000000000e+00 0.000000000000000000e+00
0.000000000000000000e+00 0.000000000000000000e+00 0.000000000000000000e+00
0.000000000000000000e+00 0.000000000000000000e+00 0.000000000000000000e+00
0.000000000000000000e+00 0.000000000000000000e+00 0.000000000000000000e+00
0.000000000000000000e+00 0.000000000000000000e+00 0.000000000000000000e+00
0.000000000000000000e+00 0.000000000000000000e+00 0.000000000000000000e+00
0.000000000000000000e+00 0.000000000000000000e+00 0.000000000000000000e+00
0.000000000000000000e+00 0.000000000000000000e+00 0.000000000000000000e+00
0.000000000000000000e+00 0.000000000000000000e+00 0.000000000000000000e+00
0.000000000000000000e+00 0.000000000000000000e+00 0.000000000000000000e+00
0.000000000000000000e+00 0.000000000000000000e+00 0.000000000000000000e+00
0.000000000000000000e+00 0.000000000000000000e+00 0.000000000000000000e+00
0.000000000000000000e+00 0.000000000000000000e+00 0.000000000000000000e+00
0.000000000000000000e+00 0.000000000000000000e+00 0.000000000000000000e+00
0.000000000000000000e+00 0.000000000000000000e+00 0.000000000000000000e+00
0.000000000000000000e+00 0.000000000000000000e+00 0.000000000000000000e+00
0.000000000000000000e+00 0.000000000000000000e+00 0.000000000000000000e+00
0.000000000000000000e+00 0.000000000000000000e+00 0.000000000000000000e+00
0.000000000000000000e+00 0.000000000000000000e+00 0.000000000000000000e+00
0.000000000000000000e+00 0.000000000000000000e+00 0.000000000000000000e+00
1.666666666666666990e-02 0.000000000000000000e+00 0.000000000000000000e+00
1.666666666666666990e-02 0.000000000000000000e+00 0.000000000000000000e+00
4.166666666666670182e-01 0.000000000000000000e+00 0.000000000000000000e+00
8.000000000000000444e-01 0.000000000000000000e+00 0.000000000000000000e+00
8.000000000000000444e-01 0.000000000000000000e+00 0.000000000000000000e+00
7.666666666666670515e-01 1.333333333333329984e-01 0.000000000000000000e+00
7.666666666666670515e-01 7.500000000000000000e-01 0.000000000000000000e+00
7.500000000000000000e-01 7.666666666666670515e-01 0.000000000000000000e+00
8.166666666666669849e-01 8.499999999999999778e-01 0.000000000000000000e+00
7.833333333333329929e-01 7.666666666666670515e-01 0.000000000000000000e+00
7.833333333333329929e-01 8.000000000000000444e-01 0.000000000000000000e+00
8.000000000000000444e-01 7.833333333333329929e-01 0.000000000000000000e+00
7.833333333333329929e-01 8.666666666666670293e-01 0.000000000000000000e+00
6.833333333333330151e-01 7.166666666666670071e-01 0.000000000000000000e+00
7.833333333333329929e-01 8.000000000000000444e-01 0.000000000000000000e+00
6.166666666666670293e-01 6.500000000000000222e-01 0.000000000000000000e+00
6.166666666666670293e-01 6.500000000000000222e-01 0.000000000000000000e+00
7.833333333333329929e-01 8.000000000000000444e-01 0.000000000000000000e+00
6.500000000000000222e-01 6.666666666666669627e-01 0.000000000000000000e+00
6.500000000000000222e-01 6.666666666666669627e-01 0.000000000000000000e+00
6.833333333333330151e-01 6.999999999999999556e-01 0.000000000000000000e+00
7.166666666666670071e-01 7.166666666666670071e-01 0.000000000000000000e+00
7.666666666666670515e-01 7.833333333333329929e-01 0.000000000000000000e+00
6.833333333333330151e-01 6.999999999999999556e-01 0.000000000000000000e+00
5.666666666666669849e-01 5.999999999999999778e-01 0.000000000000000000e+00
7.166666666666670071e-01 7.500000000000000000e-01 0.000000000000000000e+00
6.833333333333330151e-01 6.833333333333330151e-01 0.000000000000000000e+00
5.999999999999999778e-01 5.999999999999999778e-01 0.000000000000000000e+00
6.500000000000000222e-01 6.333333333333329707e-01 0.000000000000000000e+00
5.999999999999999778e-01 5.999999999999999778e-01 0.000000000000000000e+00
6.333333333333329707e-01 6.166666666666670293e-01 0.000000000000000000e+00
6.999999999999999556e-01 7.166666666666670071e-01 0.000000000000000000e+00
5.833333333333330373e-01 5.999999999999999778e-01 0.000000000000000000e+00
5.666666666666669849e-01 5.833333333333330373e-01 0.000000000000000000e+00
7.333333333333329485e-01 7.333333333333329485e-01 0.000000000000000000e+00
5.999999999999999778e-01 5.999999999999999778e-01 0.000000000000000000e+00
5.999999999999999778e-01 6.500000000000000222e-01 0.000000000000000000e+00
4.500000000000000111e-01 4.666666666666670071e-01 0.000000000000000000e+00
5.500000000000000444e-01 5.999999999999999778e-01 0.000000000000000000e+00
6.666666666666669627e-01 6.999999999999999556e-01 0.000000000000000000e+00
4.666666666666670071e-01 4.500000000000000111e-01 0.000000000000000000e+00
5.666666666666669849e-01 5.666666666666669849e-01 0.000000000000000000e+00
5.999999999999999778e-01 5.999999999999999778e-01 0.000000000000000000e+00
5.833333333333330373e-01 5.999999999999999778e-01 0.000000000000000000e+00
5.500000000000000444e-01 5.666666666666669849e-01 0.000000000000000000e+00
6.166666666666670293e-01 6.166666666666670293e-01 0.000000000000000000e+00
5.333333333333329929e-01 5.166666666666670515e-01 0.000000000000000000e+00
5.666666666666669849e-01 5.500000000000000444e-01 0.000000000000000000e+00
5.999999999999999778e-01 5.999999999999999778e-01 0.000000000000000000e+00
4.833333333333330040e-01 4.833333333333330040e-01 0.000000000000000000e+00
5.166666666666670515e-01 5.166666666666670515e-01 0.000000000000000000e+00
4.833333333333330040e-01 4.833333333333330040e-01 0.000000000000000000e+00
5.999999999999999778e-01 5.999999999999999778e-01 0.000000000000000000e+00
6.500000000000000222e-01 6.500000000000000222e-01 0.000000000000000000e+00
4.333333333333330151e-01 4.333333333333330151e-01 0.000000000000000000e+00
5.833333333333330373e-01 5.833333333333330373e-01 0.000000000000000000e+00
5.666666666666669849e-01 5.666666666666669849e-01 0.000000000000000000e+00
4.666666666666670071e-01 4.666666666666670071e-01 0.000000000000000000e+00
4.500000000000000111e-01 4.500000000000000111e-01 0.000000000000000000e+00
5.500000000000000444e-01 5.500000000000000444e-01 0.000000000000000000e+00
5.000000000000000000e-01 5.000000000000000000e-01 0.000000000000000000e+00
5.000000000000000000e-01 5.000000000000000000e-01 0.000000000000000000e+00
5.333333333333329929e-01 5.333333333333329929e-01 0.000000000000000000e+00
5.000000000000000000e-01 5.166666666666670515e-01 0.000000000000000000e+00
5.833333333333330373e-01 5.999999999999999778e-01 0.000000000000000000e+00
4.666666666666670071e-01 4.833333333333330040e-01 1.666666666666666990e-02
5.166666666666670515e-01 5.166666666666670515e-01 0.000000000000000000e+00
5.999999999999999778e-01 6.166666666666670293e-01 0.000000000000000000e+00
4.166666666666670182e-01 4.166666666666670182e-01 1.666666666666666990e-02
5.000000000000000000e-01 5.000000000000000000e-01 1.666666666666666990e-02
4.333333333333330151e-01 4.333333333333330151e-01 3.333333333333333287e-02
4.333333333333330151e-01 4.666666666666670071e-01 5.000000000000000278e-02
5.999999999999999778e-01 5.999999999999999778e-01 0.000000000000000000e+00
4.666666666666670071e-01 4.666666666666670071e-01 3.333333333333333287e-02
5.500000000000000444e-01 5.833333333333330373e-01 6.666666666666666574e-02
5.166666666666670515e-01 5.166666666666670515e-01 8.333333333333332871e-02
3.666666666666669738e-01 3.833333333333330262e-01 8.333333333333332871e-02
5.666666666666669849e-01 5.666666666666669849e-01 1.000000000000000056e-01
4.500000000000000111e-01 4.500000000000000111e-01 5.000000000000000278e-02
2.333333333333330040e-01 2.666666666666669960e-01 6.666666666666666574e-02
5.666666666666669849e-01 5.833333333333330373e-01 8.333333333333332871e-02
4.666666666666670071e-01 4.666666666666670071e-01 0.000000000000000000e+00
4.500000000000000111e-01 4.500000000000000111e-01 0.000000000000000000e+00
5.999999999999999778e-01 5.999999999999999778e-01 0.000000000000000000e+00
5.166666666666670515e-01 5.333333333333329929e-01 3.333333333333333287e-02
5.166666666666670515e-01 5.166666666666670515e-01 0.000000000000000000e+00
5.333333333333329929e-01 5.500000000000000444e-01 0.000000000000000000e+00
4.166666666666670182e-01 4.333333333333330151e-01 0.000000000000000000e+00
4.666666666666670071e-01 5.000000000000000000e-01 0.000000000000000000e+00
4.166666666666670182e-01 4.333333333333330151e-01 1.666666666666666990e-02
3.499999999999999778e-01 3.499999999999999778e-01 0.000000000000000000e+00
3.833333333333330262e-01 3.833333333333330262e-01 0.000000000000000000e+00
4.833333333333330040e-01 4.833333333333330040e-01 0.000000000000000000e+00
3.833333333333330262e-01 4.000000000000000222e-01 0.000000000000000000e+00
5.666666666666669849e-01 5.666666666666669849e-01 0.000000000000000000e+00
4.500000000000000111e-01 4.666666666666670071e-01 0.000000000000000000e+00
4.500000000000000111e-01 4.500000000000000111e-01 0.000000000000000000e+00
4.333333333333330151e-01 4.333333333333330151e-01 0.000000000000000000e+00
4.166666666666670182e-01 4.166666666666670182e-01 0.000000000000000000e+00
5.000000000000000000e-01 5.000000000000000000e-01 0.000000000000000000e+00
4.166666666666670182e-01 4.333333333333330151e-01 1.666666666666666990e-02
3.499999999999999778e-01 3.499999999999999778e-01 0.000000000000000000e+00
5.000000000000000000e-01 5.000000000000000000e-01 0.000000000000000000e+00
4.666666666666670071e-01 4.666666666666670071e-01 1.666666666666666990e-02
3.333333333333329818e-01 3.333333333333329818e-01 1.666666666666666990e-02
5.000000000000000000e-01 5.000000000000000000e-01 1.666666666666666990e-02
4.500000000000000111e-01 4.500000000000000111e-01 5.000000000000000278e-02
4.166666666666670182e-01 4.166666666666670182e-01 3.333333333333333287e-02
4.000000000000000222e-01 4.333333333333330151e-01 1.666666666666666990e-02
3.333333333333329818e-01 3.499999999999999778e-01 1.000000000000000056e-01
4.500000000000000111e-01 4.666666666666670071e-01 1.666666666666666990e-02
5.333333333333329929e-01 5.333333333333329929e-01 5.000000000000000278e-02
3.666666666666669738e-01 3.666666666666669738e-01 1.333333333333329984e-01
4.833333333333330040e-01 4.833333333333330040e-01 3.333333333333333287e-02
5.000000000000000000e-01 5.000000000000000000e-01 1.166666666666670016e-01
4.000000000000000222e-01 4.000000000000000222e-01 3.166666666666669849e-01
5.333333333333329929e-01 5.333333333333329929e-01 1.499999999999999944e-01
3.833333333333330262e-01 4.000000000000000222e-01 2.333333333333330040e-01
3.666666666666669738e-01 3.666666666666669738e-01 4.000000000000000222e-01
4.500000000000000111e-01 4.666666666666670071e-01 2.166666666666670071e-01
4.166666666666670182e-01 4.333333333333330151e-01 2.999999999999999889e-01
3.499999999999999778e-01 3.499999999999999778e-01 3.833333333333330262e-01
4.666666666666670071e-01 4.666666666666670071e-01 2.500000000000000000e-01
4.166666666666670182e-01 4.166666666666670182e-01 4.000000000000000222e-01
4.666666666666670071e-01 4.666666666666670071e-01 3.333333333333329818e-01
4.333333333333330151e-01 4.333333333333330151e-01 3.166666666666669849e-01
3.499999999999999778e-01 3.666666666666669738e-01 3.499999999999999778e-01
4.666666666666670071e-01 4.666666666666670071e-01 4.666666666666670071e-01
3.833333333333330262e-01 3.833333333333330262e-01 4.500000000000000111e-01
3.666666666666669738e-01 3.666666666666669738e-01 4.833333333333330040e-01
4.166666666666670182e-01 4.166666666666670182e-01 5.833333333333330373e-01
2.999999999999999889e-01 2.999999999999999889e-01 6.500000000000000222e-01
4.000000000000000222e-01 4.000000000000000222e-01 6.999999999999999556e-01
5.166666666666670515e-01 5.166666666666670515e-01 4.833333333333330040e-01
3.499999999999999778e-01 3.499999999999999778e-01 7.166666666666670071e-01
3.499999999999999778e-01 3.499999999999999778e-01 6.500000000000000222e-01
4.666666666666670071e-01 4.666666666666670071e-01 6.999999999999999556e-01
3.333333333333329818e-01 3.333333333333329818e-01 7.833333333333329929e-01
4.333333333333330151e-01 4.333333333333330151e-01 7.166666666666670071e-01
3.666666666666669738e-01 3.833333333333330262e-01 7.166666666666670071e-01
4.333333333333330151e-01 4.333333333333330151e-01 8.000000000000000444e-01
5.000000000000000000e-01 5.000000000000000000e-01 7.500000000000000000e-01
2.999999999999999889e-01 3.166666666666669849e-01 8.499999999999999778e-01
3.499999999999999778e-01 3.499999999999999778e-01 8.666666666666670293e-01
5.166666666666670515e-01 5.166666666666670515e-01 8.000000000000000444e-01
4.666666666666670071e-01 4.666666666666670071e-01 7.333333333333329485e-01
5.166666666666670515e-01 5.166666666666670515e-01 7.333333333333329485e-01
4.500000000000000111e-01 4.500000000000000111e-01 7.333333333333329485e-01
3.666666666666669738e-01 3.666666666666669738e-01 6.833333333333330151e-01
4.500000000000000111e-01 4.500000000000000111e-01 8.333333333333330373e-01
4.333333333333330151e-01 4.333333333333330151e-01 6.999999999999999556e-01
4.500000000000000111e-01 4.500000000000000111e-01 6.500000000000000222e-01
4.500000000000000111e-01 4.333333333333330151e-01 8.000000000000000444e-01
3.333333333333329818e-01 3.333333333333329818e-01 7.666666666666670515e-01
4.833333333333330040e-01 4.833333333333330040e-01 7.166666666666670071e-01
5.666666666666669849e-01 5.500000000000000444e-01 6.999999999999999556e-01
3.166666666666669849e-01 3.166666666666669849e-01 5.999999999999999778e-01
4.666666666666670071e-01 4.666666666666670071e-01 7.333333333333329485e-01
4.000000000000000222e-01 4.000000000000000222e-01 7.166666666666670071e-01
3.666666666666669738e-01 3.666666666666669738e-01 6.333333333333329707e-01
4.166666666666670182e-01 4.166666666666670182e-01 5.666666666666669849e-01
4.166666666666670182e-01 4.000000000000000222e-01 6.666666666666669627e-01
3.666666666666669738e-01 3.666666666666669738e-01 6.666666666666669627e-01
4.500000000000000111e-01 4.500000000000000111e-01 6.999999999999999556e-01
3.666666666666669738e-01 3.666666666666669738e-01 5.833333333333330373e-01
5.333333333333329929e-01 5.166666666666670515e-01 5.833333333333330373e-01
4.833333333333330040e-01 4.833333333333330040e-01 6.166666666666670293e-01
4.166666666666670182e-01 4.000000000000000222e-01 6.166666666666670293e-01
3.333333333333329818e-01 3.333333333333329818e-01 5.333333333333329929e-01
4.666666666666670071e-01 4.500000000000000111e-01 5.666666666666669849e-01
4.333333333333330151e-01 4.333333333333330151e-01 5.500000000000000444e-01
5.166666666666670515e-01 5.166666666666670515e-01 5.999999999999999778e-01
3.833333333333330262e-01 3.833333333333330262e-01 5.500000000000000444e-01
4.166666666666670182e-01 4.166666666666670182e-01 5.500000000000000444e-01
5.500000000000000444e-01 5.333333333333329929e-01 6.166666666666670293e-01
4.666666666666670071e-01 4.666666666666670071e-01 5.666666666666669849e-01
4.000000000000000222e-01 4.000000000000000222e-01 4.666666666666670071e-01
5.333333333333329929e-01 5.166666666666670515e-01 5.333333333333329929e-01
3.666666666666669738e-01 3.499999999999999778e-01 5.500000000000000444e-01
5.000000000000000000e-01 4.833333333333330040e-01 4.833333333333330040e-01
4.833333333333330040e-01 4.833333333333330040e-01 5.000000000000000000e-01
3.499999999999999778e-01 3.333333333333329818e-01 5.000000000000000000e-01
4.666666666666670071e-01 4.666666666666670071e-01 4.833333333333330040e-01
5.166666666666670515e-01 5.166666666666670515e-01 6.166666666666670293e-01
4.333333333333330151e-01 4.333333333333330151e-01 5.000000000000000000e-01
4.333333333333330151e-01 4.333333333333330151e-01 5.500000000000000444e-01
3.833333333333330262e-01 3.833333333333330262e-01 5.666666666666669849e-01
4.500000000000000111e-01 4.500000000000000111e-01 5.333333333333329929e-01
5.166666666666670515e-01 5.166666666666670515e-01 6.333333333333329707e-01
3.333333333333329818e-01 3.333333333333329818e-01 5.333333333333329929e-01
5.000000000000000000e-01 5.000000000000000000e-01 5.666666666666669849e-01
4.333333333333330151e-01 4.333333333333330151e-01 5.999999999999999778e-01
4.000000000000000222e-01 4.000000000000000222e-01 4.833333333333330040e-01
4.833333333333330040e-01 4.833333333333330040e-01 6.333333333333329707e-01
3.833333333333330262e-01 3.833333333333330262e-01 5.333333333333329929e-01
2.833333333333329929e-01 2.666666666666669960e-01 3.833333333333330262e-01
5.666666666666669849e-01 5.500000000000000444e-01 5.833333333333330373e-01
4.666666666666670071e-01 4.666666666666670071e-01 5.333333333333329929e-01
4.333333333333330151e-01 4.166666666666670182e-01 5.166666666666670515e-01
4.333333333333330151e-01 4.166666666666670182e-01 6.500000000000000222e-01
4.500000000000000111e-01 4.500000000000000111e-01 5.833333333333330373e-01
4.666666666666670071e-01 4.666666666666670071e-01 5.000000000000000000e-01
4.333333333333330151e-01 4.333333333333330151e-01 6.666666666666669627e-01
2.999999999999999889e-01 2.999999999999999889e-01 4.333333333333330151e-01
5.833333333333330373e-01 5.833333333333330373e-01 6.833333333333330151e-01
4.333333333333330151e-01 4.166666666666670182e-01 5.333333333333329929e-01
4.500000000000000111e-01 4.666666666666670071e-01 4.833333333333330040e-01
5.000000000000000000e-01 5.000000000000000000e-01 5.666666666666669849e-01
3.833333333333330262e-01 3.833333333333330262e-01 5.333333333333329929e-01
4.000000000000000222e-01 4.000000000000000222e-01 4.666666666666670071e-01
4.333333333333330151e-01 4.333333333333330151e-01 5.666666666666669849e-01
3.166666666666669849e-01 3.166666666666669849e-01 4.000000000000000222e-01
4.333333333333330151e-01 4.333333333333330151e-01 5.999999999999999778e-01
5.500000000000000444e-01 5.500000000000000444e-01 6.166666666666670293e-01
4.500000000000000111e-01 4.666666666666670071e-01 5.500000000000000444e-01
4.500000000000000111e-01 4.500000000000000111e-01 5.500000000000000444e-01
4.833333333333330040e-01 4.833333333333330040e-01 5.833333333333330373e-01
4.666666666666670071e-01 4.666666666666670071e-01 5.166666666666670515e-01
5.500000000000000444e-01 5.500000000000000444e-01 6.166666666666670293e-01
3.666666666666669738e-01 3.666666666666669738e-01 3.833333333333330262e-01
4.166666666666670182e-01 4.166666666666670182e-01 4.166666666666670182e-01
5.000000000000000000e-01 5.000000000000000000e-01 5.999999999999999778e-01
3.666666666666669738e-01 3.666666666666669738e-01 4.833333333333330040e-01
4.500000000000000111e-01 4.500000000000000111e-01 5.166666666666670515e-01
3.499999999999999778e-01 3.499999999999999778e-01 5.666666666666669849e-01
4.333333333333330151e-01 4.333333333333330151e-01 4.666666666666670071e-01
4.333333333333330151e-01 4.333333333333330151e-01 5.166666666666670515e-01
4.166666666666670182e-01 4.166666666666670182e-01 5.166666666666670515e-01
4.333333333333330151e-01 4.333333333333330151e-01 4.833333333333330040e-01
3.833333333333330262e-01 3.833333333333330262e-01 5.833333333333330373e-01
4.833333333333330040e-01 5.000000000000000000e-01 5.000000000000000000e-01
4.166666666666670182e-01 4.166666666666670182e-01 5.166666666666670515e-01
4.000000000000000222e-01 4.000000000000000222e-01 5.166666666666670515e-01
4.166666666666670182e-01 4.166666666666670182e-01 5.166666666666670515e-01
4.833333333333330040e-01 4.833333333333330040e-01 4.833333333333330040e-01
3.666666666666669738e-01 3.666666666666669738e-01 5.500000000000000444e-01
3.499999999999999778e-01 3.666666666666669738e-01 4.833333333333330040e-01
4.000000000000000222e-01 4.000000000000000222e-01 5.333333333333329929e-01
4.166666666666670182e-01 4.166666666666670182e-01 5.000000000000000000e-01
4.333333333333330151e-01 4.333333333333330151e-01 5.500000000000000444e-01
4.500000000000000111e-01 4.500000000000000111e-01 5.166666666666670515e-01
3.333333333333329818e-01 3.333333333333329818e-01 4.666666666666670071e-01
4.166666666666670182e-01 4.166666666666670182e-01 5.166666666666670515e-01
5.166666666666670515e-01 5.333333333333329929e-01 5.999999999999999778e-01
4.000000000000000222e-01 4.000000000000000222e-01 5.166666666666670515e-01
3.833333333333330262e-01 3.833333333333330262e-01 5.166666666666670515e-01
4.666666666666670071e-01 4.666666666666670071e-01 6.166666666666670293e-01
4.500000000000000111e-01 4.500000000000000111e-01 4.666666666666670071e-01
5.333333333333329929e-01 5.333333333333329929e-01 5.666666666666669849e-01
3.666666666666669738e-01 3.666666666666669738e-01 4.833333333333330040e-01
3.666666666666669738e-01 3.666666666666669738e-01 4.333333333333330151e-01
4.333333333333330151e-01 4.333333333333330151e-01 5.000000000000000000e-01
4.166666666666670182e-01 4.166666666666670182e-01 4.833333333333330040e-01
3.333333333333329818e-01 3.333333333333329818e-01 5.000000000000000000e-01
4.833333333333330040e-01 4.833333333333330040e-01 5.999999999999999778e-01
3.666666666666669738e-01 3.666666666666669738e-01 5.000000000000000000e-01
4.000000000000000222e-01 4.000000000000000222e-01 5.166666666666670515e-01
4.833333333333330040e-01 4.833333333333330040e-01 5.833333333333330373e-01
3.499999999999999778e-01 3.499999999999999778e-01 3.499999999999999778e-01
4.666666666666670071e-01 4.666666666666670071e-01 4.666666666666670071e-01
5.500000000000000444e-01 5.500000000000000444e-01 5.833333333333330373e-01
3.166666666666669849e-01 3.333333333333329818e-01 3.666666666666669738e-01
4.833333333333330040e-01 4.833333333333330040e-01 5.500000000000000444e-01
4.166666666666670182e-01 4.166666666666670182e-01 5.000000000000000000e-01
4.333333333333330151e-01 4.333333333333330151e-01 5.000000000000000000e-01
4.833333333333330040e-01 4.833333333333330040e-01 5.833333333333330373e-01
3.166666666666669849e-01 3.333333333333329818e-01 4.833333333333330040e-01
4.500000000000000111e-01 4.500000000000000111e-01 4.833333333333330040e-01
4.500000000000000111e-01 4.666666666666670071e-01 5.000000000000000000e-01
4.166666666666670182e-01 4.166666666666670182e-01 4.000000000000000222e-01
4.166666666666670182e-01 4.166666666666670182e-01 4.500000000000000111e-01
3.833333333333330262e-01 3.833333333333330262e-01 5.500000000000000444e-01
2.999999999999999889e-01 2.999999999999999889e-01 3.833333333333330262e-01
6.166666666666670293e-01 6.166666666666670293e-01 6.166666666666670293e-01
4.500000000000000111e-01 4.500000000000000111e-01 4.500000000000000111e-01
3.499999999999999778e-01 3.499999999999999778e-01 4.000000000000000222e-01
5.166666666666670515e-01 5.166666666666670515e-01 5.333333333333329929e-01
4.666666666666670071e-01 4.666666666666670071e-01 5.500000000000000444e-01
3.499999999999999778e-01 3.499999999999999778e-01 4.166666666666670182e-01
4.833333333333330040e-01 4.833333333333330040e-01 5.500000000000000444e-01
4.166666666666670182e-01 4.166666666666670182e-01 4.000000000000000222e-01
5.500000000000000444e-01 5.500000000000000444e-01 5.333333333333329929e-01
4.666666666666670071e-01 4.666666666666670071e-01 4.500000000000000111e-01
3.499999999999999778e-01 3.499999999999999778e-01 3.499999999999999778e-01
4.166666666666670182e-01 4.166666666666670182e-01 4.500000000000000111e-01
4.666666666666670071e-01 4.666666666666670071e-01 5.333333333333329929e-01
4.666666666666670071e-01 4.666666666666670071e-01 4.666666666666670071e-01
5.333333333333329929e-01 5.333333333333329929e-01 5.333333333333329929e-01
3.833333333333330262e-01 3.833333333333330262e-01 4.333333333333330151e-01
4.500000000000000111e-01 4.666666666666670071e-01 4.333333333333330151e-01
5.000000000000000000e-01 5.000000000000000000e-01 4.666666666666670071e-01
2.999999999999999889e-01 2.999999999999999889e-01 4.000000000000000222e-01
3.333333333333329818e-01 3.333333333333329818e-01 4.333333333333330151e-01
4.333333333333330151e-01 4.333333333333330151e-01 4.500000000000000111e-01
3.333333333333329818e-01 3.333333333333329818e-01 4.000000000000000222e-01
5.166666666666670515e-01 5.166666666666670515e-01 5.333333333333329929e-01
4.333333333333330151e-01 4.333333333333330151e-01 4.833333333333330040e-01
3.499999999999999778e-01 3.499999999999999778e-01 4.000000000000000222e-01
5.000000000000000000e-01 4.833333333333330040e-01 5.166666666666670515e-01
4.333333333333330151e-01 4.333333333333330151e-01 4.500000000000000111e-01
3.499999999999999778e-01 3.499999999999999778e-01 4.000000000000000222e-01
5.333333333333329929e-01 5.333333333333329929e-01 4.666666666666670071e-01
3.333333333333329818e-01 3.333333333333329818e-01 4.166666666666670182e-01
4.000000000000000222e-01 4.000000000000000222e-01 3.833333333333330262e-01
4.833333333333330040e-01 4.666666666666670071e-01 5.333333333333329929e-01
4.333333333333330151e-01 4.166666666666670182e-01 4.000000000000000222e-01
4.333333333333330151e-01 4.333333333333330151e-01 5.500000000000000444e-01
5.333333333333329929e-01 5.333333333333329929e-01 5.500000000000000444e-01
2.333333333333330040e-01 2.333333333333330040e-01 3.833333333333330262e-01
5.500000000000000444e-01 5.500000000000000444e-01 4.333333333333330151e-01
4.000000000000000222e-01 4.000000000000000222e-01 5.000000000000000000e-01
3.333333333333329818e-01 3.333333333333329818e-01 3.833333333333330262e-01
5.166666666666670515e-01 5.166666666666670515e-01 5.500000000000000444e-01
3.499999999999999778e-01 3.499999999999999778e-01 3.499999999999999778e-01
4.166666666666670182e-01 3.833333333333330262e-01 5.500000000000000444e-01
5.166666666666670515e-01 5.166666666666670515e-01 6.166666666666670293e-01
3.499999999999999778e-01 3.499999999999999778e-01 4.166666666666670182e-01
4.666666666666670071e-01 4.666666666666670071e-01 4.666666666666670071e-01
4.333333333333330151e-01 4.333333333333330151e-01 4.833333333333330040e-01
4.666666666666670071e-01 4.666666666666670071e-01 4.666666666666670071e-01
5.166666666666670515e-01 5.166666666666670515e-01 4.666666666666670071e-01
4.000000000000000222e-01 4.000000000000000222e-01 3.666666666666669738e-01
3.666666666666669738e-01 3.666666666666669738e-01 3.833333333333330262e-01
5.000000000000000000e-01 5.000000000000000000e-01 5.000000000000000000e-01
4.833333333333330040e-01 4.833333333333330040e-01 4.666666666666670071e-01
4.000000000000000222e-01 4.000000000000000222e-01 5.000000000000000000e-01
4.666666666666670071e-01 4.666666666666670071e-01 5.666666666666669849e-01
4.333333333333330151e-01 4.333333333333330151e-01 4.166666666666670182e-01
5.000000000000000000e-01 4.833333333333330040e-01 6.500000000000000222e-01
4.333333333333330151e-01 4.333333333333330151e-01 4.833333333333330040e-01
3.833333333333330262e-01 3.833333333333330262e-01 3.499999999999999778e-01
5.500000000000000444e-01 5.500000000000000444e-01 5.666666666666669849e-01
4.333333333333330151e-01 4.166666666666670182e-01 4.333333333333330151e-01
4.166666666666670182e-01 4.166666666666670182e-01 4.666666666666670071e-01
5.333333333333329929e-01 5.333333333333329929e-01 4.666666666666670071e-01
3.333333333333329818e-01 3.333333333333329818e-01 3.833333333333330262e-01
4.333333333333330151e-01 4.166666666666670182e-01 4.666666666666670071e-01
5.999999999999999778e-01 5.999999999999999778e-01 5.666666666666669849e-01
4.000000000000000222e-01 4.000000000000000222e-01 4.000000000000000222e-01
4.166666666666670182e-01 4.166666666666670182e-01 4.500000000000000111e-01
4.166666666666670182e-01 4.166666666666670182e-01 4.500000000000000111e-01
4.500000000000000111e-01 4.500000000000000111e-01 3.833333333333330262e-01
4.666666666666670071e-01 4.666666666666670071e-01 4.500000000000000111e-01
4.000000000000000222e-01 4.000000000000000222e-01 3.166666666666669849e-01
4.666666666666670071e-01 4.500000000000000111e-01 5.000000000000000000e-01
5.166666666666670515e-01 5.166666666666670515e-01 5.166666666666670515e-01
4.166666666666670182e-01 4.166666666666670182e-01 4.166666666666670182e-01
5.333333333333329929e-01 5.333333333333329929e-01 5.500000000000000444e-01
4.500000000000000111e-01 4.500000000000000111e-01 4.833333333333330040e-01
4.666666666666670071e-01 4.666666666666670071e-01 4.166666666666670182e-01
4.000000000000000222e-01 4.000000000000000222e-01 4.666666666666670071e-01
4.166666666666670182e-01 4.166666666666670182e-01 4.666666666666670071e-01
4.333333333333330151e-01 4.333333333333330151e-01 3.499999999999999778e-01
4.500000000000000111e-01 4.500000000000000111e-01 5.000000000000000000e-01
4.833333333333330040e-01 4.833333333333330040e-01 5.333333333333329929e-01
4.166666666666670182e-01 4.166666666666670182e-01 4.500000000000000111e-01
4.000000000000000222e-01 4.000000000000000222e-01 4.000000000000000222e-01
4.166666666666670182e-01 4.166666666666670182e-01 5.333333333333329929e-01
5.000000000000000000e-01 5.000000000000000000e-01 5.999999999999999778e-01
3.666666666666669738e-01 3.833333333333330262e-01 4.166666666666670182e-01
4.000000000000000222e-01 4.000000000000000222e-01 3.833333333333330262e-01
4.166666666666670182e-01 3.833333333333330262e-01 4.666666666666670071e-01
5.333333333333329929e-01 5.333333333333329929e-01 5.000000000000000000e-01
4.000000000000000222e-01 4.000000000000000222e-01 4.333333333333330151e-01
4.666666666666670071e-01 4.666666666666670071e-01 4.833333333333330040e-01
4.833333333333330040e-01 4.833333333333330040e-01 4.666666666666670071e-01
4.666666666666670071e-01 4.666666666666670071e-01 4.166666666666670182e-01
4.666666666666670071e-01 4.666666666666670071e-01 4.833333333333330040e-01
4.000000000000000222e-01 4.000000000000000222e-01 4.333333333333330151e-01
3.833333333333330262e-01 3.833333333333330262e-01 4.833333333333330040e-01
5.166666666666670515e-01 5.166666666666670515e-01 5.333333333333329929e-01
4.500000000000000111e-01 4.500000000000000111e-01 4.000000000000000222e-01
4.166666666666670182e-01 4.166666666666670182e-01 4.333333333333330151e-01
4.500000000000000111e-01 4.500000000000000111e-01 4.500000000000000111e-01
3.666666666666669738e-01 3.666666666666669738e-01 4.166666666666670182e-01
5.333333333333329929e-01 5.333333333333329929e-01 5.999999999999999778e-01
4.333333333333330151e-01 4.166666666666670182e-01 4.333333333333330151e-01
4.000000000000000222e-01 4.000000000000000222e-01 4.500000000000000111e-01
4.833333333333330040e-01 4.833333333333330040e-01 5.500000000000000444e-01
4.666666666666670071e-01 4.666666666666670071e-01 4.833333333333330040e-01
4.166666666666670182e-01 4.166666666666670182e-01 4.500000000000000111e-01
4.166666666666670182e-01 4.166666666666670182e-01 4.500000000000000111e-01
4.000000000000000222e-01 4.000000000000000222e-01 3.499999999999999778e-01
5.166666666666670515e-01 5.166666666666670515e-01 4.500000000000000111e-01
4.166666666666670182e-01 4.333333333333330151e-01 4.166666666666670182e-01
3.166666666666669849e-01 3.166666666666669849e-01 3.333333333333329818e-01
5.000000000000000000e-01 5.166666666666670515e-01 4.666666666666670071e-01
4.000000000000000222e-01 4.000000000000000222e-01 5.166666666666670515e-01
4.333333333333330151e-01 4.500000000000000111e-01 4.166666666666670182e-01
4.833333333333330040e-01 4.833333333333330040e-01 5.666666666666669849e-01
3.499999999999999778e-01 3.499999999999999778e-01 3.833333333333330262e-01
3.333333333333329818e-01 3.333333333333329818e-01 4.666666666666670071e-01
5.166666666666670515e-01 5.166666666666670515e-01 4.833333333333330040e-01
4.166666666666670182e-01 4.166666666666670182e-01 4.333333333333330151e-01
4.166666666666670182e-01 4.166666666666670182e-01 4.333333333333330151e-01
4.166666666666670182e-01 4.166666666666670182e-01 4.333333333333330151e-01
4.500000000000000111e-01 4.666666666666670071e-01 4.500000000000000111e-01
5.000000000000000000e-01 5.000000000000000000e-01 5.166666666666670515e-01
4.333333333333330151e-01 4.500000000000000111e-01 5.000000000000000000e-01
4.500000000000000111e-01 4.666666666666670071e-01 4.666666666666670071e-01
4.666666666666670071e-01 4.500000000000000111e-01 5.666666666666669849e-01
3.833333333333330262e-01 3.833333333333330262e-01 3.333333333333329818e-01
4.833333333333330040e-01 4.833333333333330040e-01 4.000000000000000222e-01
4.166666666666670182e-01 4.166666666666670182e-01 5.166666666666670515e-01
3.833333333333330262e-01 4.000000000000000222e-01 3.833333333333330262e-01
5.333333333333329929e-01 5.333333333333329929e-01 4.666666666666670071e-01
3.833333333333330262e-01 3.833333333333330262e-01 4.833333333333330040e-01
4.000000000000000222e-01 4.500000000000000111e-01 3.666666666666669738e-01
5.000000000000000000e-01 5.000000000000000000e-01 4.833333333333330040e-01
4.500000000000000111e-01 4.833333333333330040e-01 4.833333333333330040e-01
3.833333333333330262e-01 3.833333333333330262e-01 4.500000000000000111e-01
4.333333333333330151e-01 4.333333333333330151e-01 4.000000000000000222e-01
3.166666666666669849e-01 3.166666666666669849e-01 3.833333333333330262e-01
4.833333333333330040e-01 4.833333333333330040e-01 4.166666666666670182e-01
4.833333333333330040e-01 4.833333333333330040e-01 5.333333333333329929e-01
3.499999999999999778e-01 3.499999999999999778e-01 3.333333333333329818e-01
4.833333333333330040e-01 4.833333333333330040e-01 4.833333333333330040e-01
4.833333333333330040e-01 4.833333333333330040e-01 5.666666666666669849e-01
4.500000000000000111e-01 4.500000000000000111e-01 4.833333333333330040e-01
5.000000000000000000e-01 5.000000000000000000e-01 5.833333333333330373e-01
4.000000000000000222e-01 4.000000000000000222e-01 4.333333333333330151e-01
5.000000000000000000e-01 5.000000000000000000e-01 5.166666666666670515e-01
4.833333333333330040e-01 4.833333333333330040e-01 5.000000000000000000e-01
4.000000000000000222e-01 4.000000000000000222e-01 2.999999999999999889e-01
3.333333333333329818e-01 3.333333333333329818e-01 3.333333333333329818e-01
5.000000000000000000e-01 5.000000000000000000e-01 5.333333333333329929e-01
4.500000000000000111e-01 4.500000000000000111e-01 3.833333333333330262e-01
4.500000000000000111e-01 4.500000000000000111e-01 4.500000000000000111e-01
4.500000000000000111e-01 4.500000000000000111e-01 5.500000000000000444e-01
4.333333333333330151e-01 4.333333333333330151e-01 4.000000000000000222e-01
5.166666666666670515e-01 5.166666666666670515e-01 4.666666666666670071e-01
4.333333333333330151e-01 4.333333333333330151e-01 5.666666666666669849e-01
3.833333333333330262e-01 3.833333333333330262e-01 3.333333333333329818e-01
4.333333333333330151e-01 4.333333333333330151e-01 5.166666666666670515e-01
4.500000000000000111e-01 4.500000000000000111e-01 4.166666666666670182e-01
5.333333333333329929e-01 5.333333333333329929e-01 4.166666666666670182e-01
5.166666666666670515e-01 5.166666666666670515e-01 4.333333333333330151e-01
4.333333333333330151e-01 4.333333333333330151e-01 3.666666666666669738e-01
5.000000000000000000e-01 5.000000000000000000e-01 3.833333333333330262e-01
5.666666666666669849e-01 5.666666666666669849e-01 4.833333333333330040e-01
2.666666666666669960e-01 2.833333333333329929e-01 2.999999999999999889e-01
4.833333333333330040e-01 4.833333333333330040e-01 4.166666666666670182e-01
4.666666666666670071e-01 4.666666666666670071e-01 4.500000000000000111e-01
3.333333333333329818e-01 3.333333333333329818e-01 3.833333333333330262e-01
4.666666666666670071e-01 4.666666666666670071e-01 4.500000000000000111e-01
3.666666666666669738e-01 3.666666666666669738e-01 2.999999999999999889e-01
4.000000000000000222e-01 4.000000000000000222e-01 3.833333333333330262e-01
5.666666666666669849e-01 5.666666666666669849e-01 5.999999999999999778e-01
4.000000000000000222e-01 4.000000000000000222e-01 4.000000000000000222e-01
4.333333333333330151e-01 4.333333333333330151e-01 3.833333333333330262e-01
5.000000000000000000e-01 5.000000000000000000e-01 4.833333333333330040e-01
4.000000000000000222e-01 4.000000000000000222e-01 3.166666666666669849e-01
4.833333333333330040e-01 4.833333333333330040e-01 4.666666666666670071e-01
4.833333333333330040e-01 4.833333333333330040e-01 4.500000000000000111e-01
3.833333333333330262e-01 3.833333333333330262e-01 3.333333333333329818e-01
4.500000000000000111e-01 4.500000000000000111e-01 5.666666666666669849e-01
3.833333333333330262e-01 3.833333333333330262e-01 4.666666666666670071e-01
3.833333333333330262e-01 3.833333333333330262e-01 4.333333333333330151e-01
4.500000000000000111e-01 4.333333333333330151e-01 5.166666666666670515e-01
4.500000000000000111e-01 4.500000000000000111e-01 4.666666666666670071e-01
4.166666666666670182e-01 4.166666666666670182e-01 4.166666666666670182e-01
4.666666666666670071e-01 4.666666666666670071e-01 5.166666666666670515e-01
3.666666666666669738e-01 3.666666666666669738e-01 3.833333333333330262e-01
4.833333333333330040e-01 4.833333333333330040e-01 5.000000000000000000e-01
4.500000000000000111e-01 4.500000000000000111e-01 4.666666666666670071e-01
2.833333333333329929e-01 2.833333333333329929e-01 3.833333333333330262e-01
4.500000000000000111e-01 4.500000000000000111e-01 4.500000000000000111e-01
4.500000000000000111e-01 4.500000000000000111e-01 4.333333333333330151e-01
4.000000000000000222e-01 4.000000000000000222e-01 5.000000000000000000e-01
5.166666666666670515e-01 5.166666666666670515e-01 5.000000000000000000e-01
4.500000000000000111e-01 4.500000000000000111e-01 4.833333333333330040e-01
4.166666666666670182e-01 4.166666666666670182e-01 5.000000000000000000e-01
4.833333333333330040e-01 4.833333333333330040e-01 4.000000000000000222e-01
4.166666666666670182e-01 4.166666666666670182e-01 4.833333333333330040e-01
5.000000000000000000e-01 5.000000000000000000e-01 4.333333333333330151e-01
4.333333333333330151e-01 4.333333333333330151e-01 4.333333333333330151e-01
3.333333333333329818e-01 3.333333333333329818e-01 4.166666666666670182e-01
