0.000000000000000000e+00 0.000000000000000000e+00 0.000000000000000000e+00
-4.901092832944519841e+02 -4.901092832944519841e+02 3.252826001769799219e-02
-1.259662944224719922e+03 -1.223128600745500080e+03 -1.499766104888669904e+00
-1.382612713424110098e+03 -1.293118301291269972e+03 -1.132674070918909948e+01
-2.064347057725489947e+02 -2.098598351052060025e+02 -4.063130258048190058e+01
-1.175439045035499930e+03 -1.074495025740149913e+03 -8.484679969109960496e+01
-8.139131542688879790e+02 -7.112947136272209718e+02 -1.297912962184460071e+02
-1.669018172409199906e+03 -1.530157782967809908e+03 -1.926715949172779858e+02
-1.696022853277359900e+03 -1.486924807764009984e+03 -2.586979617519879753e+02
-1.913758859164619935e+03 -1.477771094375380017e+03 -3.507888943821570251e+02
-1.192502232650080032e+03 -4.929109821106459890e+02 -4.605879282010910174e+02
-7.181388608987009547e+02 -6.821278469572259837e+02 -5.748154836377809715e+02
-1.069041363394070004e+03 -5.296106276776120012e+02 -7.119321997274180376e+02
-6.359190378871110170e+02 -5.582166298470230004e+02 -8.731265042851509861e+02
-7.454705793351120064e+02 -5.040756876495460119e+02 -9.905493357640880276e+02
-7.623673095917989713e+02 -5.065460546430559816e+02 -9.919573815736920324e+02
-6.007810539682619719e+02 -4.863141555238859723e+02 -8.670845222788140063e+02
-6.731610676251769974e+02 -5.022030066116610101e+02 -4.469779092287969888e+02
-6.765070668349110292e+02 -5.014356949698629933e+02 -6.120485047670690193e+01
-6.776118744621579708e+02 -5.056444193196359720e+02 -7.088766909284230167e+01
-6.771838880590710232e+02 -5.062220352816490276e+02 -8.071575061695919828e+01
-6.828622858567190406e+02 -5.155905352171749882e+02 -8.704729645783899628e+01
-6.978086143569289561e+02 -5.121355556804560365e+02 -8.688344733810720300e+01
-7.371456271225910086e+02 -5.113075226872759913e+02 -7.932589248547120064e+01
-6.655267537370949640e+02 -4.913573347172289800e+02 -7.558363365359249997e+01
-7.941037906925009793e+02 -5.241419875411120302e+02 -7.314815022709019843e+01
-4.217527850199920181e+02 -5.591734458479589875e+02 -7.283865360073110651e+01
-1.894875479326680079e+02 -5.487452522677890556e+02 -7.245620722764709853e+01
-1.889143765355190112e+02 -5.676876244164000127e+02 -7.059794709742030250e+01
-1.866690988031579934e+02 -4.766042483794769851e+02 -6.967018936048489763e+01
-1.889299280596760013e+02 -1.691822377211520063e+02 -7.303487017144600202e+01
-1.909186556548569911e+02 -1.658364197420999915e+02 -7.330611302128639295e+01
-1.882091094153969948e+02 -1.608841908397670011e+02 -8.018041169452270367e+01
-1.876634786837400100e+02 -1.654334187031020065e+02 -9.030672698602039361e+01
-1.906438510059770124e+02 -1.583556126932759867e+02 -9.724560514709220627e+01
-1.970458760029279972e+02 -1.619731569387440118e+02 -1.036425990844380038e+02
-1.886231161631559985e+02 -1.587675608195849861e+02 -1.117215829636990065e+02
-1.900332818450870036e+02 -1.630723935596809895e+02 -1.163171825773620043e+02
-1.875486640058730075e+02 -1.658833916825560095e+02 -1.231530558671280033e+02
-1.884285101667150002e+02 -1.725205640026059939e+02 -1.269214090013930019e+02
-1.902371043116500005e+02 -1.651808896181190107e+02 -1.285195746539619961e+02
-1.890788654830440123e+02 -1.639432548062569879e+02 -1.372729015527980039e+02
-1.867253016368269982e+02 -1.603605320837179988e+02 -1.375051232728760056e+02
-1.871730460600030028e+02 -1.714632501230840091e+02 -1.465153907035370082e+02
-1.999200549815969907e+02 -1.571350827291099961e+02 -1.505962387536499989e+02
-1.896544316890129949e+02 -1.530405208739649936e+02 -1.387376704708929935e+02
-1.895427570197410034e+02 -1.504238539222700126e+02 -1.354318533464119980e+02
-1.909812193520670007e+02 -1.632532180014879941e+02 -1.316411667690640002e+02
-1.906334384807539948e+02 -1.567033845637579930e+02 -1.434795519807680080e+02
-1.905573018288160085e+02 -1.490445110049030006e+02 -1.625938232509660111e+02
-1.906202761247510011e+02 -1.557309151276629962e+02 -1.709618948504349873e+02
-1.901270265790219867e+02 -1.603341330787509946e+02 -1.897367312764700102e+02
-1.897317314089499973e+02 -1.547771061295919992e+02 -2.054716232032280061e+02
-1.884265657877060107e+02 -1.553325696838649890e+02 -2.316204659279950135e+02
-1.889557478131409880e+02 -1.634568916737590030e+02 -2.542178181094249965e+02
-1.913420976241100107e+02 -1.661134316766610084e+02 -2.726198539743389802e+02
-1.900850537814249890e+02 -1.576223809615509879e+02 -2.801223035980269742e+02
-1.883958600851399865e+02 -1.597322199718020101e+02 -2.835754055297970240e+02
-1.898638209275979989e+02 -1.580659181611800079e+02 -3.027764689104919853e+02
-1.892617062695229890e+02 -1.476062147600530068e+02 -2.840715384751500210e+02
-1.891375309408439875e+02 -1.456921176355220098e+02 -3.399413355291230232e+02
-1.931469342180330102e+02 -1.480905472756440133e+02 -4.645386924753229891e+02
-1.896593582600469858e+02 -1.595488813778200097e+02 -7.060135537038829625e+02
-1.901202880790820018e+02 -1.485446306636420104e+02 -7.891528051768890464e+02
-1.917543739672209995e+02 -1.583049426230820131e+02 -1.033564436811979931e+03
-1.891305809361369938e+02 -1.545915497405680128e+02 -9.353204164117539676e+02
-1.921012134800500064e+02 -1.600128024099780077e+02 -1.018217958431200032e+03
-1.941836759297090111e+02 -1.648594296734059981e+02 -7.237996406501499678e+02
-1.909059745558949999e+02 -1.648902328809940059e+02 -4.870828434566159899e+02
-1.912667788517279917e+02 -1.602657159517160039e+02 -2.336321507266200115e+02
-1.919789522104030084e+02 -1.668646131896340137e+02 -1.757636294256010103e+02
-1.903705606223109896e+02 -1.645000907843260052e+02 -1.421208659394160065e+02
-1.892720161554570097e+02 -1.538605328338639993e+02 -1.395971666467449950e+02
-1.935370721763270012e+02 -1.534512234337269945e+02 -1.218959670190480011e+02
-1.938070210629360020e+02 -1.517846954241250046e+02 -1.310866944571569945e+02
-1.904798706363800136e+02 -1.495395952702760098e+02 -1.141906590775590047e+02
-1.918711408378449903e+02 -1.507180402257340006e+02 -1.145840275884719972e+02
-1.922514509585109863e+02 -1.526610563521880124e+02 -1.149046364820590043e+02
-1.912932777723380013e+02 -1.538265239951450098e+02 -1.124622481421120028e+02
-1.923513650372129860e+02 -1.553158697167210107e+02 -1.144129203715539944e+02
-1.928950937236550089e+02 -1.591894978110279908e+02 -1.229767951156320009e+02
-1.911102841386579883e+02 -1.612407117590759924e+02 -1.192118831224569959e+02
-1.928399840630910091e+02 -1.604875841637800136e+02 -1.250052308756060029e+02
-1.916162923058219860e+02 -1.568038611840219971e+02 -1.280916746086390106e+02
-1.913975359679510007e+02 -1.575798233764309941e+02 -1.359861893715410019e+02
-1.933694107888250073e+02 -1.557580720456790004e+02 -1.355967281545559899e+02
-1.919986173827630012e+02 -1.545325531068980069e+02 -1.426083135754570037e+02
-1.913653186962480106e+02 -1.537807725758349875e+02 -1.465993262814409945e+02
-1.900214782335480095e+02 -1.523630605382020065e+02 -1.523541308767100020e+02
-1.930299904803239883e+02 -1.539854385331260005e+02 -1.539447800349740021e+02
-1.927813762806979980e+02 -1.530765973731149927e+02 -1.579002468586440102e+02
-1.912572853810299875e+02 -1.540171999537870136e+02 -1.579467555525449995e+02
-1.941821901962860011e+02 -1.558594300501980001e+02 -1.632074507647490123e+02
-1.946430166216680107e+02 -1.603689701255769933e+02 -1.628381333469179992e+02
-1.928657774619940142e+02 -1.642386421028679990e+02 -1.668089857613969968e+02
-1.925606741396819928e+02 -1.660311114808899902e+02 -1.749134325873679927e+02
-1.928044984580949972e+02 -1.664988766108540119e+02 -1.718685862592139983e+02
-1.919253804712500084e+02 -1.641658568015429864e+02 -1.776567309478039931e+02
-1.910555808932869866e+02 -1.626525737049269935e+02 -1.746343253949700056e+02
-1.887471328177190060e+02 -1.573310111236230000e+02 -2.044549074092219882e+02
-1.953513844478360113e+02 -1.577770132361229969e+02 -2.007483332818050030e+02
-1.920754590434339946e+02 -1.540605541253250124e+02 -2.088209493943670054e+02
-1.916929639390079956e+02 -1.545133864850789962e+02 -2.553920943679009952e+02
-1.933885984063799981e+02 -1.564910217947399929e+02 -2.511476576369429949e+02
-1.917870778802499956e+02 -1.565265582239740070e+02 -2.923201252900399822e+02
-1.933011184428629861e+02 -1.575795849146350065e+02 -3.708752033622200202e+02
-1.946198125659300047e+02 -1.603111180019569986e+02 -4.159296867870290271e+02
-1.919283664009300026e+02 -1.576437379711530014e+02 -5.026818712732269887e+02
-1.914607526350660009e+02 -1.594305671264010016e+02 -5.546313915154479446e+02
-1.934515785479800059e+02 -1.626307872304309967e+02 -4.975946050419819926e+02
-1.925416248261140026e+02 -1.614050544187269907e+02 -6.146938160299249603e+02
-1.936151603040530063e+02 -1.605122504015890001e+02 -6.312788284184830445e+02
-1.935829061705989886e+02 -1.610179878937090052e+02 -5.537649945049760163e+02
-1.916044175631159874e+02 -1.589075291685470006e+02 -5.479787937749409821e+02
-1.909847779091649898e+02 -1.563083097234959951e+02 -5.288229517871469625e+02
-1.910209035676369922e+02 -1.546211626092610061e+02 -6.032839214078479699e+02
-1.907487809506149858e+02 -1.545520715430290011e+02 -4.968358840594950152e+02
-1.913445925910779977e+02 -1.541608552539869947e+02 -5.513448543232259453e+02
-1.931094072486619950e+02 -1.536467065157899867e+02 -5.344829878958760219e+02
-1.936981434512840110e+02 -1.553656187082129918e+02 -4.609130443165610131e+02
-1.937537198205669995e+02 -1.590614293441140035e+02 -4.379677771675779923e+02
-1.906793447393910128e+02 -1.574484117283149942e+02 -4.424226438396179901e+02
-1.904559329000229866e+02 -1.573146019288610091e+02 -5.222949999124330134e+02
-1.929704762253709873e+02 -1.599332121064919932e+02 -4.563943634183819995e+02
-1.918187804617020049e+02 -1.586583700733289959e+02 -4.486597698604210223e+02
-1.905519099104139968e+02 -1.581994476397559879e+02 -4.451118928965819919e+02
-1.924425558166940107e+02 -1.592626063491740069e+02 -4.529043831560829858e+02
-1.903611937161149967e+02 -1.563615355220049992e+02 -4.662765080997380096e+02
-1.912510833805349932e+02 -1.551804458313019950e+02 -4.873305052462579852e+02
-1.917817815155960091e+02 -1.548500373856140016e+02 -4.974533830067489930e+02
-1.923970071326870084e+02 -1.552805977232760029e+02 -4.862794115882859955e+02
-1.902225913150560075e+02 -1.546068980820510035e+02 -4.736999018684659859e+02
-1.907731840287360114e+02 -1.561626158566230060e+02 -4.776405590115439850e+02
-1.923292182889470041e+02 -1.584386759038499974e+02 -4.523815814791240086e+02
-1.913083065807099956e+02 -1.578937644522929986e+02 -4.272939192759400271e+02
-1.911953625234500009e+02 -1.580019428340779939e+02 -4.218429490470409746e+02
-1.920211180640220050e+02 -1.592874681646370050e+02 -3.254924384014410066e+02
-1.912214894579620079e+02 -1.600515015619490100e+02 -3.100748058522329984e+02
-1.891011088440529875e+02 -1.568647698476900132e+02 -2.474465799784570095e+02
-1.922131974893979987e+02 -1.584716563956309869e+02 -2.011076097258689970e+02
-1.890306850638610001e+02 -1.552694906860309914e+02 -2.012005179997890139e+02
-1.903256505846979962e+02 -1.560432574876319904e+02 -1.869144201880139917e+02
-1.924985342454160104e+02 -1.570282188617420047e+02 -1.927166213446799929e+02
-1.895955535290270006e+02 -1.545618393700860054e+02 -1.889204759961249920e+02
-1.916011081496990016e+02 -1.556221722545170110e+02 -1.832106403596050086e+02
-1.908435422660940048e+02 -1.555168767330490027e+02 -1.801395124127760141e+02
-1.905577141637579928e+02 -1.557797182029910061e+02 -1.777431321191409950e+02
-1.894064999008460006e+02 -1.561966315524269930e+02 -1.824219038072440071e+02
-1.895085460899269947e+02 -1.557702500690270142e+02 -1.762326237866340080e+02
-1.888956223095690063e+02 -1.571497619623660000e+02 -1.791533977480920043e+02
-1.894519534275509898e+02 -1.574683647312010066e+02 -1.782335917372919880e+02
-1.912100527810999893e+02 -1.579635842852810015e+02 -1.751657845038510004e+02
-1.912129208751049987e+02 -1.566680279414260042e+02 -1.772039252643120051e+02
-1.912146200173700095e+02 -1.579688620142150057e+02 -1.775593573710540056e+02
-1.903380756818679913e+02 -1.561268196895150027e+02 -1.791659446911179998e+02
-1.889029915217450082e+02 -1.549579666094500112e+02 -1.754572125470749882e+02
-1.907352124617299864e+02 -1.547527253396310130e+02 -1.759705828787610074e+02
-1.905388346244380102e+02 -1.552148340453200035e+02 -1.783963050053100119e+02
-1.900042143440400082e+02 -1.558396229890099960e+02 -1.779393541292409964e+02
-1.896759581470869875e+02 -1.564757110597599876e+02 -1.771249718511990068e+02
-1.893264542950460054e+02 -1.554320517812170124e+02 -1.788281272205410062e+02
-1.891345088362890010e+02 -1.556533169174319937e+02 -1.803916034686540115e+02
-1.904294166563250030e+02 -1.583205854536309971e+02 -1.791392299101239871e+02
-1.899464942184339975e+02 -1.573762588631780091e+02 -1.856705716445800078e+02
-1.885844381358600117e+02 -1.572920542398449868e+02 -1.877929546643630090e+02
-1.889685655306309968e+02 -1.578971969129410127e+02 -1.858651505025869994e+02
-1.887456595167940065e+02 -1.559407666118270015e+02 -1.884720435373259875e+02
-1.883172781639570132e+02 -1.556834206826239893e+02 -1.920487292281729879e+02
-1.885968536740510046e+02 -1.545429390559660021e+02 -1.907451527129580029e+02
-1.882065580190219976e+02 -1.558982504175270094e+02 -1.923265815647559975e+02
-1.885649777481910121e+02 -1.547210484227350094e+02 -1.945187272351820127e+02
-1.900108176858909985e+02 -1.561187918875939999e+02 -1.972432135812470051e+02
-1.902762334182230006e+02 -1.569492361750949954e+02 -1.986430026607640116e+02
-1.881661029979190118e+02 -1.531538311141680140e+02 -2.022329338400759866e+02
-1.908129119431949903e+02 -1.562462209919530096e+02 -2.014650266399320060e+02
-1.917301828820160097e+02 -1.576003496779769932e+02 -2.053449741238769946e+02
-1.873774152602190100e+02 -1.547683002224979987e+02 -2.077014589983230053e+02
-1.888227884112149866e+02 -1.573966613445489884e+02 -2.102842700297040039e+02
-1.882187731018379964e+02 -1.567047390211340030e+02 -2.150759109803069862e+02
-1.863963379168860115e+02 -1.553790008728740020e+02 -2.231077855643669920e+02
-1.872583362015120088e+02 -1.558196207513809952e+02 -2.190419236320630034e+02
-1.883057350178609965e+02 -1.552040438647009921e+02 -2.232210896688640105e+02
-1.878949346297079899e+02 -1.544142157005659897e+02 -2.282887850810490136e+02
-1.868809185185710078e+02 -1.533032207033799921e+02 -2.301936857228369888e+02
-1.889467752619000009e+02 -1.550967182210910096e+02 -2.472501850477229937e+02
-1.881212351374740024e+02 -1.545048066705489873e+02 -2.406787738737029940e+02
-1.887579704429209926e+02 -1.544735729504130006e+02 -2.445698034821859892e+02
-1.880201422171039951e+02 -1.543594547511960116e+02 -2.459409211176329961e+02
-1.876516860168489984e+02 -1.547801325511009907e+02 -2.447446428127080083e+02
-1.890867335338919872e+02 -1.553462425590880116e+02 -2.519833376814220003e+02
-1.866353647989000137e+02 -1.546965413108150074e+02 -2.565748795827510094e+02
-1.870699927192800089e+02 -1.551631944897310120e+02 -2.728254737661400213e+02
-1.884166628933909919e+02 -1.557227932165860125e+02 -2.700593484430929720e+02
-1.866556318324539916e+02 -1.536958973526870125e+02 -2.662644009053619811e+02
-1.872740182292120039e+02 -1.551524178128049982e+02 -2.880243768544079899e+02
-1.872913574815380002e+02 -1.549038128435099964e+02 -2.890608683442940219e+02
-1.882954683304120067e+02 -1.545225036985040106e+02 -2.965205631292840280e+02
-1.863299489315290032e+02 -1.534510192501830090e+02 -3.089532870750800271e+02
-1.884161481535909957e+02 -1.546115599102639919e+02 -3.083874570062070006e+02
-1.879566347567069897e+02 -1.536756914505469922e+02 -3.156742894748620074e+02
-1.866378709978939980e+02 -1.527410835459739928e+02 -3.076823808731779764e+02
-1.886487959555329894e+02 -1.554226467694900009e+02 -3.362405232242500119e+02
-1.883065344149839859e+02 -1.544545518694619943e+02 -3.243402597546580068e+02
-1.854034444927060008e+02 -1.521039859583339933e+02 -3.594855020470170075e+02
-1.884436084565940064e+02 -1.549751904253099895e+02 -3.298170958046649730e+02
-1.868376437537910135e+02 -1.553372548191929923e+02 -3.438784244157880039e+02
-1.833273189612409908e+02 -1.527879283604679870e+02 -3.366689268864610085e+02
-1.897876190346019882e+02 -1.554644466350079881e+02 -3.322672977729340005e+02
-1.900112389936020065e+02 -1.557718974096900126e+02 -3.348462777411559728e+02
-1.860126320593219873e+02 -1.522362495939700011e+02 -3.478930240314530238e+02
-1.881029942723180000e+02 -1.535498233114360005e+02 -3.408331157378160015e+02
-1.886134103782289912e+02 -1.547133931464730097e+02 -3.102192085090829892e+02
-1.866941988092299880e+02 -1.530608722421530103e+02 -3.372433849265190133e+02
-1.870868271841920034e+02 -1.550381870933790083e+02 -2.986620936762329848e+02
-1.895728066336669997e+02 -1.556383910949680001e+02 -3.170601734965670175e+02
-1.876962827885299987e+02 -1.541989817345499887e+02 -3.038757961258260138e+02
-1.885622818462709915e+02 -1.540541627605090014e+02 -2.973912117325299960e+02
-1.873235478035309995e+02 -1.542194402659569903e+02 -3.015616928214340078e+02
-1.886598731048619868e+02 -1.563154725787140080e+02 -3.076856264393640004e+02
-1.886350116837699886e+02 -1.544933071325600054e+02 -3.061019495148649980e+02
-1.870191515331499943e+02 -1.536554730667739932e+02 -3.050249238164399799e+02
-1.865098936971459977e+02 -1.541395667364789972e+02 -2.744553339087819950e+02
-1.882246429032419996e+02 -1.543757930273629881e+02 -2.761411126169430190e+02
-1.875026920447799910e+02 -1.539736779507269944e+02 -2.788946194894940049e+02
-1.875947131421119991e+02 -1.540967196225350051e+02 -2.658541175152220148e+02
-1.896621787826360048e+02 -1.554014187986250022e+02 -2.653534501944799899e+02
-1.872997217968849952e+02 -1.541886001220630078e+02 -2.567264843809990111e+02
-1.896988244803000043e+02 -1.550675947222420064e+02 -2.750783125233080000e+02
-1.888155330985609908e+02 -1.550523258147240142e+02 -2.640748700287369957e+02
-1.878465492051709873e+02 -1.535414318667359908e+02 -2.581153414198579981e+02
-1.886610658602249941e+02 -1.539395917755890082e+02 -2.521810838817040121e+02
-1.892476230165229936e+02 -1.557310989672909898e+02 -2.458880955791319991e+02
-1.902222238068540037e+02 -1.560232077175639915e+02 -2.468961631331499973e+02
-1.873074747352609961e+02 -1.545851316454370021e+02 -2.437978554884969924e+02
-1.910277663596849891e+02 -1.574650838895200025e+02 -2.419656359987129974e+02
-1.876378404667539996e+02 -1.550152453518730056e+02 -2.389356567043089967e+02
-1.871101733091489905e+02 -1.536371013762820041e+02 -2.386706505085280128e+02
-1.895109419813859972e+02 -1.555085822805230009e+02 -2.341691255243000001e+02
-1.895434051788600129e+02 -1.559336118482719939e+02 -2.348742999931739917e+02
-1.866300245350520015e+02 -1.531994223064650100e+02 -2.335382830648129868e+02
-1.886480275799729895e+02 -1.557964735511220056e+02 -2.341155049178389902e+02
-1.890699742628499962e+02 -1.556894005048390000e+02 -2.298466283532139869e+02
-1.886269918100479970e+02 -1.536807916258480020e+02 -2.313509995665149859e+02
-1.903660417696980005e+02 -1.563259152000489962e+02 -2.315883066082710116e+02
-1.895726747760280091e+02 -1.566523351899319891e+02 -2.332453039727570001e+02
-1.876090507690350080e+02 -1.541256439540069891e+02 -2.289646477624320084e+02
-1.905451771883440131e+02 -1.572567616002909858e+02 -2.323794867187149862e+02
-1.889263068472349971e+02 -1.569339343973140046e+02 -2.285712842524119992e+02
-1.864300496603609929e+02 -1.538717312774159893e+02 -2.315954409465529977e+02
-1.902006002340220050e+02 -1.558657956817260128e+02 -2.278696143353010086e+02
-1.897656491491559905e+02 -1.565284983082520114e+02 -2.265240788511019900e+02
-1.872886017681479984e+02 -1.550423823968910142e+02 -2.280400344924900082e+02
-1.906650983253830134e+02 -1.560745734314909896e+02 -2.267282969632319976e+02
-1.877052747728839961e+02 -1.552355285973430057e+02 -2.267900625436369921e+02
-1.896715439013119919e+02 -1.553031626625659953e+02 -2.289352818695359986e+02
-1.893769130562880036e+02 -1.556072522084650132e+02 -2.279949523533699960e+02
-1.899389800937599944e+02 -1.554528783936679872e+02 -2.252022069587920043e+02
-1.886817450528940014e+02 -1.557939390516970093e+02 -2.286735932578380073e+02
-1.880200150491110094e+02 -1.558752861891979933e+02 -2.266092265235870116e+02
-1.878316379416339998e+02 -1.543460058169530100e+02 -2.258931776470020054e+02
-1.892806615518229876e+02 -1.552683932844589947e+02 -2.254424340677180112e+02
-1.893662117777680010e+02 -1.569422901790669869e+02 -2.278190752294800063e+02
-1.885194671534179918e+02 -1.555235972476340010e+02 -2.256746521521600073e+02
-1.886095202620780071e+02 -1.550860240805849912e+02 -2.256928742913829922e+02
-1.901850639493669917e+02 -1.568486407376450131e+02 -2.249067424370909976e+02
-1.889689894276339999e+02 -1.550034255630390021e+02 -2.283034137935580077e+02
-1.884720954755769924e+02 -1.539411540034369921e+02 -2.301082230503220103e+02
-1.893877755882180054e+02 -1.540898261780210134e+02 -2.286749377416560094e+02
-1.887376193389960122e+02 -1.555273267743540089e+02 -2.263214856193069977e+02
-1.871438398735899966e+02 -1.541187493957179981e+02 -2.274820616642369941e+02
-1.914953250272579908e+02 -1.574914835169709875e+02 -2.270788720901240083e+02
-1.895778708328710138e+02 -1.545832665151710046e+02 -2.251810602660839891e+02
-1.877104470505339862e+02 -1.536765614371969946e+02 -2.295268957281639928e+02
-1.900130393250470036e+02 -1.565597318626900005e+02 -2.302906585930799963e+02
-1.881879620583210055e+02 -1.547539038682830039e+02 -2.312240703021089985e+02
-1.882902123266040064e+02 -1.542349034023559966e+02 -2.308486374372039904e+02
-1.877521151470010068e+02 -1.557349255224710021e+02 -2.287289371315490030e+02
-1.914539171584650035e+02 -1.565936571604410119e+02 -2.294398322657480094e+02
-1.886408077022950067e+02 -1.537462268001279995e+02 -2.306622870379819972e+02
-1.893405676497179968e+02 -1.551186547676990131e+02 -2.316317822129190063e+02
-1.898046908513020128e+02 -1.561788961534099940e+02 -2.334232992425160091e+02
-1.885247597806300064e+02 -1.532981916999100065e+02 -2.316438239805270030e+02
-1.897927512063959909e+02 -1.550770555013440060e+02 -2.314233260280850004e+02
-1.886869847016529889e+02 -1.547427888257930135e+02 -2.292461470507930130e+02
-1.872114807966779892e+02 -1.532905574065030123e+02 -2.324618886019920012e+02
-1.891179600017389930e+02 -1.551037134746910056e+02 -2.357286851555450085e+02
-1.873100140649090122e+02 -1.541075487888799955e+02 -2.329232393881939913e+02
-1.888323943703319969e+02 -1.555857353935500100e+02 -2.340838520974440087e+02
-1.889281125514650057e+02 -1.555529348023860052e+02 -2.332016169161499874e+02
-1.894932744293070073e+02 -1.546912613767680114e+02 -2.306889157879730021e+02
-1.895300859462240055e+02 -1.543841888283290018e+02 -2.343122790364919865e+02
-1.889289237645579931e+02 -1.565909041574080049e+02 -2.331273428893040034e+02
-1.873778921481240047e+02 -1.539761908047030090e+02 -2.321508387874299899e+02
-1.893160177541909945e+02 -1.545652196653410044e+02 -2.358729983699880108e+02
-1.869381343077870099e+02 -1.536183907678949936e+02 -2.273684761601539890e+02
-1.881751807610419860e+02 -1.543654962896929987e+02 -2.359113973582749963e+02
-1.884249721238840038e+02 -1.548454597074839967e+02 -2.287595633968049924e+02
-1.887159585196729950e+02 -1.545343909872329959e+02 -2.287232296465649881e+02
-1.880768907873280114e+02 -1.539511329652019924e+02 -2.282050459892629988e+02
-1.861684685362959897e+02 -1.538704580462000138e+02 -2.307983964663789891e+02
-1.873829134302910120e+02 -1.539785338199729949e+02 -2.288183790895689924e+02
-1.875730266964700093e+02 -1.541316516417579976e+02 -2.317038026496369980e+02
-1.878514227350179908e+02 -1.544363821962220129e+02 -2.285668133295060045e+02
-1.892752683022590077e+02 -1.559750391948149968e+02 -2.350298821993939953e+02
-1.864493807613970091e+02 -1.537010732728359983e+02 -2.354988509435360129e+02
-1.862756716518489952e+02 -1.529676218931359983e+02 -2.314527951540279957e+02
-1.894000922192269911e+02 -1.546975138626249873e+02 -2.320347829290699906e+02
-1.865164471658129912e+02 -1.530967742912339986e+02 -2.305244066491549972e+02
-1.876583286862189937e+02 -1.541678661805680122e+02 -2.235611654236759875e+02
-1.879888058258370052e+02 -1.552571434310779921e+02 -2.261669074179860104e+02
-1.871231201951520120e+02 -1.546482632641640009e+02 -2.220478524084819867e+02
-1.861566116555810027e+02 -1.537109222363910135e+02 -2.297911157916790046e+02
-1.869698310639369936e+02 -1.547386746603430083e+02 -2.286960820985630107e+02
-1.868684004816869901e+02 -1.553131097763740058e+02 -2.299348290325089863e+02
-1.856999628956880031e+02 -1.537862181199699876e+02 -2.231420533595970142e+02
-1.876332018522080034e+02 -1.558271537206069866e+02 -2.294012028350259982e+02
-1.887229735805049984e+02 -1.555854748567550132e+02 -2.323435269081890056e+02
-1.869011473248490063e+02 -1.549098315107169981e+02 -2.249077565509770125e+02
-1.863629529791159882e+02 -1.548997937272750107e+02 -2.297886075119789950e+02
-1.867803997454319926e+02 -1.545720209276450134e+02 -2.353041059406000102e+02
-1.878426139116450031e+02 -1.552382489121700075e+02 -2.254083695389120123e+02
-1.866198227266260119e+02 -1.533431523522550037e+02 -2.229093847703709912e+02
-1.861383025389150134e+02 -1.532656428557559991e+02 -2.191772594087140078e+02
-1.863817709005710128e+02 -1.538587037716220038e+02 -2.167293031633680016e+02
-1.849657332154930032e+02 -1.534224986504690094e+02 -2.168786962247189933e+02
-1.860775568530069961e+02 -1.528671408091180126e+02 -2.127649259245930011e+02
-1.858771017048900092e+02 -1.542840757871699964e+02 -2.160196323757240009e+02
-1.877543689587940037e+02 -1.559491668827959927e+02 -2.163105669095380108e+02
-1.848680787216200088e+02 -1.522933873447740041e+02 -2.183019520884209896e+02
-1.866330349538089877e+02 -1.551124847704950014e+02 -2.143343748464820067e+02
-1.853889860084630072e+02 -1.532543476059560135e+02 -2.163025874549279877e+02
-1.836340135273819953e+02 -1.515497510570340012e+02 -2.222651266306650086e+02
-1.850918146153559860e+02 -1.540474440228489925e+02 -2.030963854642500053e+02
-1.863923482301570118e+02 -1.539172545088810011e+02 -2.021356499280659875e+02
-1.855184116001140069e+02 -1.523960061377410113e+02 -2.041705484726010127e+02
-1.965209774568870102e+02 -1.533166433762920065e+02 -2.025412289281119911e+02
-1.858095357965069923e+02 -1.528746339478549885e+02 -2.067824394649850035e+02
-1.837140553463669903e+02 -1.515714242331779928e+02 -2.117365337846580076e+02
-1.870549329197530142e+02 -1.533086437572939928e+02 -2.180589195876150086e+02
-1.851541515986939999e+02 -1.537477686581759997e+02 -1.880083329230490108e+02
-1.843821310650280054e+02 -1.516143285135659937e+02 -1.929656027486149981e+02
-1.866990315369490077e+02 -1.543796902771520081e+02 -1.892206630968900072e+02
-1.845324262594969866e+02 -1.537762092324369974e+02 -1.857984801554779892e+02
-1.858900607677389871e+02 -1.536379537506169868e+02 -1.744684675355219952e+02
-1.855213711987589988e+02 -1.531702623379389934e+02 -1.687429484361329912e+02
-1.871737121667079862e+02 -1.541044116280930041e+02 -1.741380573580439943e+02
-1.844649925446369991e+02 -1.523653781614260083e+02 -1.730706026354029916e+02
-1.846465531320700109e+02 -1.531349549891799882e+02 -1.765006228620800073e+02
-1.856566135099369887e+02 -1.530719090502030042e+02 -1.692584008077699878e+02
-1.849569442763610141e+02 -1.538731875264940072e+02 -1.618042561215229966e+02
-1.843450324309550012e+02 -1.517228722824499982e+02 -1.684359695536030017e+02
-1.851069124398640042e+02 -1.527022115232520036e+02 -1.664455522514450081e+02
-1.844008033997660050e+02 -1.516130597451339952e+02 -1.564060773116210044e+02
-1.849504706309780033e+02 -1.521721708723339930e+02 -1.624376186803509938e+02
-1.860795482190339953e+02 -1.538138960880019965e+02 -1.554601014033509898e+02
-1.857967073447159976e+02 -1.543555554900850098e+02 -1.540316411692809879e+02
-1.843477857057449967e+02 -1.522360789870350004e+02 -1.480261299790159910e+02
-1.855331567600219955e+02 -1.528516968356790073e+02 -1.439114927028859938e+02
-1.826391083635830057e+02 -1.514677739859309895e+02 -1.458899969023929941e+02
-1.853598339710279959e+02 -1.532620672520559992e+02 -1.462584729107340138e+02
-1.861774521255439936e+02 -1.534106337914269886e+02 -1.433499259604340068e+02
-1.831399750120280032e+02 -1.511160232325140100e+02 -1.348178098835539913e+02
-1.859020627792430105e+02 -1.527730496150340116e+02 -1.397179429416009953e+02
-1.843050485959089997e+02 -1.509819237952029880e+02 -1.306512834625899870e+02
-1.828009121962309962e+02 -1.505864272322199895e+02 -1.367305726480639976e+02
-1.845998193950360076e+02 -1.534280505458769994e+02 -1.419799420314539873e+02
-1.851690631501409996e+02 -1.514345959563879944e+02 -1.252788563827139967e+02
-1.840440157596889890e+02 -1.510668139569540074e+02 -1.272952619134269980e+02
-1.866073360266479995e+02 -1.524244039307399987e+02 -1.245402701491219943e+02
-1.858821947190239996e+02 -1.533395262027449917e+02 -1.238596031910239930e+02
-1.851242029380860004e+02 -1.512400204090529883e+02 -1.299676620291780011e+02
-1.843413959447620130e+02 -1.529388541485519966e+02 -1.194605901696209997e+02
-1.865297136068379871e+02 -1.536556047109100120e+02 -1.238398425699709975e+02
-1.846394757036950125e+02 -1.531999090993440120e+02 -1.142008287596119942e+02
-1.846993905313559878e+02 -1.513012288410180020e+02 -1.237427025286019955e+02
-1.844404345851039864e+02 -1.525791495304059993e+02 -1.205939783643279952e+02
-1.840951574305580039e+02 -1.514862505734039928e+02 -1.303305907215620039e+02
-1.849726103012939973e+02 -1.527715478815919994e+02 -1.252234433883109972e+02
-1.861084285639230131e+02 -1.529379754872940111e+02 -1.168832541408300045e+02
-1.857696593674720020e+02 -1.532525203221200059e+02 -1.199199028323409948e+02
-1.860749997068899972e+02 -1.542912354643189872e+02 -1.091275220242989974e+02
-1.862417022995309992e+02 -1.534427944064609903e+02 -1.148721993403139976e+02
-1.834141327007210123e+02 -1.515423537858289933e+02 -1.150546005113140069e+02
-1.862829460635880139e+02 -1.539599582981529977e+02 -1.196805584675399956e+02
-1.860219276044009860e+02 -1.540565901071560120e+02 -1.173628311905169994e+02
-1.843901443050860109e+02 -1.530444653850319980e+02 -1.241476835005179993e+02
-1.860957256337210026e+02 -1.528232913235790136e+02 -1.156223913019429972e+02
-1.856657543384719986e+02 -1.529144994010970038e+02 -1.170000853699030046e+02
-1.848304142859269916e+02 -1.530180678064220103e+02 -1.097710765805109929e+02
-1.850943526758969995e+02 -1.514922883859360070e+02 -1.135241438731149941e+02
-1.853659220927200124e+02 -1.525263392268749953e+02 -1.116694968506899954e+02
-1.841173735785959877e+02 -1.515425691327970128e+02 -1.138717046759850007e+02
-1.867767668200559967e+02 -1.525455929018120003e+02 -1.141728506845520030e+02
-1.833758709845849921e+02 -1.512022686795060054e+02 -1.136735673090520038e+02
-1.841865618827499986e+02 -1.517256252299650043e+02 -1.141047217699429979e+02
-1.876073786677910107e+02 -1.548867668452759858e+02 -1.151807809341990065e+02
-1.857985667501249907e+02 -1.534405555150109990e+02 -1.143815480251970058e+02
-1.852928737979700031e+02 -1.528175554206239894e+02 -1.088434636461289955e+02
-1.858783756407389944e+02 -1.543019325256769889e+02 -1.113643082467000056e+02
-1.852285222579839967e+02 -1.526299951265550021e+02 -1.172662891096910016e+02
-1.850450401903270006e+02 -1.520062110980910006e+02 -1.142025544729339970e+02
-1.870512579596459943e+02 -1.538146584065850107e+02 -1.146881518896140051e+02
-1.848291622280520130e+02 -1.525368690601160040e+02 -1.201950769156720042e+02
-1.854345429979300093e+02 -1.542519039558249858e+02 -1.105478374667909947e+02
-1.869476220741030090e+02 -1.529897867672690097e+02 -1.109218457876999935e+02
-1.864266726895189947e+02 -1.530255641297989939e+02 -1.160854391027429955e+02
-1.855392575333129912e+02 -1.530651272783460115e+02 -1.123500340504919990e+02
-1.871594841079779883e+02 -1.538791804375730123e+02 -1.094179186134350061e+02
-1.856462250193939951e+02 -1.533010107620729912e+02 -1.115339706079950020e+02
-1.851264534016750076e+02 -1.527412715020790017e+02 -1.137260076585230024e+02
-1.861780415967920135e+02 -1.530560922757979938e+02 -1.109601781948099983e+02
-1.877179881942730049e+02 -1.558869668092609970e+02 -1.134401203539780028e+02
-1.850248100972729901e+02 -1.537594956098660077e+02 -1.132701202463999977e+02
-1.852159727708339858e+02 -1.532764972867940116e+02 -1.098455844869239968e+02
-1.864891031529820111e+02 -1.522559603626800140e+02 -1.130131382846209931e+02
-1.865898962651029933e+02 -1.521546739766750136e+02 -1.150540526419350016e+02
-1.862273676359679939e+02 -1.533825178995149940e+02 -1.111218665198060052e+02
-1.871149020532110114e+02 -1.540794923910430043e+02 -1.102201582964450068e+02
-1.863180395527089956e+02 -1.527157149153809996e+02 -1.137962764888870026e+02
-1.861217624615329953e+02 -1.524372963386429944e+02 -1.107660433149240049e+02
-1.843833032121169992e+02 -1.512518343406370036e+02 -1.118808582790850039e+02
-1.852367181449459963e+02 -1.525268811114270022e+02 -1.106908537298850064e+02
-1.876502164605259964e+02 -1.537207813240549967e+02 -1.096286448241790055e+02
-1.857239332439359885e+02 -1.522894311859120080e+02 -1.127055217317369937e+02
-1.858331593590100113e+02 -1.520751767414070059e+02 -1.119648534819829990e+02
-1.869852056357219965e+02 -1.537169865976850076e+02 -1.127662950454979978e+02
-1.854326230710709922e+02 -1.518347772077270008e+02 -1.119586997595509956e+02
-1.862116137080330134e+02 -1.525324303692300134e+02 -1.108413281453930068e+02
-1.839823850193930070e+02 -1.531143856230310121e+02 -1.161553699301390026e+02
-1.856788298229249961e+02 -1.519887277043710014e+02 -1.101575546319130012e+02
-1.852183025061330000e+02 -1.516166785343330048e+02 -1.115962278428410031e+02
-1.875361547824610113e+02 -1.532834242981149941e+02 -1.103739265981990059e+02
-1.858459099588359891e+02 -1.510993623551590019e+02 -1.095924414542180045e+02
-1.854621254519840079e+02 -1.521549791849130031e+02 -1.112396417367489931e+02
-1.877727092544290031e+02 -1.533261450172659863e+02 -1.133700094048490001e+02
-1.856234604543529940e+02 -1.534099946211730128e+02 -1.116583433468390041e+02
-1.850653406362889939e+02 -1.522927831959869991e+02 -1.133483647194299948e+02
-1.887173048316720099e+02 -1.542893790890339858e+02 -1.123253012878009969e+02
-1.875755375331339962e+02 -1.534279760195979918e+02 -1.104736302919870070e+02
-1.849887019848760019e+02 -1.517108987129539912e+02 -1.097763141497379991e+02
-1.871623175636219969e+02 -1.530714745197259958e+02 -1.108026894683749930e+02
-1.868765285349369947e+02 -1.531273561776729935e+02 -1.101791917102139990e+02
-1.846330119779829886e+02 -1.506950010996679907e+02 -1.161008603791269991e+02
-1.856505863590820127e+02 -1.526916057957340058e+02 -1.090445462341519942e+02
-1.861270130775079963e+02 -1.524869196904280102e+02 -1.141701930265879952e+02
-1.853481417422559900e+02 -1.526181717337310033e+02 -1.098677934897350070e+02
-1.848029809020490006e+02 -1.514824660558770120e+02 -1.137544011502770047e+02
-1.873534791261679970e+02 -1.525323187421249997e+02 -1.107920557471120020e+02
-1.857408508275100019e+02 -1.522985231546770137e+02 -1.106119834661229930e+02
-1.845323242785190132e+02 -1.501250554721079880e+02 -1.121352447429150061e+02
-1.854986048396970091e+02 -1.522941313003929906e+02 -1.113338004315779983e+02
-1.864309061096680011e+02 -1.517545968108539967e+02 -1.093453639717679948e+02
-1.859478485547990090e+02 -1.523324043088740041e+02 -1.133766002428230024e+02
-1.845419613311800049e+02 -1.520488231769789991e+02 -1.083233717196840047e+02
-1.832640684571090048e+02 -1.519148742302309927e+02 -1.125792767776100050e+02
-1.870900915460989893e+02 -1.532286865508540075e+02 -1.104172250462840026e+02
-1.825671799596819938e+02 -1.501125745271170047e+02 -1.109104535493540027e+02
-1.874834807859670036e+02 -1.530813521830150137e+02 -1.154987891893519958e+02
-1.858901831967610008e+02 -1.518763914099509975e+02 -1.101344922234739983e+02
-1.849974428006960068e+02 -1.507116159830690094e+02 -1.111446188568220066e+02
-1.851187097323810065e+02 -1.518536910838469964e+02 -1.106697418507589958e+02
-1.853274610218730061e+02 -1.515072087920869990e+02 -1.122842170791249998e+02
-1.849676589721329947e+02 -1.498870434223360064e+02 -1.096747290920410052e+02
-1.841470122610110138e+02 -1.498681024361729897e+02 -1.114248515038329970e+02
-1.864774124551190084e+02 -1.532479489979010054e+02 -1.131787492316999959e+02
-1.858198062110409978e+02 -1.512755616942230006e+02 -1.101412701318659941e+02
-1.832580961884540045e+02 -1.491722695140659880e+02 -1.116599298862119980e+02
-1.877554663101030030e+02 -1.529274922407230122e+02 -1.127361499037530024e+02
-1.854923030309439866e+02 -1.520072081791070104e+02 -1.117375096237319951e+02
-1.850717339664979875e+02 -1.519607412024469966e+02 -1.123868138345549994e+02
-1.843358824456310003e+02 -1.508517789052679916e+02 -1.110768117620930013e+02
-1.842726346941840063e+02 -1.510743372838799985e+02 -1.126192941178580043e+02
-1.834918988110279940e+02 -1.506878026108360018e+02 -1.114194602798099965e+02
-1.835484566599230050e+02 -1.513822427266229909e+02 -1.112494215972180029e+02
-1.836112656454120042e+02 -1.503564947434950057e+02 -1.138062064376239988e+02
-1.834050200116789995e+02 -1.494472989866490025e+02 -1.143784109686159951e+02
-1.843281060009090027e+02 -1.513681309733970011e+02 -1.111381686062100016e+02
-1.849084383551320059e+02 -1.512197788451329927e+02 -1.089393729743320023e+02
-1.858363783666920028e+02 -1.506151502723020030e+02 -1.123241336702359945e+02
-1.835698823296959858e+02 -1.507316874388239967e+02 -1.102425474434199941e+02
-1.827877022885240024e+02 -1.514680127457799870e+02 -1.136073932934220068e+02
-1.844967914468589925e+02 -1.503485636273360058e+02 -1.136028408563449972e+02
-1.844354486926480092e+02 -1.507177709169519915e+02 -1.149360815433360017e+02
-1.825678819921830041e+02 -1.505363122119329944e+02 -1.124600113876900025e+02
-1.813053375227850097e+02 -1.491392673018810058e+02 -1.093156322589630065e+02
-1.851832751633259875e+02 -1.518116538300390062e+02 -1.109349486950330004e+02
-1.845738244824979972e+02 -1.505503849063759958e+02 -1.134167363406500044e+02
-1.824832203814079890e+02 -1.498213558528379963e+02 -1.127105912623979975e+02
-1.822373521540600052e+02 -1.493358935156419989e+02 -1.117889317627670067e+02
-1.827688753772719963e+02 -1.492328039939359883e+02 -1.117196524051380067e+02
-1.828676770804970033e+02 -1.498258943294800076e+02 -1.133308852009439960e+02
-1.839097030051750039e+02 -1.511078722292529903e+02 -1.119110308799770053e+02
-1.813574023887020132e+02 -1.497187757927599989e+02 -1.122655871081699956e+02
-1.822474727306110083e+02 -1.489009219092149863e+02 -1.102045435151269999e+02
-1.848066427284479971e+02 -1.515852629849889865e+02 -1.108715488579010042e+02
-1.822076770205750051e+02 -1.491437271434940044e+02 -1.139643753786999980e+02
-1.824816125904600028e+02 -1.493209498057240125e+02 -1.113330613286049982e+02
-1.844224313955949981e+02 -1.511876475399010076e+02 -1.121442441957280067e+02
-1.821971199072899879e+02 -1.490423917018779889e+02 -1.117870696122910061e+02
-1.827315725957500092e+02 -1.500106337354879997e+02 -1.111409076473150037e+02
-1.821449586027669909e+02 -1.496386094262950053e+02 -1.104887385820079970e+02
