6.534588467131879952e+02
7.222494227879900563e+02
7.548718271942849469e+02
1.018692369460439977e+03
6.533533812438710129e+02
9.551346031400739776e+02
1.187980405826999913e+03
1.122643439697460053e+03
1.122972414213779984e+03
1.257200638628539991e+03
1.019937946786969974e+03
1.256948258679279888e+03
1.120783238954950093e+03
1.188961969093049902e+03
1.223236690820559943e+03
1.290107518688789924e+03
1.155848654307749939e+03
1.523763422787920035e+03
1.221876894154499951e+03
1.256517323157869896e+03
1.324576777233990015e+03
1.222720029045239926e+03
1.223280500789320058e+03
1.190457317557370061e+03
1.456948637829520067e+03
1.458098756719879930e+03
1.222869783900719995e+03
1.554030975297429904e+03
1.654218664223870064e+03
1.455569021321719902e+03
1.222043993535269919e+03
1.354443236677780078e+03
1.457789712762740010e+03
1.458266893290510097e+03
1.458118810538400112e+03
1.524038663004379941e+03
1.556273852306740082e+03
1.557181386495429933e+03
1.523995207695109912e+03
1.456637165562370001e+03
1.423223606320919998e+03
1.590024961810579953e+03
1.357654992405060057e+03
1.457585491815749947e+03
1.521320616058819951e+03
1.589722551983489893e+03
1.624117155844149920e+03
1.557667218214950026e+03
1.622148097625030005e+03
1.554580527612379910e+03
1.489911248667569907e+03
1.656609649999000112e+03
1.554819044888040025e+03
1.557049856725210020e+03
1.524283627068650048e+03
1.589714849216240054e+03
1.525264186774000109e+03
1.657389912517480070e+03
1.553471213897269990e+03
1.622051651062600058e+03
1.555508810185629955e+03
1.522960957509070113e+03
1.591207736959330077e+03
1.557691264508699987e+03
1.621603503992879951e+03
1.590367567347419936e+03
1.389457763344780005e+03
1.421889744710570085e+03
1.690399872270799960e+03
1.520782926347199918e+03
1.658547658367009944e+03
1.590863877335960069e+03
1.424290569047949930e+03
1.556854730441910078e+03
1.620971639202999995e+03
1.554404347889560086e+03
1.624124164583090078e+03
1.724725812787200084e+03
1.624697451068800092e+03
1.591440356333049976e+03
1.689064982199729911e+03
1.558527702395929964e+03
1.590575306210200097e+03
1.624029768021169957e+03
1.557971160504069985e+03
1.458392086872919890e+03
1.521038176043869953e+03
1.457188927168090004e+03
1.656344281547170112e+03
1.656589693182610063e+03
1.622374670360090022e+03
1.658196901400410070e+03
1.590620080904999895e+03
1.591070520994210028e+03
1.624796385291650040e+03
1.589619212367789942e+03
1.456946479967660025e+03
1.555725672108130084e+03
1.592015411745509937e+03
1.658624420624910044e+03
1.590733730558949901e+03
1.625229110115659978e+03
1.487114812297440039e+03
1.456029441737090110e+03
1.555161632244580005e+03
1.658082316570440071e+03
1.624289092547910059e+03
1.757999353120819933e+03
1.657070208242990020e+03
1.658017565419889934e+03
1.687437471362369934e+03
1.757289508470089913e+03
1.623892678839400105e+03
1.590964286363669999e+03
1.491708506211040003e+03
1.625034603493229952e+03
1.589453336991150081e+03
1.690362542709510080e+03
1.520834151893880062e+03
1.625445924975949993e+03
1.690119821047429923e+03
1.690956260236419894e+03
1.457172612021020086e+03
1.556581863632439990e+03
1.524973984174419911e+03
1.658182459512740024e+03
1.689341346833610032e+03
1.524770791792879891e+03
1.557686993695519959e+03
1.524216462393229904e+03
1.690499920777529951e+03
1.688904764813439897e+03
1.756748765642189937e+03
1.590062288515679938e+03
1.588939313142429910e+03
1.624488297041800024e+03
1.657148857890130103e+03
1.557565788685629968e+03
1.590486689354090004e+03
1.624536751583289970e+03
1.688747719495889896e+03
1.724143839889939954e+03
1.656535205142640052e+03
1.558959349813710105e+03
1.557100174519460097e+03
1.590723586823949972e+03
1.590276899845490107e+03
1.590451234011789893e+03
1.557370772513449992e+03
1.622424793750770050e+03
1.624870378234039890e+03
1.523983172353579903e+03
1.657355426548130026e+03
1.657867009063410023e+03
1.622522659786749955e+03
1.524473888379099890e+03
1.623033346717629911e+03
1.490500568211059999e+03
1.657727360858599923e+03
1.557590521852649999e+03
1.621822042197310111e+03
1.625155291111640054e+03
1.588494262971870057e+03
1.590804222149829911e+03
1.521754002709880069e+03
1.657856450314020094e+03
1.654471314216229985e+03
1.657865763378129941e+03
1.623802327965250015e+03
1.523420254050719905e+03
1.489587200585260007e+03
1.656079228558629893e+03
1.690542451005429939e+03
1.624533856914940088e+03
1.524389294330869916e+03
1.489718026859600059e+03
1.689927268321890097e+03
1.588263126894410107e+03
1.690358582286710089e+03
1.555905826371930061e+03
1.558490496691069893e+03
1.557859508533980033e+03
1.691337305467699935e+03
1.522541545664679916e+03
1.591859576864080054e+03
1.589965889624060082e+03
1.592000733926530074e+03
1.590924178676179963e+03
1.524663186622680087e+03
1.658072903322369939e+03
1.589739253195579977e+03
1.755325683079000100e+03
1.556410520953550076e+03
1.687829753291059887e+03
1.557369910257149968e+03
1.557009758491419916e+03
1.524885971650269994e+03
1.658095345729740075e+03
1.590131878137809963e+03
1.556993082583929890e+03
1.656896164056390035e+03
1.624459103360760082e+03
1.658446191852829998e+03
1.623102668392539954e+03
1.658598927989510003e+03
1.591313890448140000e+03
1.623223098858720050e+03
1.556243970463910046e+03
1.623520107681079935e+03
1.723675689165640051e+03
1.625443860022060107e+03
1.523450412610169906e+03
1.624979589208759990e+03
1.689104803047830046e+03
1.590583659561950071e+03
1.689157074588370051e+03
1.623896760244000006e+03
1.692106493355980092e+03
1.690370883212390027e+03
1.557685359010399907e+03
1.721872624076670036e+03
1.555687483310299967e+03
1.623101044780969914e+03
1.691284216642339970e+03
1.689094281067470092e+03
1.524800898066810078e+03
1.591019734350280032e+03
1.591770171407589942e+03
1.724629706519260026e+03
1.490179542261640108e+03
1.591270982424759950e+03
1.623938068867030097e+03
1.691832895791739929e+03
1.591629361057239976e+03
1.690381866777459891e+03
1.624554061927980001e+03
1.556991707684529956e+03
1.723313120892860070e+03
1.591144084266370101e+03
1.624555182441790066e+03
1.657957864432079987e+03
1.690931231395660006e+03
1.691570027516080017e+03
1.655636655475630050e+03
1.589737372549810061e+03
1.591968542749179960e+03
1.655322631148709888e+03
1.657219645999030035e+03
1.591270831969530036e+03
1.557364946287060093e+03
1.658019526125010088e+03
1.624115057858030013e+03
1.590942623907890038e+03
1.690747567298679996e+03
1.689875951067700043e+03
1.557387580653949954e+03
1.657158810670540106e+03
1.556882746117770012e+03
1.623805297945420079e+03
1.657318182176370101e+03
1.757397094397369983e+03
1.624528341131449906e+03
1.657629995374860073e+03
1.690563062816459933e+03
1.656240228699459976e+03
1.657450468831119906e+03
1.724680307484029981e+03
1.589311446351799987e+03
1.558282716138510068e+03
1.624893468566260026e+03
1.690079099791320004e+03
1.525705103563459943e+03
1.620343130246430064e+03
1.691782875380449923e+03
1.689710030563400096e+03
1.688503811680029912e+03
1.623870815699470086e+03
1.525062333141099998e+03
1.591116807483959974e+03
1.591750777676129928e+03
1.557575941139360111e+03
1.691173049053890054e+03
1.523251953977060111e+03
1.690566872831350111e+03
1.624621343838279927e+03
1.558231546258349908e+03
1.591812914089960032e+03
1.557095311624600072e+03
1.757180829748509950e+03
1.690783610539599977e+03
1.656721627703270087e+03
1.693041115920440006e+03
1.692737242202309972e+03
1.691625892653989922e+03
1.658748839881930053e+03
1.690094176496020054e+03
1.656734762520640061e+03
1.723879027160719943e+03
1.622177888646119982e+03
1.725355130855899915e+03
1.657123600761809939e+03
1.691193184663720103e+03
1.690478032825119953e+03
1.690379843756049922e+03
1.590207767281579891e+03
1.558512963095939995e+03
1.658092403751330039e+03
1.659491313727289935e+03
1.757338389407769910e+03
1.657572167944719922e+03
1.656029871704429979e+03
1.623315595130580050e+03
1.724181782590799912e+03
1.558297485892270061e+03
1.625360697277360032e+03
1.658896411659010028e+03
1.623047518859789989e+03
1.556867522552829996e+03
1.723250814640610088e+03
1.589867490288630052e+03
1.725173454992300094e+03
1.692119605721100015e+03
1.657983521062850059e+03
1.624451035489559899e+03
1.557269556214869908e+03
1.656857860078969907e+03
1.623961724576289953e+03
1.624468828653019955e+03
1.657724227463879970e+03
1.791726539266579948e+03
1.592040740807070051e+03
1.691509131276719927e+03
1.591075484849910026e+03
1.591518015192089933e+03
1.622700700139130049e+03
1.725797654125120062e+03
1.623702499695119968e+03
1.691350530053779949e+03
1.692071155405179979e+03
1.623850526153619967e+03
1.490265053880940059e+03
1.523634263868990047e+03
1.625173071405670044e+03
1.790936591166489961e+03
1.622656761820649990e+03
1.491899281392200010e+03
1.722048183163519980e+03
1.590655487971469938e+03
1.623810510421360050e+03
1.590893672306239978e+03
1.626508928073609923e+03
1.590728745051209899e+03
1.725005380721629990e+03
1.692426645613440087e+03
1.657438399753000112e+03
1.623666145387669985e+03
1.724478362899390049e+03
1.689188301473790034e+03
1.757241063443939993e+03
1.590976355697669987e+03
1.623929057685119915e+03
1.724501232828959928e+03
1.557616185041039898e+03
1.658091655310799979e+03
1.590940727454280022e+03
1.558553720990629927e+03
1.558814258602940072e+03
1.624945604391939924e+03
1.658081567429459938e+03
1.491287732624560022e+03
1.622974227194760033e+03
1.656323665150029910e+03
1.623641626387550104e+03
1.592391688743819941e+03
1.557872531579680071e+03
1.824382741747750060e+03
1.692597245415030102e+03
1.591852950756870086e+03
1.724874199366639914e+03
1.624709189152820045e+03
1.625724403340319896e+03
1.658636439626470064e+03
1.592007242645880069e+03
1.655976555030559894e+03
1.624797929422479910e+03
1.723896852539319980e+03
1.524174778765509927e+03
1.658637195413260088e+03
1.625274967183700028e+03
1.625393749829830085e+03
1.524802420718910071e+03
1.723865062021279982e+03
1.624640627047479938e+03
1.691530983981130021e+03
1.625315441656279972e+03
1.591929194137959939e+03
1.659248308483269966e+03
1.592186914693719928e+03
1.691274606107300087e+03
1.691063956031970065e+03
1.758014663299370113e+03
1.656666563982179923e+03
1.658890981999579935e+03
1.659372819501360027e+03
1.558226338928730001e+03
1.591838267561649900e+03
1.490972272561820091e+03
1.624196497391390039e+03
1.757919013881429919e+03
1.691586129231209952e+03
1.725434453438160062e+03
1.625101794143289908e+03
1.691658562637509931e+03
1.557761042936220065e+03
1.590777487040619917e+03
1.625115704518769917e+03
1.624454321535909912e+03
1.493098574762829912e+03
1.725576868589329933e+03
1.726576991455350026e+03
1.658684196214999929e+03
1.590451061801410106e+03
1.724532165149480079e+03
1.758282945667810054e+03
1.690865828996739992e+03
1.592314768165960004e+03
1.691891335937450094e+03
1.591221274666180079e+03
1.624072866022049993e+03
1.658025621690039998e+03
1.625697549808099893e+03
1.624771295384799942e+03
1.692216135060419901e+03
1.591916480262789946e+03
1.658533899547870078e+03
1.558074686658080054e+03
1.690254807327329900e+03
1.824608308436359948e+03
1.658126739095469929e+03
1.692391780772680022e+03
1.559287889929790026e+03
1.658161176354399913e+03
1.654044256290100066e+03
1.592334256893100019e+03
1.556711740240979907e+03
1.625705406865499981e+03
1.691734014117060042e+03
1.625098082299809903e+03
1.658085927427639945e+03
1.791855224133639922e+03
1.724011216760660091e+03
1.558709163008189989e+03
1.624123752360319941e+03
1.693684203819660070e+03
1.491368558537270019e+03
1.691466258421140083e+03
1.724879721789950054e+03
1.556295963785280037e+03
1.724793526659660074e+03
1.658288781445020049e+03
1.658852646921199948e+03
1.658722711115689890e+03
1.592723877782689897e+03
1.658690427522969912e+03
1.658048971996249975e+03
1.758903163097739935e+03
1.691056376015859996e+03
1.725036782969490105e+03
1.658542108241450023e+03
1.692590118990269957e+03
1.557514895581379960e+03
1.657592796362260060e+03
1.691285999850159897e+03
1.724530659855410022e+03
1.656748683214259927e+03
1.692301645480989919e+03
1.558522629700370089e+03
1.626763605467479920e+03
1.624156883327649894e+03
1.658597046860129922e+03
1.624315675307969968e+03
1.525020759816650070e+03
1.757243209254120075e+03
1.725633874421140035e+03
1.659946972416729977e+03
1.725325713634500062e+03
1.624927371515759887e+03
1.492079391328119982e+03
1.591193370492529993e+03
1.624707649009040097e+03
1.557950719086180015e+03
1.524485487364059964e+03
1.692207410956830017e+03
1.592833677345229944e+03
1.658965774076039907e+03
1.691566005902619963e+03
1.691671883495939937e+03
1.625036920097790016e+03
1.491798114333159901e+03
1.525519833550340081e+03
1.693138143045010111e+03
1.693221624861449982e+03
1.725662525881919919e+03
1.559005007352910070e+03
1.758380188758909981e+03
1.592399306907290111e+03
1.659486859164250063e+03
1.726159520624989909e+03
1.625834371322880088e+03
1.725334544203009955e+03
1.690746468467290015e+03
1.691230510876129983e+03
1.624581532811740090e+03
1.558309311033139920e+03
1.726953680714319944e+03
1.725715580682840027e+03
1.624953124711410055e+03
1.625029671245959889e+03
1.557959968883229976e+03
1.689098556797880065e+03
1.624978905152890093e+03
1.658177051562550105e+03
1.593999017000970071e+03
1.723067189993129887e+03
1.658994244842609987e+03
1.791967498074810010e+03
1.625025072831730085e+03
1.491719160960369891e+03
1.725817781348619974e+03
1.725568475483720022e+03
1.659206641601680076e+03
1.625868741980030109e+03
1.693430991864360067e+03
1.725015566555609894e+03
1.657601042186450059e+03
1.558354408684379905e+03
1.558679546835019892e+03
1.690321283234319935e+03
1.660655195101930076e+03
1.724559136834440096e+03
1.658113864631590104e+03
1.592594537472379898e+03
1.626898023503910053e+03
1.593191917720060019e+03
1.593487731038949960e+03
1.659102015488249890e+03
1.759624673273129929e+03
1.558003391397079895e+03
1.727207005215230083e+03
1.659602097712429895e+03
1.658353599359599912e+03
1.626003524630129959e+03
1.758892428154679919e+03
1.659045784503169898e+03
1.624274057430189941e+03
1.691621773144250028e+03
1.691649414703669891e+03
1.660843714742429938e+03
1.626254921830329977e+03
1.626376657584439954e+03
1.558980352374919903e+03
1.592274888251439961e+03
1.625735010561330000e+03
1.525015392926249888e+03
1.658432965772570014e+03
1.626417083685099897e+03
1.692939118313759991e+03
1.693346398117429999e+03
1.726327270351589959e+03
1.625185256199380092e+03
1.725196800036419972e+03
1.625955117815959966e+03
1.692728115153779981e+03
1.757933709979560035e+03
1.592669046730349919e+03
1.558806587770000078e+03
1.591397130765619977e+03
1.691993480465840094e+03
1.623558449272449934e+03
1.692298346792020084e+03
1.592695517915839901e+03
1.758655882980179967e+03
1.723898869697249893e+03
1.559847009655339889e+03
1.757916688240929943e+03
1.625543302925000035e+03
1.691679239509039917e+03
1.559835323729759921e+03
1.693251463513269982e+03
1.693700917779759948e+03
1.492178793521419948e+03
1.656310871120540014e+03
1.658625069562639965e+03
1.557299336184260028e+03
1.692279921640480097e+03
1.658910371272520024e+03
1.693430580311990070e+03
1.658076197615140018e+03
1.658824299860390056e+03
1.659013404526370095e+03
1.624537900090630046e+03
1.625071835543679981e+03
1.625095594213230015e+03
1.559277790403760036e+03
1.726398948072770054e+03
1.626717897277980001e+03
1.659536336828640060e+03
1.625698479490270074e+03
1.657297151058540067e+03
1.725369769021599950e+03
1.726614409979539914e+03
1.659513633508649946e+03
1.759254122763730038e+03
1.691841400935730007e+03
1.758556181368539910e+03
1.524307462197989935e+03
1.624902043613770047e+03
1.625815196754819908e+03
1.692229108698360051e+03
1.692091524207969996e+03
1.659464322538530041e+03
1.592273398664329989e+03
1.692164101781859927e+03
1.625311955930299973e+03
1.625131067201369888e+03
1.626413755949769893e+03
1.693444856611700061e+03
1.659091224295070106e+03
1.659008423750759903e+03
1.726093121776330008e+03
1.692585348928680105e+03
1.692756584449240108e+03
1.692079026015330101e+03
1.594995085722139947e+03
1.592352951121439901e+03
1.558657621193299974e+03
1.525212068117870103e+03
1.758931570016680098e+03
1.658334318477699981e+03
1.759736011720229953e+03
1.658430337704440035e+03
1.626706055222160103e+03
1.692216469170780101e+03
1.692013430791680094e+03
1.658348216739949976e+03
1.659743882789440022e+03
1.659052124250870065e+03
1.592754876708029997e+03
1.660175406787029942e+03
1.593014084705670030e+03
1.659543988827050043e+03
1.758591047227080026e+03
1.625442052803389970e+03
1.692274662478670052e+03
1.658635983490360104e+03
1.692512220528389889e+03
1.658532172789899960e+03
1.592859922824279920e+03
1.691988369218480102e+03
1.759352474205810040e+03
1.726820152727030063e+03
1.658185201151779893e+03
1.692553741641100032e+03
1.725503261951779905e+03
1.558792664777899972e+03
1.659655905078529941e+03
1.592189061040930028e+03
1.658994288155889990e+03
1.693235704506130105e+03
1.694484075562299950e+03
1.626074535689559980e+03
1.659795950102349934e+03
1.691584931325689922e+03
1.725735028583460007e+03
1.692057643320430088e+03
1.692164876666309965e+03
1.627822993031039914e+03
1.659430009948410088e+03
1.793684644247779943e+03
1.659524906326540076e+03
1.692299628774969960e+03
1.590776535664979974e+03
1.691637512950240080e+03
1.625505431958870076e+03
1.726173254461350098e+03
1.725964681606490103e+03
1.660412992570139977e+03
1.658529688158279896e+03
1.592514369822619983e+03
1.691442371269869909e+03
1.592442320594770081e+03
1.726899478107369987e+03
1.727406190749059988e+03
1.726276640338390052e+03
1.759291050807679994e+03
1.627030654709820055e+03
1.625967260549570028e+03
1.523959508228680079e+03
1.726181972864209911e+03
1.592455227536160010e+03
1.626542364764070044e+03
1.659127205161950087e+03
1.658565819271160080e+03
1.591648749694199978e+03
1.691534796654960019e+03
1.625100052265979912e+03
1.658496993039570043e+03
1.625418956508669908e+03
1.726398966316849965e+03
1.658874044267560066e+03
1.559307448287780062e+03
1.724829013855890025e+03
1.794187640828630038e+03
1.589703289301980021e+03
1.659980760901170015e+03
1.726704816416840004e+03
1.626057734946580013e+03
1.691905868397700033e+03
1.560074909804370009e+03
1.658583193955570096e+03
1.693579384556589957e+03
1.760149816446129989e+03
1.659490204819240034e+03
1.625594508590189889e+03
1.626042807647110067e+03
1.624497914976690026e+03
1.659271210786090023e+03
1.591276072204909951e+03
1.693346207171560081e+03
1.625374422276479891e+03
1.592046685290139976e+03
1.692537884376170041e+03
1.593338517902589956e+03
1.692040115919249956e+03
1.726306624465200002e+03
1.690833538986069925e+03
1.626948786379809917e+03
1.625740646136800024e+03
1.558114342417550006e+03
1.526632659378359904e+03
1.692532355881920012e+03
1.725762402706209969e+03
1.592551791898240026e+03
1.824902678398749913e+03
1.727114531602479929e+03
1.625674160020329964e+03
1.592558984746269971e+03
1.658482187912580002e+03
1.658308011641300027e+03
1.626361746039129912e+03
1.725394866044990067e+03
1.560159317261329988e+03
1.726037290961879989e+03
1.626292064561170037e+03
1.725714573423319962e+03
1.593518227880849963e+03
1.724593361389539950e+03
1.626368734785680090e+03
1.659852355177750042e+03
1.594412288104670097e+03
1.627178468239090080e+03
1.726040418008489951e+03
1.624846794883180110e+03
1.692724638615130061e+03
1.659347713868510027e+03
1.659939419457349914e+03
1.659967031544129895e+03
1.725486900527560010e+03
1.592951865964540048e+03
1.559689308267529896e+03
1.524607399828520101e+03
1.792532281625829910e+03
1.691571803854619930e+03
1.660724101570950097e+03
1.526241729795870015e+03
1.592966929976619895e+03
1.658899324769160103e+03
1.724480473897459888e+03
1.725943809125730013e+03
1.692246285909350036e+03
1.660009928344619993e+03
1.727861192545670065e+03
1.526164690645050086e+03
1.526850745665849900e+03
1.624828358940739918e+03
1.792229728970150063e+03
1.759758074578169953e+03
1.625832724039589948e+03
1.659069447129219952e+03
1.726240772655409955e+03
1.693241523747780093e+03
1.659179053035449897e+03
1.625053514282710012e+03
1.560994261209529895e+03
1.693251431823299981e+03
1.726022870181950111e+03
1.560177998823950020e+03
1.692583426923150000e+03
1.626237364616830064e+03
1.626219691891129969e+03
1.759724829516509999e+03
1.726372918978499911e+03
1.627246255708560057e+03
1.659759562150680040e+03
1.692930098639689959e+03
1.593515870344929908e+03
1.724841489358989975e+03
1.658898091238210100e+03
1.659882976265650086e+03
1.692312146435439900e+03
1.692765291197800025e+03
1.693175137497340074e+03
1.559038475342980064e+03
1.659675975806640054e+03
1.726461241732700046e+03
1.592532083406609900e+03
1.726313049779670109e+03
1.759900961646940004e+03
1.860725890664810095e+03
1.592853370816329971e+03
1.659187028815309986e+03
1.694326360593669961e+03
1.693708511526360098e+03
1.692731262575269966e+03
1.693395688660450105e+03
1.726510025051389903e+03
1.593793818365659945e+03
1.725525201138960028e+03
1.625780929768189935e+03
1.591979236389820016e+03
1.525630363576739910e+03
1.692345500267480020e+03
1.759268687058329988e+03
1.660012587894209901e+03
1.560615248249270053e+03
1.726495106679099990e+03
1.725656339915469971e+03
1.760292090539149967e+03
1.692555069448480026e+03
1.659742230610610022e+03
1.660499034013660093e+03
1.693835458766779993e+03
1.760192289469689968e+03
1.693272510247699984e+03
1.626859663727690076e+03
1.626798352030340084e+03
1.626759067753449926e+03
1.593214812193009948e+03
1.627783181359040100e+03
1.693848705911050047e+03
1.727293740454359977e+03
1.658776391855149996e+03
1.659490112837399920e+03
1.659347692286529991e+03
1.693512607233310064e+03
1.626227097047810048e+03
1.561058474169760075e+03
1.726107955114360038e+03
1.626034784524490078e+03
1.659130578330810067e+03
1.660262368286520086e+03
1.658623542312260042e+03
1.761440458677129982e+03
1.661326400991900073e+03
1.726851528483610082e+03
1.759934654429629973e+03
1.658707721869480110e+03
1.659865877547149921e+03
1.660635645409369999e+03
1.559638914354439976e+03
1.760089689325400059e+03
1.760659080588940014e+03
1.692904913823869947e+03
1.625455923947359906e+03
1.758069255927689937e+03
1.725021824634169889e+03
1.627818347617170048e+03
1.626932315578359976e+03
1.694238401100159990e+03
1.658750749703790007e+03
1.793711285175570083e+03
1.725995431052929916e+03
1.693247552307979959e+03
1.692923770247260109e+03
1.727728712732460053e+03
1.662073288386769946e+03
1.626084887256250113e+03
1.659949971098520109e+03
1.692285968830240108e+03
1.693398661064730049e+03
1.727193058779160083e+03
1.628431803318700076e+03
1.660615099839020104e+03
1.593398152027740025e+03
1.727582885058149941e+03
1.626584735132820015e+03
1.724798668572379938e+03
1.659788607250379982e+03
1.793724925399729955e+03
1.595051846819389993e+03
1.692461431500659955e+03
1.660094771247429890e+03
1.626634434824600021e+03
1.593620402253349994e+03
1.659375236126970094e+03
1.659619118042119908e+03
1.661223139958030060e+03
1.727400067977089975e+03
1.726946249648699904e+03
1.727602005169919948e+03
1.658623227265029982e+03
1.726533361536600069e+03
1.758577837410110078e+03
1.760334136351559891e+03
1.693458622608540054e+03
1.626494117424510023e+03
1.560114812077860051e+03
1.627565085850739933e+03
1.625400546709910031e+03
1.726272411719349975e+03
1.592125168033820046e+03
1.760099744027500037e+03
1.626354444871320084e+03
1.725699898923259980e+03
1.659772577975049899e+03
1.693084674260800057e+03
1.727030911175470010e+03
1.727553511267110025e+03
1.692384190338319968e+03
1.527808384729870113e+03
1.760776408216529944e+03
1.693499379379999937e+03
1.694908238485229958e+03
1.625295926868340075e+03
1.593857695180259952e+03
1.693217919022880096e+03
1.626808158091200085e+03
1.760594172045159894e+03
1.693453607625900077e+03
1.693582070626340055e+03
1.692249254982169987e+03
1.658444126216990071e+03
1.692811119841549953e+03
1.761172551038589972e+03
1.693907604684670105e+03
1.627868652275250042e+03
1.759724896736679966e+03
1.693571223978160106e+03
1.659774724220630105e+03
1.693877303085789890e+03
1.593084227496799940e+03
1.626773494621640111e+03
1.726896537914230066e+03
1.761545541710140014e+03
1.759398226933429896e+03
1.760132607243969915e+03
1.658924798192449998e+03
1.726302706823709968e+03
1.627001008932109926e+03
1.594497810013170010e+03
1.660696883080850057e+03
1.626985963375070014e+03
1.725933228271069993e+03
1.626842459033349996e+03
1.694132970819649927e+03
1.693845696432829982e+03
1.627176687294150042e+03
1.794196295711449920e+03
1.693051290734669919e+03
1.660090971777269942e+03
1.659317187868919973e+03
1.660077765696800043e+03
1.627374459874019976e+03
1.662000938359740076e+03
1.661192241708389929e+03
1.594327309766400049e+03
1.693767619746339960e+03
1.558943424725380055e+03
1.626731421145490003e+03
1.627330815893810041e+03
1.793243240110170063e+03
1.693706084182199902e+03
1.694557848258810054e+03
1.660774689054989949e+03
1.726842973677139980e+03
1.759544278587379949e+03
1.660671308944170050e+03
1.660506016854890049e+03
1.728138415830650047e+03
1.694123475410669926e+03
1.728294666915390053e+03
1.694014239787409906e+03
1.759240378582880112e+03
1.661026634937049948e+03
1.727776840047479936e+03
1.726823383661929938e+03
1.661078205677240021e+03
1.659857691266520078e+03
1.560395312813420105e+03
1.627328561155560010e+03
1.658443344604909953e+03
